    1    3  0.0000E+00  0.0000E+00  0.0000E+00  0.0000E+00  0.0000E+00  0.0000E+00
    1    3  1.6075E-02  0.0000E+00  0.0000E+00  0.0000E+00  0.0000E+00  0.0000E+00
    1    3  6.6047E-02  0.0000E+00  0.0000E+00  0.0000E+00  0.0000E+00  0.0000E+00
    1    3  1.4002E-01  0.0000E+00  0.0000E+00  0.0000E+00  0.0000E+00  0.0000E+00
    1    3  2.1820E-01  0.0000E+00  0.0000E+00  0.0000E+00  0.0000E+00  0.0000E+00
    1    3  2.9654E-01  0.0000E+00  0.0000E+00  0.0000E+00  0.0000E+00  0.0000E+00
    1    3  3.7488E-01  0.0000E+00  0.0000E+00  0.0000E+00  0.0000E+00  0.0000E+00
    1    3  4.5322E-01  0.0000E+00  0.0000E+00  0.0000E+00  0.0000E+00  0.0000E+00
    1    3  5.3156E-01  0.0000E+00  0.0000E+00  0.0000E+00  0.0000E+00  0.0000E+00
    1    3  6.0990E-01  0.0000E+00  0.0000E+00  0.0000E+00  0.0000E+00  0.0000E+00
    1    3  6.8824E-01  0.0000E+00  0.0000E+00  0.0000E+00  0.0000E+00  0.0000E+00
    1    3  7.6658E-01  0.0000E+00  0.0000E+00  0.0000E+00  0.0000E+00  0.0000E+00
    1    3  8.4492E-01  0.0000E+00  0.0000E+00  0.0000E+00  0.0000E+00  0.0000E+00
    1    3  9.2327E-01  0.0000E+00  0.0000E+00  0.0000E+00  0.0000E+00  0.0000E+00
    1    3  1.0016E+00  0.0000E+00  0.0000E+00  0.0000E+00  0.0000E+00  0.0000E+00
    1    3  1.0799E+00  0.0000E+00  0.0000E+00  0.0000E+00  0.0000E+00  0.0000E+00
    1    3  1.1583E+00  0.0000E+00  0.0000E+00  0.0000E+00  0.0000E+00  0.0000E+00
    1    3  1.2366E+00  0.0000E+00  0.0000E+00  0.0000E+00  0.0000E+00  0.0000E+00
    1    3  1.3150E+00  0.0000E+00  0.0000E+00  0.0000E+00  0.0000E+00  0.0000E+00
    1    3  1.3933E+00  0.0000E+00  0.0000E+00  0.0000E+00  0.0000E+00  0.0000E+00
    1    3  1.4717E+00  0.0000E+00  0.0000E+00  0.0000E+00  0.0000E+00  0.0000E+00
    1    3  1.5500E+00  0.0000E+00  0.0000E+00  0.0000E+00  0.0000E+00  0.0000E+00
    1    3  1.6283E+00  0.0000E+00  0.0000E+00  0.0000E+00  0.0000E+00  0.0000E+00
    1    3  1.7067E+00  0.0000E+00  0.0000E+00  0.0000E+00  0.0000E+00  0.0000E+00
    1    3  1.7850E+00  0.0000E+00  0.0000E+00  0.0000E+00  0.0000E+00  0.0000E+00
    1    3  1.8634E+00  0.0000E+00  0.0000E+00  0.0000E+00  0.0000E+00  0.0000E+00
    1    3  1.9417E+00  0.0000E+00  0.0000E+00  0.0000E+00  0.0000E+00  0.0000E+00
