    1    3  0.0000E+00  0.0000E+00  0.0000E+00  0.0000E+00  0.0000E+00  0.0000E+00
    1    3  1.6074E-02  0.0000E+00  0.0000E+00  0.0000E+00  0.0000E+00  0.0000E+00
    1    3  6.5857E-02  0.0000E+00  0.0000E+00  0.0000E+00  0.0000E+00  0.0000E+00
    1    3  1.3933E-01  0.0000E+00  0.0000E+00  0.0000E+00  0.0000E+00  0.0000E+00
    1    3  2.1726E-01  0.0000E+00  0.0000E+00  0.0000E+00  0.0000E+00  0.0000E+00
    1    3  2.9535E-01  0.0000E+00  0.0000E+00  0.0000E+00  0.0000E+00  0.0000E+00
    1    3  3.7345E-01  0.0000E+00  0.0000E+00  0.0000E+00  0.0000E+00  0.0000E+00
    1    3  4.5155E-01  0.0000E+00  0.0000E+00  0.0000E+00  0.0000E+00  0.0000E+00
    1    3  5.2965E-01  0.0000E+00  0.0000E+00  0.0000E+00  0.0000E+00  0.0000E+00
    1    3  6.0775E-01  0.0000E+00  0.0000E+00  0.0000E+00  0.0000E+00  0.0000E+00
    1    3  6.8585E-01  0.0000E+00  0.0000E+00  0.0000E+00  0.0000E+00  0.0000E+00
    1    3  7.6395E-01  0.0000E+00  0.0000E+00  0.0000E+00  0.0000E+00  0.0000E+00
    1    3  8.4205E-01  0.0000E+00  0.0000E+00  0.0000E+00  0.0000E+00  0.0000E+00
    1    3  9.2015E-01  0.0000E+00  0.0000E+00  0.0000E+00  0.0000E+00  0.0000E+00
    1    3  9.9825E-01  0.0000E+00  0.0000E+00  0.0000E+00  0.0000E+00  0.0000E+00
    1    3  1.0763E+00  0.0000E+00  0.0000E+00  0.0000E+00  0.0000E+00  0.0000E+00
    1    3  1.1544E+00  0.0000E+00  0.0000E+00  0.0000E+00  0.0000E+00  0.0000E+00
    1    3  1.2325E+00  0.0000E+00  0.0000E+00  0.0000E+00  0.0000E+00  0.0000E+00
    1    3  1.3106E+00  0.0000E+00  0.0000E+00  0.0000E+00  0.0000E+00  0.0000E+00
    1    3  1.3887E+00  0.0000E+00  0.0000E+00  0.0000E+00  0.0000E+00  0.0000E+00
    1    3  1.4668E+00  0.0000E+00  0.0000E+00  0.0000E+00  0.0000E+00  0.0000E+00
    1    3  1.5449E+00  0.0000E+00  0.0000E+00  0.0000E+00  0.0000E+00  0.0000E+00
    1    3  1.6230E+00  0.0000E+00  0.0000E+00  0.0000E+00  0.0000E+00  0.0000E+00
    1    3  1.7011E+00  0.0000E+00  0.0000E+00  0.0000E+00  0.0000E+00  0.0000E+00
    1    3  1.7792E+00  0.0000E+00  0.0000E+00  0.0000E+00  0.0000E+00  0.0000E+00
    1    3  1.8573E+00  0.0000E+00  0.0000E+00  0.0000E+00  0.0000E+00  0.0000E+00
    1    3  1.9354E+00  0.0000E+00  0.0000E+00  0.0000E+00  0.0000E+00  0.0000E+00
