    1    3  0.0000E+00  0.0000E+00  0.0000E+00  0.0000E+00  0.0000E+00  0.0000E+00
    1    3  6.5434E-02  0.0000E+00  0.0000E+00  0.0000E+00  0.0000E+00  0.0000E+00
    1    3  2.1556E-01  0.0000E+00  0.0000E+00  0.0000E+00  0.0000E+00  0.0000E+00
    1    3  3.7023E-01  0.0000E+00  0.0000E+00  0.0000E+00  0.0000E+00  0.0000E+00
    1    3  5.2489E-01  0.0000E+00  0.0000E+00  0.0000E+00  0.0000E+00  0.0000E+00
    1    3  6.7956E-01  0.0000E+00  0.0000E+00  0.0000E+00  0.0000E+00  0.0000E+00
    1    3  8.3422E-01  0.0000E+00  0.0000E+00  0.0000E+00  0.0000E+00  0.0000E+00
    1    3  9.8889E-01  0.0000E+00  0.0000E+00  0.0000E+00  0.0000E+00  0.0000E+00
    1    3  1.1436E+00  0.0000E+00  0.0000E+00  0.0000E+00  0.0000E+00  0.0000E+00
    1    3  1.2982E+00  0.0000E+00  0.0000E+00  0.0000E+00  0.0000E+00  0.0000E+00
    1    3  1.4529E+00  0.0000E+00  0.0000E+00  0.0000E+00  0.0000E+00  0.0000E+00
    1    3  1.6076E+00  0.0000E+00  0.0000E+00  0.0000E+00  0.0000E+00  0.0000E+00
    1    3  1.7622E+00  0.0000E+00  0.0000E+00  0.0000E+00  0.0000E+00  0.0000E+00
    1    3  1.9169E+00  0.0000E+00  0.0000E+00  0.0000E+00  0.0000E+00  0.0000E+00
