    1    3  0.0000E+00  0.0000E+00  0.0000E+00  0.0000E+00  0.0000E+00  0.0000E+00
    1    3  9.9278E-04  0.0000E+00  0.0000E+00  0.0000E+00  0.0000E+00  0.0000E+00
    1    3  3.9817E-03  0.0000E+00  0.0000E+00  0.0000E+00  0.0000E+00  0.0000E+00
    1    3  8.9976E-03  0.0000E+00  0.0000E+00  0.0000E+00  0.0000E+00  0.0000E+00
    1    3  1.6088E-02  0.0000E+00  0.0000E+00  0.0000E+00  0.0000E+00  0.0000E+00
    1    3  2.5312E-02  0.0000E+00  0.0000E+00  0.0000E+00  0.0000E+00  0.0000E+00
    1    3  3.6715E-02  0.0000E+00  0.0000E+00  0.0000E+00  0.0000E+00  0.0000E+00
    1    3  5.0283E-02  0.0000E+00  0.0000E+00  0.0000E+00  0.0000E+00  0.0000E+00
    1    3  6.5900E-02  0.0000E+00  0.0000E+00  0.0000E+00  0.0000E+00  0.0000E+00
    1    3  8.3193E-02  0.0000E+00  0.0000E+00  0.0000E+00  0.0000E+00  0.0000E+00
    1    3  1.0166E-01  0.0000E+00  0.0000E+00  0.0000E+00  0.0000E+00  0.0000E+00
    1    3  1.2078E-01  0.0000E+00  0.0000E+00  0.0000E+00  0.0000E+00  0.0000E+00
    1    3  1.4022E-01  0.0000E+00  0.0000E+00  0.0000E+00  0.0000E+00  0.0000E+00
    1    3  1.5981E-01  0.0000E+00  0.0000E+00  0.0000E+00  0.0000E+00  0.0000E+00
    1    3  1.7947E-01  0.0000E+00  0.0000E+00  0.0000E+00  0.0000E+00  0.0000E+00
    1    3  1.9915E-01  0.0000E+00  0.0000E+00  0.0000E+00  0.0000E+00  0.0000E+00
    1    3  2.1884E-01  0.0000E+00  0.0000E+00  0.0000E+00  0.0000E+00  0.0000E+00
    1    3  2.3854E-01  0.0000E+00  0.0000E+00  0.0000E+00  0.0000E+00  0.0000E+00
    1    3  2.5823E-01  0.0000E+00  0.0000E+00  0.0000E+00  0.0000E+00  0.0000E+00
    1    3  2.7793E-01  0.0000E+00  0.0000E+00  0.0000E+00  0.0000E+00  0.0000E+00
    1    3  2.9763E-01  0.0000E+00  0.0000E+00  0.0000E+00  0.0000E+00  0.0000E+00
    1    3  3.1733E-01  0.0000E+00  0.0000E+00  0.0000E+00  0.0000E+00  0.0000E+00
    1    3  3.3703E-01  0.0000E+00  0.0000E+00  0.0000E+00  0.0000E+00  0.0000E+00
    1    3  3.5673E-01  0.0000E+00  0.0000E+00  0.0000E+00  0.0000E+00  0.0000E+00
    1    3  3.7643E-01  0.0000E+00  0.0000E+00  0.0000E+00  0.0000E+00  0.0000E+00
    1    3  3.9613E-01  0.0000E+00  0.0000E+00  0.0000E+00  0.0000E+00  0.0000E+00
    1    3  4.1583E-01  0.0000E+00  0.0000E+00  0.0000E+00  0.0000E+00  0.0000E+00
    1    3  4.3553E-01  0.0000E+00  0.0000E+00  0.0000E+00  0.0000E+00  0.0000E+00
    1    3  4.5523E-01  0.0000E+00  0.0000E+00  0.0000E+00  0.0000E+00  0.0000E+00
    1    3  4.7493E-01  0.0000E+00  0.0000E+00  0.0000E+00  0.0000E+00  0.0000E+00
    1    3  4.9463E-01  0.0000E+00  0.0000E+00  0.0000E+00  0.0000E+00  0.0000E+00
    1    3  5.1433E-01  0.0000E+00  0.0000E+00  0.0000E+00  0.0000E+00  0.0000E+00
    1    3  5.3403E-01  0.0000E+00  0.0000E+00  0.0000E+00  0.0000E+00  0.0000E+00
    1    3  5.5373E-01  0.0000E+00  0.0000E+00  0.0000E+00  0.0000E+00  0.0000E+00
    1    3  5.7343E-01  0.0000E+00  0.0000E+00  0.0000E+00  0.0000E+00  0.0000E+00
    1    3  5.9313E-01  0.0000E+00  0.0000E+00  0.0000E+00  0.0000E+00  0.0000E+00
    1    3  6.1283E-01  0.0000E+00  0.0000E+00  0.0000E+00  0.0000E+00  0.0000E+00
    1    3  6.3253E-01  0.0000E+00  0.0000E+00  0.0000E+00  0.0000E+00  0.0000E+00
    1    3  6.5222E-01  0.0000E+00  0.0000E+00  0.0000E+00  0.0000E+00  0.0000E+00
    1    3  6.7192E-01  0.0000E+00  0.0000E+00  0.0000E+00  0.0000E+00  0.0000E+00
    1    3  6.9162E-01  0.0000E+00  0.0000E+00  0.0000E+00  0.0000E+00  0.0000E+00
    1    3  7.1132E-01  0.0000E+00  0.0000E+00  0.0000E+00  0.0000E+00  0.0000E+00
    1    3  7.3102E-01  0.0000E+00  0.0000E+00  0.0000E+00  0.0000E+00  0.0000E+00
    1    3  7.5072E-01  0.0000E+00  0.0000E+00  0.0000E+00  0.0000E+00  0.0000E+00
    1    3  7.7042E-01  0.0000E+00  0.0000E+00  0.0000E+00  0.0000E+00  0.0000E+00
    1    3  7.9012E-01  0.0000E+00  0.0000E+00  0.0000E+00  0.0000E+00  0.0000E+00
    1    3  8.0982E-01  0.0000E+00  0.0000E+00  0.0000E+00  0.0000E+00  0.0000E+00
    1    3  8.2952E-01  0.0000E+00  0.0000E+00  0.0000E+00  0.0000E+00  0.0000E+00
    1    3  8.4922E-01  0.0000E+00  0.0000E+00  0.0000E+00  0.0000E+00  0.0000E+00
    1    3  8.6892E-01  0.0000E+00  0.0000E+00  0.0000E+00  0.0000E+00  0.0000E+00
    1    3  8.8862E-01  0.0000E+00  0.0000E+00  0.0000E+00  0.0000E+00  0.0000E+00
    1    3  9.0832E-01  0.0000E+00  0.0000E+00  0.0000E+00  0.0000E+00  0.0000E+00
    1    3  9.2802E-01  0.0000E+00  0.0000E+00  0.0000E+00  0.0000E+00  0.0000E+00
    1    3  9.4772E-01  0.0000E+00  0.0000E+00  0.0000E+00  0.0000E+00  0.0000E+00
    1    3  9.6742E-01  0.0000E+00  0.0000E+00  0.0000E+00  0.0000E+00  0.0000E+00
    1    3  9.8712E-01  0.0000E+00  0.0000E+00  0.0000E+00  0.0000E+00  0.0000E+00
    1    3  1.0068E+00  0.0000E+00  0.0000E+00  0.0000E+00  0.0000E+00  0.0000E+00
    1    3  1.0265E+00  0.0000E+00  0.0000E+00  0.0000E+00  0.0000E+00  0.0000E+00
    1    3  1.0462E+00  0.0000E+00  0.0000E+00  0.0000E+00  0.0000E+00  0.0000E+00
    1    3  1.0659E+00  0.0000E+00  0.0000E+00  0.0000E+00  0.0000E+00  0.0000E+00
    1    3  1.0856E+00  0.0000E+00  0.0000E+00  0.0000E+00  0.0000E+00  0.0000E+00
    1    3  1.1053E+00  0.0000E+00  0.0000E+00  0.0000E+00  0.0000E+00  0.0000E+00
    1    3  1.1250E+00  0.0000E+00  0.0000E+00  0.0000E+00  0.0000E+00  0.0000E+00
    1    3  1.1447E+00  0.0000E+00  0.0000E+00  0.0000E+00  0.0000E+00  0.0000E+00
    1    3  1.1644E+00  0.0000E+00  0.0000E+00  0.0000E+00  0.0000E+00  0.0000E+00
    1    3  1.1841E+00  0.0000E+00  0.0000E+00  0.0000E+00  0.0000E+00  0.0000E+00
    1    3  1.2038E+00  0.0000E+00  0.0000E+00  0.0000E+00  0.0000E+00  0.0000E+00
    1    3  1.2235E+00  0.0000E+00  0.0000E+00  0.0000E+00  0.0000E+00  0.0000E+00
    1    3  1.2432E+00  0.0000E+00  0.0000E+00  0.0000E+00  0.0000E+00  0.0000E+00
    1    3  1.2629E+00  0.0000E+00  0.0000E+00  0.0000E+00  0.0000E+00  0.0000E+00
    1    3  1.2826E+00  0.0000E+00  0.0000E+00  0.0000E+00  0.0000E+00  0.0000E+00
    1    3  1.3023E+00  0.0000E+00  0.0000E+00  0.0000E+00  0.0000E+00  0.0000E+00
    1    3  1.3220E+00  0.0000E+00  0.0000E+00  0.0000E+00  0.0000E+00  0.0000E+00
    1    3  1.3417E+00  0.0000E+00  0.0000E+00  0.0000E+00  0.0000E+00  0.0000E+00
    1    3  1.3614E+00  0.0000E+00  0.0000E+00  0.0000E+00  0.0000E+00  0.0000E+00
    1    3  1.3811E+00  0.0000E+00  0.0000E+00  0.0000E+00  0.0000E+00  0.0000E+00
    1    3  1.4008E+00  0.0000E+00  0.0000E+00  0.0000E+00  0.0000E+00  0.0000E+00
    1    3  1.4205E+00  0.0000E+00  0.0000E+00  0.0000E+00  0.0000E+00  0.0000E+00
    1    3  1.4402E+00  0.0000E+00  0.0000E+00  0.0000E+00  0.0000E+00  0.0000E+00
    1    3  1.4599E+00  0.0000E+00  0.0000E+00  0.0000E+00  0.0000E+00  0.0000E+00
    1    3  1.4796E+00  0.0000E+00  0.0000E+00  0.0000E+00  0.0000E+00  0.0000E+00
    1    3  1.4993E+00  0.0000E+00  0.0000E+00  0.0000E+00  0.0000E+00  0.0000E+00
    1    3  1.5190E+00  0.0000E+00  0.0000E+00  0.0000E+00  0.0000E+00  0.0000E+00
    1    3  1.5387E+00  0.0000E+00  0.0000E+00  0.0000E+00  0.0000E+00  0.0000E+00
    1    3  1.5584E+00  0.0000E+00  0.0000E+00  0.0000E+00  0.0000E+00  0.0000E+00
    1    3  1.5781E+00  0.0000E+00  0.0000E+00  0.0000E+00  0.0000E+00  0.0000E+00
    1    3  1.5978E+00  0.0000E+00  0.0000E+00  0.0000E+00  0.0000E+00  0.0000E+00
    1    3  1.6175E+00  0.0000E+00  0.0000E+00  0.0000E+00  0.0000E+00  0.0000E+00
    1    3  1.6372E+00  0.0000E+00  0.0000E+00  0.0000E+00  0.0000E+00  0.0000E+00
    1    3  1.6569E+00  0.0000E+00  0.0000E+00  0.0000E+00  0.0000E+00  0.0000E+00
    1    3  1.6766E+00  0.0000E+00  0.0000E+00  0.0000E+00  0.0000E+00  0.0000E+00
    1    3  1.6963E+00  0.0000E+00  0.0000E+00  0.0000E+00  0.0000E+00  0.0000E+00
    1    3  1.7160E+00  0.0000E+00  0.0000E+00  0.0000E+00  0.0000E+00  0.0000E+00
    1    3  1.7357E+00  0.0000E+00  0.0000E+00  0.0000E+00  0.0000E+00  0.0000E+00
    1    3  1.7554E+00  0.0000E+00  0.0000E+00  0.0000E+00  0.0000E+00  0.0000E+00
    1    3  1.7751E+00  0.0000E+00  0.0000E+00  0.0000E+00  0.0000E+00  0.0000E+00
    1    3  1.7948E+00  0.0000E+00  0.0000E+00  0.0000E+00  0.0000E+00  0.0000E+00
    1    3  1.8145E+00  0.0000E+00  0.0000E+00  0.0000E+00  0.0000E+00  0.0000E+00
    1    3  1.8342E+00  0.0000E+00  0.0000E+00  0.0000E+00  0.0000E+00  0.0000E+00
    1    3  1.8539E+00  0.0000E+00  0.0000E+00  0.0000E+00  0.0000E+00  0.0000E+00
    1    3  1.8736E+00  0.0000E+00  0.0000E+00  0.0000E+00  0.0000E+00  0.0000E+00
    1    3  1.8933E+00  0.0000E+00  0.0000E+00  0.0000E+00  0.0000E+00  0.0000E+00
    1    3  1.9130E+00  0.0000E+00  0.0000E+00  0.0000E+00  0.0000E+00  0.0000E+00
    1    3  1.9327E+00  0.0000E+00  0.0000E+00  0.0000E+00  0.0000E+00  0.0000E+00
    1    3  1.9524E+00  0.0000E+00  0.0000E+00  0.0000E+00  0.0000E+00  0.0000E+00
    1    3  1.9721E+00  0.0000E+00  0.0000E+00  0.0000E+00  0.0000E+00  0.0000E+00
