    1    3  0.0000E+00  0.0000E+00  0.0000E+00  0.0000E+00  0.0000E+00  0.0000E+00
    1    3  6.1997E-05  0.0000E+00  0.0000E+00  0.0000E+00  0.0000E+00  0.0000E+00
    1    3  2.4803E-04  0.0000E+00  0.0000E+00  0.0000E+00  0.0000E+00  0.0000E+00
    1    3  5.5822E-04  0.0000E+00  0.0000E+00  0.0000E+00  0.0000E+00  0.0000E+00
    1    3  9.9277E-04  0.0000E+00  0.0000E+00  0.0000E+00  0.0000E+00  0.0000E+00
    1    3  1.5520E-03  0.0000E+00  0.0000E+00  0.0000E+00  0.0000E+00  0.0000E+00
    1    3  2.2362E-03  0.0000E+00  0.0000E+00  0.0000E+00  0.0000E+00  0.0000E+00
    1    3  3.0458E-03  0.0000E+00  0.0000E+00  0.0000E+00  0.0000E+00  0.0000E+00
    1    3  3.9815E-03  0.0000E+00  0.0000E+00  0.0000E+00  0.0000E+00  0.0000E+00
    1    3  5.0436E-03  0.0000E+00  0.0000E+00  0.0000E+00  0.0000E+00  0.0000E+00
    1    3  6.2330E-03  0.0000E+00  0.0000E+00  0.0000E+00  0.0000E+00  0.0000E+00
    1    3  7.5503E-03  0.0000E+00  0.0000E+00  0.0000E+00  0.0000E+00  0.0000E+00
    1    3  8.9963E-03  0.0000E+00  0.0000E+00  0.0000E+00  0.0000E+00  0.0000E+00
    1    3  1.0572E-02  0.0000E+00  0.0000E+00  0.0000E+00  0.0000E+00  0.0000E+00
    1    3  1.2278E-02  0.0000E+00  0.0000E+00  0.0000E+00  0.0000E+00  0.0000E+00
    1    3  1.4115E-02  0.0000E+00  0.0000E+00  0.0000E+00  0.0000E+00  0.0000E+00
    1    3  1.6085E-02  0.0000E+00  0.0000E+00  0.0000E+00  0.0000E+00  0.0000E+00
    1    3  1.8188E-02  0.0000E+00  0.0000E+00  0.0000E+00  0.0000E+00  0.0000E+00
    1    3  2.0426E-02  0.0000E+00  0.0000E+00  0.0000E+00  0.0000E+00  0.0000E+00
    1    3  2.2799E-02  0.0000E+00  0.0000E+00  0.0000E+00  0.0000E+00  0.0000E+00
    1    3  2.5308E-02  0.0000E+00  0.0000E+00  0.0000E+00  0.0000E+00  0.0000E+00
    1    3  2.7955E-02  0.0000E+00  0.0000E+00  0.0000E+00  0.0000E+00  0.0000E+00
    1    3  3.0739E-02  0.0000E+00  0.0000E+00  0.0000E+00  0.0000E+00  0.0000E+00
    1    3  3.3662E-02  0.0000E+00  0.0000E+00  0.0000E+00  0.0000E+00  0.0000E+00
    1    3  3.6724E-02  0.0000E+00  0.0000E+00  0.0000E+00  0.0000E+00  0.0000E+00
    1    3  3.9924E-02  0.0000E+00  0.0000E+00  0.0000E+00  0.0000E+00  0.0000E+00
    1    3  4.3261E-02  0.0000E+00  0.0000E+00  0.0000E+00  0.0000E+00  0.0000E+00
    1    3  4.6736E-02  0.0000E+00  0.0000E+00  0.0000E+00  0.0000E+00  0.0000E+00
    1    3  5.0345E-02  0.0000E+00  0.0000E+00  0.0000E+00  0.0000E+00  0.0000E+00
    1    3  5.4086E-02  0.0000E+00  0.0000E+00  0.0000E+00  0.0000E+00  0.0000E+00
    1    3  5.7955E-02  0.0000E+00  0.0000E+00  0.0000E+00  0.0000E+00  0.0000E+00
    1    3  6.1946E-02  0.0000E+00  0.0000E+00  0.0000E+00  0.0000E+00  0.0000E+00
    1    3  6.6054E-02  0.0000E+00  0.0000E+00  0.0000E+00  0.0000E+00  0.0000E+00
    1    3  7.0270E-02  0.0000E+00  0.0000E+00  0.0000E+00  0.0000E+00  0.0000E+00
    1    3  7.4587E-02  0.0000E+00  0.0000E+00  0.0000E+00  0.0000E+00  0.0000E+00
    1    3  7.8995E-02  0.0000E+00  0.0000E+00  0.0000E+00  0.0000E+00  0.0000E+00
    1    3  8.3483E-02  0.0000E+00  0.0000E+00  0.0000E+00  0.0000E+00  0.0000E+00
    1    3  8.8043E-02  0.0000E+00  0.0000E+00  0.0000E+00  0.0000E+00  0.0000E+00
    1    3  9.2665E-02  0.0000E+00  0.0000E+00  0.0000E+00  0.0000E+00  0.0000E+00
    1    3  9.7340E-02  0.0000E+00  0.0000E+00  0.0000E+00  0.0000E+00  0.0000E+00
    1    3  1.0206E-01  0.0000E+00  0.0000E+00  0.0000E+00  0.0000E+00  0.0000E+00
    1    3  1.0682E-01  0.0000E+00  0.0000E+00  0.0000E+00  0.0000E+00  0.0000E+00
    1    3  1.1161E-01  0.0000E+00  0.0000E+00  0.0000E+00  0.0000E+00  0.0000E+00
    1    3  1.1642E-01  0.0000E+00  0.0000E+00  0.0000E+00  0.0000E+00  0.0000E+00
    1    3  1.2126E-01  0.0000E+00  0.0000E+00  0.0000E+00  0.0000E+00  0.0000E+00
    1    3  1.2611E-01  0.0000E+00  0.0000E+00  0.0000E+00  0.0000E+00  0.0000E+00
    1    3  1.3098E-01  0.0000E+00  0.0000E+00  0.0000E+00  0.0000E+00  0.0000E+00
    1    3  1.3586E-01  0.0000E+00  0.0000E+00  0.0000E+00  0.0000E+00  0.0000E+00
    1    3  1.4075E-01  0.0000E+00  0.0000E+00  0.0000E+00  0.0000E+00  0.0000E+00
    1    3  1.4565E-01  0.0000E+00  0.0000E+00  0.0000E+00  0.0000E+00  0.0000E+00
    1    3  1.5055E-01  0.0000E+00  0.0000E+00  0.0000E+00  0.0000E+00  0.0000E+00
    1    3  1.5546E-01  0.0000E+00  0.0000E+00  0.0000E+00  0.0000E+00  0.0000E+00
    1    3  1.6037E-01  0.0000E+00  0.0000E+00  0.0000E+00  0.0000E+00  0.0000E+00
    1    3  1.6529E-01  0.0000E+00  0.0000E+00  0.0000E+00  0.0000E+00  0.0000E+00
    1    3  1.7021E-01  0.0000E+00  0.0000E+00  0.0000E+00  0.0000E+00  0.0000E+00
    1    3  1.7513E-01  0.0000E+00  0.0000E+00  0.0000E+00  0.0000E+00  0.0000E+00
    1    3  1.8006E-01  0.0000E+00  0.0000E+00  0.0000E+00  0.0000E+00  0.0000E+00
    1    3  1.8498E-01  0.0000E+00  0.0000E+00  0.0000E+00  0.0000E+00  0.0000E+00
    1    3  1.8991E-01  0.0000E+00  0.0000E+00  0.0000E+00  0.0000E+00  0.0000E+00
    1    3  1.9484E-01  0.0000E+00  0.0000E+00  0.0000E+00  0.0000E+00  0.0000E+00
    1    3  1.9976E-01  0.0000E+00  0.0000E+00  0.0000E+00  0.0000E+00  0.0000E+00
    1    3  2.0469E-01  0.0000E+00  0.0000E+00  0.0000E+00  0.0000E+00  0.0000E+00
    1    3  2.0962E-01  0.0000E+00  0.0000E+00  0.0000E+00  0.0000E+00  0.0000E+00
    1    3  2.1455E-01  0.0000E+00  0.0000E+00  0.0000E+00  0.0000E+00  0.0000E+00
    1    3  2.1948E-01  0.0000E+00  0.0000E+00  0.0000E+00  0.0000E+00  0.0000E+00
    1    3  2.2441E-01  0.0000E+00  0.0000E+00  0.0000E+00  0.0000E+00  0.0000E+00
    1    3  2.2934E-01  0.0000E+00  0.0000E+00  0.0000E+00  0.0000E+00  0.0000E+00
    1    3  2.3427E-01  0.0000E+00  0.0000E+00  0.0000E+00  0.0000E+00  0.0000E+00
    1    3  2.3920E-01  0.0000E+00  0.0000E+00  0.0000E+00  0.0000E+00  0.0000E+00
    1    3  2.4413E-01  0.0000E+00  0.0000E+00  0.0000E+00  0.0000E+00  0.0000E+00
    1    3  2.4906E-01  0.0000E+00  0.0000E+00  0.0000E+00  0.0000E+00  0.0000E+00
    1    3  2.5399E-01  0.0000E+00  0.0000E+00  0.0000E+00  0.0000E+00  0.0000E+00
    1    3  2.5893E-01  0.0000E+00  0.0000E+00  0.0000E+00  0.0000E+00  0.0000E+00
    1    3  2.6386E-01  0.0000E+00  0.0000E+00  0.0000E+00  0.0000E+00  0.0000E+00
    1    3  2.6879E-01  0.0000E+00  0.0000E+00  0.0000E+00  0.0000E+00  0.0000E+00
    1    3  2.7372E-01  0.0000E+00  0.0000E+00  0.0000E+00  0.0000E+00  0.0000E+00
    1    3  2.7865E-01  0.0000E+00  0.0000E+00  0.0000E+00  0.0000E+00  0.0000E+00
    1    3  2.8358E-01  0.0000E+00  0.0000E+00  0.0000E+00  0.0000E+00  0.0000E+00
    1    3  2.8851E-01  0.0000E+00  0.0000E+00  0.0000E+00  0.0000E+00  0.0000E+00
    1    3  2.9344E-01  0.0000E+00  0.0000E+00  0.0000E+00  0.0000E+00  0.0000E+00
    1    3  2.9837E-01  0.0000E+00  0.0000E+00  0.0000E+00  0.0000E+00  0.0000E+00
    1    3  3.0330E-01  0.0000E+00  0.0000E+00  0.0000E+00  0.0000E+00  0.0000E+00
    1    3  3.0823E-01  0.0000E+00  0.0000E+00  0.0000E+00  0.0000E+00  0.0000E+00
    1    3  3.1316E-01  0.0000E+00  0.0000E+00  0.0000E+00  0.0000E+00  0.0000E+00
    1    3  3.1810E-01  0.0000E+00  0.0000E+00  0.0000E+00  0.0000E+00  0.0000E+00
    1    3  3.2303E-01  0.0000E+00  0.0000E+00  0.0000E+00  0.0000E+00  0.0000E+00
    1    3  3.2796E-01  0.0000E+00  0.0000E+00  0.0000E+00  0.0000E+00  0.0000E+00
    1    3  3.3289E-01  0.0000E+00  0.0000E+00  0.0000E+00  0.0000E+00  0.0000E+00
    1    3  3.3782E-01  0.0000E+00  0.0000E+00  0.0000E+00  0.0000E+00  0.0000E+00
    1    3  3.4275E-01  0.0000E+00  0.0000E+00  0.0000E+00  0.0000E+00  0.0000E+00
    1    3  3.4768E-01  0.0000E+00  0.0000E+00  0.0000E+00  0.0000E+00  0.0000E+00
    1    3  3.5261E-01  0.0000E+00  0.0000E+00  0.0000E+00  0.0000E+00  0.0000E+00
    1    3  3.5754E-01  0.0000E+00  0.0000E+00  0.0000E+00  0.0000E+00  0.0000E+00
    1    3  3.6247E-01  0.0000E+00  0.0000E+00  0.0000E+00  0.0000E+00  0.0000E+00
    1    3  3.6740E-01  0.0000E+00  0.0000E+00  0.0000E+00  0.0000E+00  0.0000E+00
    1    3  3.7234E-01  0.0000E+00  0.0000E+00  0.0000E+00  0.0000E+00  0.0000E+00
    1    3  3.7727E-01  0.0000E+00  0.0000E+00  0.0000E+00  0.0000E+00  0.0000E+00
    1    3  3.8220E-01  0.0000E+00  0.0000E+00  0.0000E+00  0.0000E+00  0.0000E+00
    1    3  3.8713E-01  0.0000E+00  0.0000E+00  0.0000E+00  0.0000E+00  0.0000E+00
    1    3  3.9206E-01  0.0000E+00  0.0000E+00  0.0000E+00  0.0000E+00  0.0000E+00
    1    3  3.9699E-01  0.0000E+00  0.0000E+00  0.0000E+00  0.0000E+00  0.0000E+00
    1    3  4.0192E-01  0.0000E+00  0.0000E+00  0.0000E+00  0.0000E+00  0.0000E+00
    1    3  4.0685E-01  0.0000E+00  0.0000E+00  0.0000E+00  0.0000E+00  0.0000E+00
    1    3  4.1178E-01  0.0000E+00  0.0000E+00  0.0000E+00  0.0000E+00  0.0000E+00
    1    3  4.1671E-01  0.0000E+00  0.0000E+00  0.0000E+00  0.0000E+00  0.0000E+00
    1    3  4.2164E-01  0.0000E+00  0.0000E+00  0.0000E+00  0.0000E+00  0.0000E+00
    1    3  4.2658E-01  0.0000E+00  0.0000E+00  0.0000E+00  0.0000E+00  0.0000E+00
    1    3  4.3151E-01  0.0000E+00  0.0000E+00  0.0000E+00  0.0000E+00  0.0000E+00
    1    3  4.3644E-01  0.0000E+00  0.0000E+00  0.0000E+00  0.0000E+00  0.0000E+00
    1    3  4.4137E-01  0.0000E+00  0.0000E+00  0.0000E+00  0.0000E+00  0.0000E+00
    1    3  4.4630E-01  0.0000E+00  0.0000E+00  0.0000E+00  0.0000E+00  0.0000E+00
    1    3  4.5123E-01  0.0000E+00  0.0000E+00  0.0000E+00  0.0000E+00  0.0000E+00
    1    3  4.5616E-01  0.0000E+00  0.0000E+00  0.0000E+00  0.0000E+00  0.0000E+00
    1    3  4.6109E-01  0.0000E+00  0.0000E+00  0.0000E+00  0.0000E+00  0.0000E+00
    1    3  4.6602E-01  0.0000E+00  0.0000E+00  0.0000E+00  0.0000E+00  0.0000E+00
    1    3  4.7095E-01  0.0000E+00  0.0000E+00  0.0000E+00  0.0000E+00  0.0000E+00
    1    3  4.7588E-01  0.0000E+00  0.0000E+00  0.0000E+00  0.0000E+00  0.0000E+00
    1    3  4.8082E-01  0.0000E+00  0.0000E+00  0.0000E+00  0.0000E+00  0.0000E+00
    1    3  4.8575E-01  0.0000E+00  0.0000E+00  0.0000E+00  0.0000E+00  0.0000E+00
    1    3  4.9068E-01  0.0000E+00  0.0000E+00  0.0000E+00  0.0000E+00  0.0000E+00
    1    3  4.9561E-01  0.0000E+00  0.0000E+00  0.0000E+00  0.0000E+00  0.0000E+00
    1    3  5.0054E-01  0.0000E+00  0.0000E+00  0.0000E+00  0.0000E+00  0.0000E+00
    1    3  5.0547E-01  0.0000E+00  0.0000E+00  0.0000E+00  0.0000E+00  0.0000E+00
    1    3  5.1040E-01  0.0000E+00  0.0000E+00  0.0000E+00  0.0000E+00  0.0000E+00
    1    3  5.1533E-01  0.0000E+00  0.0000E+00  0.0000E+00  0.0000E+00  0.0000E+00
    1    3  5.2026E-01  0.0000E+00  0.0000E+00  0.0000E+00  0.0000E+00  0.0000E+00
    1    3  5.2519E-01  0.0000E+00  0.0000E+00  0.0000E+00  0.0000E+00  0.0000E+00
    1    3  5.3012E-01  0.0000E+00  0.0000E+00  0.0000E+00  0.0000E+00  0.0000E+00
    1    3  5.3506E-01  0.0000E+00  0.0000E+00  0.0000E+00  0.0000E+00  0.0000E+00
    1    3  5.3999E-01  0.0000E+00  0.0000E+00  0.0000E+00  0.0000E+00  0.0000E+00
    1    3  5.4492E-01  0.0000E+00  0.0000E+00  0.0000E+00  0.0000E+00  0.0000E+00
    1    3  5.4985E-01  0.0000E+00  0.0000E+00  0.0000E+00  0.0000E+00  0.0000E+00
    1    3  5.5478E-01  0.0000E+00  0.0000E+00  0.0000E+00  0.0000E+00  0.0000E+00
    1    3  5.5971E-01  0.0000E+00  0.0000E+00  0.0000E+00  0.0000E+00  0.0000E+00
    1    3  5.6464E-01  0.0000E+00  0.0000E+00  0.0000E+00  0.0000E+00  0.0000E+00
    1    3  5.6957E-01  0.0000E+00  0.0000E+00  0.0000E+00  0.0000E+00  0.0000E+00
    1    3  5.7450E-01  0.0000E+00  0.0000E+00  0.0000E+00  0.0000E+00  0.0000E+00
    1    3  5.7943E-01  0.0000E+00  0.0000E+00  0.0000E+00  0.0000E+00  0.0000E+00
    1    3  5.8436E-01  0.0000E+00  0.0000E+00  0.0000E+00  0.0000E+00  0.0000E+00
    1    3  5.8930E-01  0.0000E+00  0.0000E+00  0.0000E+00  0.0000E+00  0.0000E+00
    1    3  5.9423E-01  0.0000E+00  0.0000E+00  0.0000E+00  0.0000E+00  0.0000E+00
    1    3  5.9916E-01  0.0000E+00  0.0000E+00  0.0000E+00  0.0000E+00  0.0000E+00
    1    3  6.0409E-01  0.0000E+00  0.0000E+00  0.0000E+00  0.0000E+00  0.0000E+00
    1    3  6.0902E-01  0.0000E+00  0.0000E+00  0.0000E+00  0.0000E+00  0.0000E+00
    1    3  6.1395E-01  0.0000E+00  0.0000E+00  0.0000E+00  0.0000E+00  0.0000E+00
    1    3  6.1888E-01  0.0000E+00  0.0000E+00  0.0000E+00  0.0000E+00  0.0000E+00
    1    3  6.2381E-01  0.0000E+00  0.0000E+00  0.0000E+00  0.0000E+00  0.0000E+00
    1    3  6.2874E-01  0.0000E+00  0.0000E+00  0.0000E+00  0.0000E+00  0.0000E+00
    1    3  6.3367E-01  0.0000E+00  0.0000E+00  0.0000E+00  0.0000E+00  0.0000E+00
    1    3  6.3860E-01  0.0000E+00  0.0000E+00  0.0000E+00  0.0000E+00  0.0000E+00
    1    3  6.4354E-01  0.0000E+00  0.0000E+00  0.0000E+00  0.0000E+00  0.0000E+00
    1    3  6.4847E-01  0.0000E+00  0.0000E+00  0.0000E+00  0.0000E+00  0.0000E+00
    1    3  6.5340E-01  0.0000E+00  0.0000E+00  0.0000E+00  0.0000E+00  0.0000E+00
    1    3  6.5833E-01  0.0000E+00  0.0000E+00  0.0000E+00  0.0000E+00  0.0000E+00
    1    3  6.6326E-01  0.0000E+00  0.0000E+00  0.0000E+00  0.0000E+00  0.0000E+00
    1    3  6.6819E-01  0.0000E+00  0.0000E+00  0.0000E+00  0.0000E+00  0.0000E+00
    1    3  6.7312E-01  0.0000E+00  0.0000E+00  0.0000E+00  0.0000E+00  0.0000E+00
    1    3  6.7805E-01  0.0000E+00  0.0000E+00  0.0000E+00  0.0000E+00  0.0000E+00
    1    3  6.8298E-01  0.0000E+00  0.0000E+00  0.0000E+00  0.0000E+00  0.0000E+00
    1    3  6.8791E-01  0.0000E+00  0.0000E+00  0.0000E+00  0.0000E+00  0.0000E+00
    1    3  6.9284E-01  0.0000E+00  0.0000E+00  0.0000E+00  0.0000E+00  0.0000E+00
    1    3  6.9778E-01  0.0000E+00  0.0000E+00  0.0000E+00  0.0000E+00  0.0000E+00
    1    3  7.0271E-01  0.0000E+00  0.0000E+00  0.0000E+00  0.0000E+00  0.0000E+00
    1    3  7.0764E-01  0.0000E+00  0.0000E+00  0.0000E+00  0.0000E+00  0.0000E+00
    1    3  7.1257E-01  0.0000E+00  0.0000E+00  0.0000E+00  0.0000E+00  0.0000E+00
    1    3  7.1750E-01  0.0000E+00  0.0000E+00  0.0000E+00  0.0000E+00  0.0000E+00
    1    3  7.2243E-01  0.0000E+00  0.0000E+00  0.0000E+00  0.0000E+00  0.0000E+00
    1    3  7.2736E-01  0.0000E+00  0.0000E+00  0.0000E+00  0.0000E+00  0.0000E+00
    1    3  7.3229E-01  0.0000E+00  0.0000E+00  0.0000E+00  0.0000E+00  0.0000E+00
    1    3  7.3722E-01  0.0000E+00  0.0000E+00  0.0000E+00  0.0000E+00  0.0000E+00
    1    3  7.4215E-01  0.0000E+00  0.0000E+00  0.0000E+00  0.0000E+00  0.0000E+00
    1    3  7.4708E-01  0.0000E+00  0.0000E+00  0.0000E+00  0.0000E+00  0.0000E+00
    1    3  7.5202E-01  0.0000E+00  0.0000E+00  0.0000E+00  0.0000E+00  0.0000E+00
    1    3  7.5695E-01  0.0000E+00  0.0000E+00  0.0000E+00  0.0000E+00  0.0000E+00
    1    3  7.6188E-01  0.0000E+00  0.0000E+00  0.0000E+00  0.0000E+00  0.0000E+00
    1    3  7.6681E-01  0.0000E+00  0.0000E+00  0.0000E+00  0.0000E+00  0.0000E+00
    1    3  7.7174E-01  0.0000E+00  0.0000E+00  0.0000E+00  0.0000E+00  0.0000E+00
    1    3  7.7667E-01  0.0000E+00  0.0000E+00  0.0000E+00  0.0000E+00  0.0000E+00
    1    3  7.8160E-01  0.0000E+00  0.0000E+00  0.0000E+00  0.0000E+00  0.0000E+00
    1    3  7.8653E-01  0.0000E+00  0.0000E+00  0.0000E+00  0.0000E+00  0.0000E+00
    1    3  7.9146E-01  0.0000E+00  0.0000E+00  0.0000E+00  0.0000E+00  0.0000E+00
    1    3  7.9639E-01  0.0000E+00  0.0000E+00  0.0000E+00  0.0000E+00  0.0000E+00
    1    3  8.0132E-01  0.0000E+00  0.0000E+00  0.0000E+00  0.0000E+00  0.0000E+00
    1    3  8.0625E-01  0.0000E+00  0.0000E+00  0.0000E+00  0.0000E+00  0.0000E+00
    1    3  8.1119E-01  0.0000E+00  0.0000E+00  0.0000E+00  0.0000E+00  0.0000E+00
    1    3  8.1612E-01  0.0000E+00  0.0000E+00  0.0000E+00  0.0000E+00  0.0000E+00
    1    3  8.2105E-01  0.0000E+00  0.0000E+00  0.0000E+00  0.0000E+00  0.0000E+00
    1    3  8.2598E-01  0.0000E+00  0.0000E+00  0.0000E+00  0.0000E+00  0.0000E+00
    1    3  8.3091E-01  0.0000E+00  0.0000E+00  0.0000E+00  0.0000E+00  0.0000E+00
    1    3  8.3584E-01  0.0000E+00  0.0000E+00  0.0000E+00  0.0000E+00  0.0000E+00
    1    3  8.4077E-01  0.0000E+00  0.0000E+00  0.0000E+00  0.0000E+00  0.0000E+00
    1    3  8.4570E-01  0.0000E+00  0.0000E+00  0.0000E+00  0.0000E+00  0.0000E+00
    1    3  8.5063E-01  0.0000E+00  0.0000E+00  0.0000E+00  0.0000E+00  0.0000E+00
    1    3  8.5556E-01  0.0000E+00  0.0000E+00  0.0000E+00  0.0000E+00  0.0000E+00
    1    3  8.6049E-01  0.0000E+00  0.0000E+00  0.0000E+00  0.0000E+00  0.0000E+00
    1    3  8.6543E-01  0.0000E+00  0.0000E+00  0.0000E+00  0.0000E+00  0.0000E+00
    1    3  8.7036E-01  0.0000E+00  0.0000E+00  0.0000E+00  0.0000E+00  0.0000E+00
    1    3  8.7529E-01  0.0000E+00  0.0000E+00  0.0000E+00  0.0000E+00  0.0000E+00
    1    3  8.8022E-01  0.0000E+00  0.0000E+00  0.0000E+00  0.0000E+00  0.0000E+00
    1    3  8.8515E-01  0.0000E+00  0.0000E+00  0.0000E+00  0.0000E+00  0.0000E+00
    1    3  8.9008E-01  0.0000E+00  0.0000E+00  0.0000E+00  0.0000E+00  0.0000E+00
    1    3  8.9501E-01  0.0000E+00  0.0000E+00  0.0000E+00  0.0000E+00  0.0000E+00
    1    3  8.9994E-01  0.0000E+00  0.0000E+00  0.0000E+00  0.0000E+00  0.0000E+00
    1    3  9.0487E-01  0.0000E+00  0.0000E+00  0.0000E+00  0.0000E+00  0.0000E+00
    1    3  9.0980E-01  0.0000E+00  0.0000E+00  0.0000E+00  0.0000E+00  0.0000E+00
    1    3  9.1473E-01  0.0000E+00  0.0000E+00  0.0000E+00  0.0000E+00  0.0000E+00
    1    3  9.1967E-01  0.0000E+00  0.0000E+00  0.0000E+00  0.0000E+00  0.0000E+00
    1    3  9.2460E-01  0.0000E+00  0.0000E+00  0.0000E+00  0.0000E+00  0.0000E+00
    1    3  9.2953E-01  0.0000E+00  0.0000E+00  0.0000E+00  0.0000E+00  0.0000E+00
    1    3  9.3446E-01  0.0000E+00  0.0000E+00  0.0000E+00  0.0000E+00  0.0000E+00
    1    3  9.3939E-01  0.0000E+00  0.0000E+00  0.0000E+00  0.0000E+00  0.0000E+00
    1    3  9.4432E-01  0.0000E+00  0.0000E+00  0.0000E+00  0.0000E+00  0.0000E+00
    1    3  9.4925E-01  0.0000E+00  0.0000E+00  0.0000E+00  0.0000E+00  0.0000E+00
    1    3  9.5418E-01  0.0000E+00  0.0000E+00  0.0000E+00  0.0000E+00  0.0000E+00
    1    3  9.5911E-01  0.0000E+00  0.0000E+00  0.0000E+00  0.0000E+00  0.0000E+00
    1    3  9.6404E-01  0.0000E+00  0.0000E+00  0.0000E+00  0.0000E+00  0.0000E+00
    1    3  9.6897E-01  0.0000E+00  0.0000E+00  0.0000E+00  0.0000E+00  0.0000E+00
    1    3  9.7391E-01  0.0000E+00  0.0000E+00  0.0000E+00  0.0000E+00  0.0000E+00
    1    3  9.7884E-01  0.0000E+00  0.0000E+00  0.0000E+00  0.0000E+00  0.0000E+00
    1    3  9.8377E-01  0.0000E+00  0.0000E+00  0.0000E+00  0.0000E+00  0.0000E+00
    1    3  9.8870E-01  0.0000E+00  0.0000E+00  0.0000E+00  0.0000E+00  0.0000E+00
    1    3  9.9363E-01  0.0000E+00  0.0000E+00  0.0000E+00  0.0000E+00  0.0000E+00
    1    3  9.9856E-01  0.0000E+00  0.0000E+00  0.0000E+00  0.0000E+00  0.0000E+00
    1    3  1.0035E+00  0.0000E+00  0.0000E+00  0.0000E+00  0.0000E+00  0.0000E+00
    1    3  1.0084E+00  0.0000E+00  0.0000E+00  0.0000E+00  0.0000E+00  0.0000E+00
    1    3  1.0134E+00  0.0000E+00  0.0000E+00  0.0000E+00  0.0000E+00  0.0000E+00
    1    3  1.0183E+00  0.0000E+00  0.0000E+00  0.0000E+00  0.0000E+00  0.0000E+00
    1    3  1.0232E+00  0.0000E+00  0.0000E+00  0.0000E+00  0.0000E+00  0.0000E+00
    1    3  1.0281E+00  0.0000E+00  0.0000E+00  0.0000E+00  0.0000E+00  0.0000E+00
    1    3  1.0331E+00  0.0000E+00  0.0000E+00  0.0000E+00  0.0000E+00  0.0000E+00
    1    3  1.0380E+00  0.0000E+00  0.0000E+00  0.0000E+00  0.0000E+00  0.0000E+00
    1    3  1.0429E+00  0.0000E+00  0.0000E+00  0.0000E+00  0.0000E+00  0.0000E+00
    1    3  1.0479E+00  0.0000E+00  0.0000E+00  0.0000E+00  0.0000E+00  0.0000E+00
    1    3  1.0528E+00  0.0000E+00  0.0000E+00  0.0000E+00  0.0000E+00  0.0000E+00
    1    3  1.0577E+00  0.0000E+00  0.0000E+00  0.0000E+00  0.0000E+00  0.0000E+00
    1    3  1.0627E+00  0.0000E+00  0.0000E+00  0.0000E+00  0.0000E+00  0.0000E+00
    1    3  1.0676E+00  0.0000E+00  0.0000E+00  0.0000E+00  0.0000E+00  0.0000E+00
    1    3  1.0725E+00  0.0000E+00  0.0000E+00  0.0000E+00  0.0000E+00  0.0000E+00
    1    3  1.0775E+00  0.0000E+00  0.0000E+00  0.0000E+00  0.0000E+00  0.0000E+00
    1    3  1.0824E+00  0.0000E+00  0.0000E+00  0.0000E+00  0.0000E+00  0.0000E+00
    1    3  1.0873E+00  0.0000E+00  0.0000E+00  0.0000E+00  0.0000E+00  0.0000E+00
    1    3  1.0922E+00  0.0000E+00  0.0000E+00  0.0000E+00  0.0000E+00  0.0000E+00
    1    3  1.0972E+00  0.0000E+00  0.0000E+00  0.0000E+00  0.0000E+00  0.0000E+00
    1    3  1.1021E+00  0.0000E+00  0.0000E+00  0.0000E+00  0.0000E+00  0.0000E+00
    1    3  1.1070E+00  0.0000E+00  0.0000E+00  0.0000E+00  0.0000E+00  0.0000E+00
    1    3  1.1120E+00  0.0000E+00  0.0000E+00  0.0000E+00  0.0000E+00  0.0000E+00
    1    3  1.1169E+00  0.0000E+00  0.0000E+00  0.0000E+00  0.0000E+00  0.0000E+00
    1    3  1.1218E+00  0.0000E+00  0.0000E+00  0.0000E+00  0.0000E+00  0.0000E+00
    1    3  1.1268E+00  0.0000E+00  0.0000E+00  0.0000E+00  0.0000E+00  0.0000E+00
    1    3  1.1317E+00  0.0000E+00  0.0000E+00  0.0000E+00  0.0000E+00  0.0000E+00
    1    3  1.1366E+00  0.0000E+00  0.0000E+00  0.0000E+00  0.0000E+00  0.0000E+00
    1    3  1.1416E+00  0.0000E+00  0.0000E+00  0.0000E+00  0.0000E+00  0.0000E+00
    1    3  1.1465E+00  0.0000E+00  0.0000E+00  0.0000E+00  0.0000E+00  0.0000E+00
    1    3  1.1514E+00  0.0000E+00  0.0000E+00  0.0000E+00  0.0000E+00  0.0000E+00
    1    3  1.1563E+00  0.0000E+00  0.0000E+00  0.0000E+00  0.0000E+00  0.0000E+00
    1    3  1.1613E+00  0.0000E+00  0.0000E+00  0.0000E+00  0.0000E+00  0.0000E+00
    1    3  1.1662E+00  0.0000E+00  0.0000E+00  0.0000E+00  0.0000E+00  0.0000E+00
    1    3  1.1711E+00  0.0000E+00  0.0000E+00  0.0000E+00  0.0000E+00  0.0000E+00
    1    3  1.1761E+00  0.0000E+00  0.0000E+00  0.0000E+00  0.0000E+00  0.0000E+00
    1    3  1.1810E+00  0.0000E+00  0.0000E+00  0.0000E+00  0.0000E+00  0.0000E+00
    1    3  1.1859E+00  0.0000E+00  0.0000E+00  0.0000E+00  0.0000E+00  0.0000E+00
    1    3  1.1909E+00  0.0000E+00  0.0000E+00  0.0000E+00  0.0000E+00  0.0000E+00
    1    3  1.1958E+00  0.0000E+00  0.0000E+00  0.0000E+00  0.0000E+00  0.0000E+00
    1    3  1.2007E+00  0.0000E+00  0.0000E+00  0.0000E+00  0.0000E+00  0.0000E+00
    1    3  1.2057E+00  0.0000E+00  0.0000E+00  0.0000E+00  0.0000E+00  0.0000E+00
    1    3  1.2106E+00  0.0000E+00  0.0000E+00  0.0000E+00  0.0000E+00  0.0000E+00
    1    3  1.2155E+00  0.0000E+00  0.0000E+00  0.0000E+00  0.0000E+00  0.0000E+00
    1    3  1.2205E+00  0.0000E+00  0.0000E+00  0.0000E+00  0.0000E+00  0.0000E+00
    1    3  1.2254E+00  0.0000E+00  0.0000E+00  0.0000E+00  0.0000E+00  0.0000E+00
    1    3  1.2303E+00  0.0000E+00  0.0000E+00  0.0000E+00  0.0000E+00  0.0000E+00
    1    3  1.2352E+00  0.0000E+00  0.0000E+00  0.0000E+00  0.0000E+00  0.0000E+00
    1    3  1.2402E+00  0.0000E+00  0.0000E+00  0.0000E+00  0.0000E+00  0.0000E+00
    1    3  1.2451E+00  0.0000E+00  0.0000E+00  0.0000E+00  0.0000E+00  0.0000E+00
    1    3  1.2500E+00  0.0000E+00  0.0000E+00  0.0000E+00  0.0000E+00  0.0000E+00
    1    3  1.2550E+00  0.0000E+00  0.0000E+00  0.0000E+00  0.0000E+00  0.0000E+00
    1    3  1.2599E+00  0.0000E+00  0.0000E+00  0.0000E+00  0.0000E+00  0.0000E+00
    1    3  1.2648E+00  0.0000E+00  0.0000E+00  0.0000E+00  0.0000E+00  0.0000E+00
    1    3  1.2698E+00  0.0000E+00  0.0000E+00  0.0000E+00  0.0000E+00  0.0000E+00
    1    3  1.2747E+00  0.0000E+00  0.0000E+00  0.0000E+00  0.0000E+00  0.0000E+00
    1    3  1.2796E+00  0.0000E+00  0.0000E+00  0.0000E+00  0.0000E+00  0.0000E+00
    1    3  1.2846E+00  0.0000E+00  0.0000E+00  0.0000E+00  0.0000E+00  0.0000E+00
    1    3  1.2895E+00  0.0000E+00  0.0000E+00  0.0000E+00  0.0000E+00  0.0000E+00
    1    3  1.2944E+00  0.0000E+00  0.0000E+00  0.0000E+00  0.0000E+00  0.0000E+00
    1    3  1.2993E+00  0.0000E+00  0.0000E+00  0.0000E+00  0.0000E+00  0.0000E+00
    1    3  1.3043E+00  0.0000E+00  0.0000E+00  0.0000E+00  0.0000E+00  0.0000E+00
    1    3  1.3092E+00  0.0000E+00  0.0000E+00  0.0000E+00  0.0000E+00  0.0000E+00
    1    3  1.3141E+00  0.0000E+00  0.0000E+00  0.0000E+00  0.0000E+00  0.0000E+00
    1    3  1.3191E+00  0.0000E+00  0.0000E+00  0.0000E+00  0.0000E+00  0.0000E+00
    1    3  1.3240E+00  0.0000E+00  0.0000E+00  0.0000E+00  0.0000E+00  0.0000E+00
    1    3  1.3289E+00  0.0000E+00  0.0000E+00  0.0000E+00  0.0000E+00  0.0000E+00
    1    3  1.3339E+00  0.0000E+00  0.0000E+00  0.0000E+00  0.0000E+00  0.0000E+00
    1    3  1.3388E+00  0.0000E+00  0.0000E+00  0.0000E+00  0.0000E+00  0.0000E+00
    1    3  1.3437E+00  0.0000E+00  0.0000E+00  0.0000E+00  0.0000E+00  0.0000E+00
    1    3  1.3487E+00  0.0000E+00  0.0000E+00  0.0000E+00  0.0000E+00  0.0000E+00
    1    3  1.3536E+00  0.0000E+00  0.0000E+00  0.0000E+00  0.0000E+00  0.0000E+00
    1    3  1.3585E+00  0.0000E+00  0.0000E+00  0.0000E+00  0.0000E+00  0.0000E+00
    1    3  1.3634E+00  0.0000E+00  0.0000E+00  0.0000E+00  0.0000E+00  0.0000E+00
    1    3  1.3684E+00  0.0000E+00  0.0000E+00  0.0000E+00  0.0000E+00  0.0000E+00
    1    3  1.3733E+00  0.0000E+00  0.0000E+00  0.0000E+00  0.0000E+00  0.0000E+00
    1    3  1.3782E+00  0.0000E+00  0.0000E+00  0.0000E+00  0.0000E+00  0.0000E+00
    1    3  1.3832E+00  0.0000E+00  0.0000E+00  0.0000E+00  0.0000E+00  0.0000E+00
    1    3  1.3881E+00  0.0000E+00  0.0000E+00  0.0000E+00  0.0000E+00  0.0000E+00
    1    3  1.3930E+00  0.0000E+00  0.0000E+00  0.0000E+00  0.0000E+00  0.0000E+00
    1    3  1.3980E+00  0.0000E+00  0.0000E+00  0.0000E+00  0.0000E+00  0.0000E+00
    1    3  1.4029E+00  0.0000E+00  0.0000E+00  0.0000E+00  0.0000E+00  0.0000E+00
    1    3  1.4078E+00  0.0000E+00  0.0000E+00  0.0000E+00  0.0000E+00  0.0000E+00
    1    3  1.4128E+00  0.0000E+00  0.0000E+00  0.0000E+00  0.0000E+00  0.0000E+00
    1    3  1.4177E+00  0.0000E+00  0.0000E+00  0.0000E+00  0.0000E+00  0.0000E+00
    1    3  1.4226E+00  0.0000E+00  0.0000E+00  0.0000E+00  0.0000E+00  0.0000E+00
    1    3  1.4275E+00  0.0000E+00  0.0000E+00  0.0000E+00  0.0000E+00  0.0000E+00
    1    3  1.4325E+00  0.0000E+00  0.0000E+00  0.0000E+00  0.0000E+00  0.0000E+00
    1    3  1.4374E+00  0.0000E+00  0.0000E+00  0.0000E+00  0.0000E+00  0.0000E+00
    1    3  1.4423E+00  0.0000E+00  0.0000E+00  0.0000E+00  0.0000E+00  0.0000E+00
    1    3  1.4473E+00  0.0000E+00  0.0000E+00  0.0000E+00  0.0000E+00  0.0000E+00
    1    3  1.4522E+00  0.0000E+00  0.0000E+00  0.0000E+00  0.0000E+00  0.0000E+00
    1    3  1.4571E+00  0.0000E+00  0.0000E+00  0.0000E+00  0.0000E+00  0.0000E+00
    1    3  1.4621E+00  0.0000E+00  0.0000E+00  0.0000E+00  0.0000E+00  0.0000E+00
    1    3  1.4670E+00  0.0000E+00  0.0000E+00  0.0000E+00  0.0000E+00  0.0000E+00
    1    3  1.4719E+00  0.0000E+00  0.0000E+00  0.0000E+00  0.0000E+00  0.0000E+00
    1    3  1.4769E+00  0.0000E+00  0.0000E+00  0.0000E+00  0.0000E+00  0.0000E+00
    1    3  1.4818E+00  0.0000E+00  0.0000E+00  0.0000E+00  0.0000E+00  0.0000E+00
    1    3  1.4867E+00  0.0000E+00  0.0000E+00  0.0000E+00  0.0000E+00  0.0000E+00
    1    3  1.4917E+00  0.0000E+00  0.0000E+00  0.0000E+00  0.0000E+00  0.0000E+00
    1    3  1.4966E+00  0.0000E+00  0.0000E+00  0.0000E+00  0.0000E+00  0.0000E+00
    1    3  1.5015E+00  0.0000E+00  0.0000E+00  0.0000E+00  0.0000E+00  0.0000E+00
    1    3  1.5064E+00  0.0000E+00  0.0000E+00  0.0000E+00  0.0000E+00  0.0000E+00
    1    3  1.5114E+00  0.0000E+00  0.0000E+00  0.0000E+00  0.0000E+00  0.0000E+00
    1    3  1.5163E+00  0.0000E+00  0.0000E+00  0.0000E+00  0.0000E+00  0.0000E+00
    1    3  1.5212E+00  0.0000E+00  0.0000E+00  0.0000E+00  0.0000E+00  0.0000E+00
    1    3  1.5262E+00  0.0000E+00  0.0000E+00  0.0000E+00  0.0000E+00  0.0000E+00
    1    3  1.5311E+00  0.0000E+00  0.0000E+00  0.0000E+00  0.0000E+00  0.0000E+00
    1    3  1.5360E+00  0.0000E+00  0.0000E+00  0.0000E+00  0.0000E+00  0.0000E+00
    1    3  1.5410E+00  0.0000E+00  0.0000E+00  0.0000E+00  0.0000E+00  0.0000E+00
    1    3  1.5459E+00  0.0000E+00  0.0000E+00  0.0000E+00  0.0000E+00  0.0000E+00
    1    3  1.5508E+00  0.0000E+00  0.0000E+00  0.0000E+00  0.0000E+00  0.0000E+00
    1    3  1.5558E+00  0.0000E+00  0.0000E+00  0.0000E+00  0.0000E+00  0.0000E+00
    1    3  1.5607E+00  0.0000E+00  0.0000E+00  0.0000E+00  0.0000E+00  0.0000E+00
    1    3  1.5656E+00  0.0000E+00  0.0000E+00  0.0000E+00  0.0000E+00  0.0000E+00
    1    3  1.5705E+00  0.0000E+00  0.0000E+00  0.0000E+00  0.0000E+00  0.0000E+00
    1    3  1.5755E+00  0.0000E+00  0.0000E+00  0.0000E+00  0.0000E+00  0.0000E+00
    1    3  1.5804E+00  0.0000E+00  0.0000E+00  0.0000E+00  0.0000E+00  0.0000E+00
    1    3  1.5853E+00  0.0000E+00  0.0000E+00  0.0000E+00  0.0000E+00  0.0000E+00
    1    3  1.5903E+00  0.0000E+00  0.0000E+00  0.0000E+00  0.0000E+00  0.0000E+00
    1    3  1.5952E+00  0.0000E+00  0.0000E+00  0.0000E+00  0.0000E+00  0.0000E+00
    1    3  1.6001E+00  0.0000E+00  0.0000E+00  0.0000E+00  0.0000E+00  0.0000E+00
    1    3  1.6051E+00  0.0000E+00  0.0000E+00  0.0000E+00  0.0000E+00  0.0000E+00
    1    3  1.6100E+00  0.0000E+00  0.0000E+00  0.0000E+00  0.0000E+00  0.0000E+00
    1    3  1.6149E+00  0.0000E+00  0.0000E+00  0.0000E+00  0.0000E+00  0.0000E+00
    1    3  1.6199E+00  0.0000E+00  0.0000E+00  0.0000E+00  0.0000E+00  0.0000E+00
    1    3  1.6248E+00  0.0000E+00  0.0000E+00  0.0000E+00  0.0000E+00  0.0000E+00
    1    3  1.6297E+00  0.0000E+00  0.0000E+00  0.0000E+00  0.0000E+00  0.0000E+00
    1    3  1.6346E+00  0.0000E+00  0.0000E+00  0.0000E+00  0.0000E+00  0.0000E+00
    1    3  1.6396E+00  0.0000E+00  0.0000E+00  0.0000E+00  0.0000E+00  0.0000E+00
    1    3  1.6445E+00  0.0000E+00  0.0000E+00  0.0000E+00  0.0000E+00  0.0000E+00
    1    3  1.6494E+00  0.0000E+00  0.0000E+00  0.0000E+00  0.0000E+00  0.0000E+00
    1    3  1.6544E+00  0.0000E+00  0.0000E+00  0.0000E+00  0.0000E+00  0.0000E+00
    1    3  1.6593E+00  0.0000E+00  0.0000E+00  0.0000E+00  0.0000E+00  0.0000E+00
    1    3  1.6642E+00  0.0000E+00  0.0000E+00  0.0000E+00  0.0000E+00  0.0000E+00
    1    3  1.6692E+00  0.0000E+00  0.0000E+00  0.0000E+00  0.0000E+00  0.0000E+00
    1    3  1.6741E+00  0.0000E+00  0.0000E+00  0.0000E+00  0.0000E+00  0.0000E+00
    1    3  1.6790E+00  0.0000E+00  0.0000E+00  0.0000E+00  0.0000E+00  0.0000E+00
    1    3  1.6840E+00  0.0000E+00  0.0000E+00  0.0000E+00  0.0000E+00  0.0000E+00
    1    3  1.6889E+00  0.0000E+00  0.0000E+00  0.0000E+00  0.0000E+00  0.0000E+00
    1    3  1.6938E+00  0.0000E+00  0.0000E+00  0.0000E+00  0.0000E+00  0.0000E+00
    1    3  1.6987E+00  0.0000E+00  0.0000E+00  0.0000E+00  0.0000E+00  0.0000E+00
    1    3  1.7037E+00  0.0000E+00  0.0000E+00  0.0000E+00  0.0000E+00  0.0000E+00
    1    3  1.7086E+00  0.0000E+00  0.0000E+00  0.0000E+00  0.0000E+00  0.0000E+00
    1    3  1.7135E+00  0.0000E+00  0.0000E+00  0.0000E+00  0.0000E+00  0.0000E+00
    1    3  1.7185E+00  0.0000E+00  0.0000E+00  0.0000E+00  0.0000E+00  0.0000E+00
    1    3  1.7234E+00  0.0000E+00  0.0000E+00  0.0000E+00  0.0000E+00  0.0000E+00
    1    3  1.7283E+00  0.0000E+00  0.0000E+00  0.0000E+00  0.0000E+00  0.0000E+00
    1    3  1.7333E+00  0.0000E+00  0.0000E+00  0.0000E+00  0.0000E+00  0.0000E+00
    1    3  1.7382E+00  0.0000E+00  0.0000E+00  0.0000E+00  0.0000E+00  0.0000E+00
    1    3  1.7431E+00  0.0000E+00  0.0000E+00  0.0000E+00  0.0000E+00  0.0000E+00
    1    3  1.7481E+00  0.0000E+00  0.0000E+00  0.0000E+00  0.0000E+00  0.0000E+00
    1    3  1.7530E+00  0.0000E+00  0.0000E+00  0.0000E+00  0.0000E+00  0.0000E+00
    1    3  1.7579E+00  0.0000E+00  0.0000E+00  0.0000E+00  0.0000E+00  0.0000E+00
    1    3  1.7628E+00  0.0000E+00  0.0000E+00  0.0000E+00  0.0000E+00  0.0000E+00
    1    3  1.7678E+00  0.0000E+00  0.0000E+00  0.0000E+00  0.0000E+00  0.0000E+00
    1    3  1.7727E+00  0.0000E+00  0.0000E+00  0.0000E+00  0.0000E+00  0.0000E+00
    1    3  1.7776E+00  0.0000E+00  0.0000E+00  0.0000E+00  0.0000E+00  0.0000E+00
    1    3  1.7826E+00  0.0000E+00  0.0000E+00  0.0000E+00  0.0000E+00  0.0000E+00
    1    3  1.7875E+00  0.0000E+00  0.0000E+00  0.0000E+00  0.0000E+00  0.0000E+00
    1    3  1.7924E+00  0.0000E+00  0.0000E+00  0.0000E+00  0.0000E+00  0.0000E+00
    1    3  1.7974E+00  0.0000E+00  0.0000E+00  0.0000E+00  0.0000E+00  0.0000E+00
    1    3  1.8023E+00  0.0000E+00  0.0000E+00  0.0000E+00  0.0000E+00  0.0000E+00
    1    3  1.8072E+00  0.0000E+00  0.0000E+00  0.0000E+00  0.0000E+00  0.0000E+00
    1    3  1.8122E+00  0.0000E+00  0.0000E+00  0.0000E+00  0.0000E+00  0.0000E+00
    1    3  1.8171E+00  0.0000E+00  0.0000E+00  0.0000E+00  0.0000E+00  0.0000E+00
    1    3  1.8220E+00  0.0000E+00  0.0000E+00  0.0000E+00  0.0000E+00  0.0000E+00
    1    3  1.8270E+00  0.0000E+00  0.0000E+00  0.0000E+00  0.0000E+00  0.0000E+00
    1    3  1.8319E+00  0.0000E+00  0.0000E+00  0.0000E+00  0.0000E+00  0.0000E+00
    1    3  1.8368E+00  0.0000E+00  0.0000E+00  0.0000E+00  0.0000E+00  0.0000E+00
    1    3  1.8417E+00  0.0000E+00  0.0000E+00  0.0000E+00  0.0000E+00  0.0000E+00
    1    3  1.8467E+00  0.0000E+00  0.0000E+00  0.0000E+00  0.0000E+00  0.0000E+00
    1    3  1.8516E+00  0.0000E+00  0.0000E+00  0.0000E+00  0.0000E+00  0.0000E+00
    1    3  1.8565E+00  0.0000E+00  0.0000E+00  0.0000E+00  0.0000E+00  0.0000E+00
    1    3  1.8615E+00  0.0000E+00  0.0000E+00  0.0000E+00  0.0000E+00  0.0000E+00
    1    3  1.8664E+00  0.0000E+00  0.0000E+00  0.0000E+00  0.0000E+00  0.0000E+00
    1    3  1.8713E+00  0.0000E+00  0.0000E+00  0.0000E+00  0.0000E+00  0.0000E+00
    1    3  1.8763E+00  0.0000E+00  0.0000E+00  0.0000E+00  0.0000E+00  0.0000E+00
    1    3  1.8812E+00  0.0000E+00  0.0000E+00  0.0000E+00  0.0000E+00  0.0000E+00
    1    3  1.8861E+00  0.0000E+00  0.0000E+00  0.0000E+00  0.0000E+00  0.0000E+00
    1    3  1.8911E+00  0.0000E+00  0.0000E+00  0.0000E+00  0.0000E+00  0.0000E+00
    1    3  1.8960E+00  0.0000E+00  0.0000E+00  0.0000E+00  0.0000E+00  0.0000E+00
    1    3  1.9009E+00  0.0000E+00  0.0000E+00  0.0000E+00  0.0000E+00  0.0000E+00
    1    3  1.9058E+00  0.0000E+00  0.0000E+00  0.0000E+00  0.0000E+00  0.0000E+00
    1    3  1.9108E+00  0.0000E+00  0.0000E+00  0.0000E+00  0.0000E+00  0.0000E+00
    1    3  1.9157E+00  0.0000E+00  0.0000E+00  0.0000E+00  0.0000E+00  0.0000E+00
    1    3  1.9206E+00  0.0000E+00  0.0000E+00  0.0000E+00  0.0000E+00  0.0000E+00
    1    3  1.9256E+00  0.0000E+00  0.0000E+00  0.0000E+00  0.0000E+00  0.0000E+00
    1    3  1.9305E+00  0.0000E+00  0.0000E+00  0.0000E+00  0.0000E+00  0.0000E+00
    1    3  1.9354E+00  0.0000E+00  0.0000E+00  0.0000E+00  0.0000E+00  0.0000E+00
    1    3  1.9404E+00  0.0000E+00  0.0000E+00  0.0000E+00  0.0000E+00  0.0000E+00
    1    3  1.9453E+00  0.0000E+00  0.0000E+00  0.0000E+00  0.0000E+00  0.0000E+00
    1    3  1.9502E+00  0.0000E+00  0.0000E+00  0.0000E+00  0.0000E+00  0.0000E+00
    1    3  1.9552E+00  0.0000E+00  0.0000E+00  0.0000E+00  0.0000E+00  0.0000E+00
    1    3  1.9601E+00  0.0000E+00  0.0000E+00  0.0000E+00  0.0000E+00  0.0000E+00
    1    3  1.9650E+00  0.0000E+00  0.0000E+00  0.0000E+00  0.0000E+00  0.0000E+00
    1    3  1.9699E+00  0.0000E+00  0.0000E+00  0.0000E+00  0.0000E+00  0.0000E+00
    1    3  1.9749E+00  0.0000E+00  0.0000E+00  0.0000E+00  0.0000E+00  0.0000E+00
    1    3  1.9798E+00  0.0000E+00  0.0000E+00  0.0000E+00  0.0000E+00  0.0000E+00
    1    3  1.9847E+00  0.0000E+00  0.0000E+00  0.0000E+00  0.0000E+00  0.0000E+00
    1    3  1.9897E+00  0.0000E+00  0.0000E+00  0.0000E+00  0.0000E+00  0.0000E+00
    1    3  1.9946E+00  0.0000E+00  0.0000E+00  0.0000E+00  0.0000E+00  0.0000E+00
