    1    3  9.5709E-03 -1.2926E+01  4.2054E+01  0.0000E+00  0.0000E+00  0.0000E+00
    1    3  6.8488E-02 -6.4517E+00  2.0991E+01  0.0000E+00  0.0000E+00  0.0000E+00
    1    3  2.1828E-01 -3.2927E-01  1.0839E+00  0.0000E+00  0.0000E+00  0.0000E+00
    1    3  3.7260E-01  5.2291E+00 -1.6986E+01  0.0000E+00  0.0000E+00  0.0000E+00
    1    3  5.2692E-01  1.0788E+01 -3.5057E+01  0.0000E+00  0.0000E+00  0.0000E+00
    1    3  6.8125E-01  1.6347E+01 -5.3128E+01  0.0000E+00  0.0000E+00  0.0000E+00
    1    3  8.3557E-01  2.1905E+01 -7.1200E+01  0.0000E+00  0.0000E+00  0.0000E+00
    1    3  9.8990E-01  2.7464E+01 -8.9271E+01  0.0000E+00  0.0000E+00  0.0000E+00
    1    3  1.1442E+00  3.3023E+01 -1.0734E+02  0.0000E+00  0.0000E+00  0.0000E+00
    1    3  1.2985E+00  3.8582E+01 -1.2541E+02  0.0000E+00  0.0000E+00  0.0000E+00
    1    3  1.4529E+00  4.4140E+01 -1.4348E+02  0.0000E+00  0.0000E+00  0.0000E+00
    1    3  1.6072E+00  4.9699E+01 -1.6156E+02  0.0000E+00  0.0000E+00  0.0000E+00
    1    3  1.7615E+00  5.5258E+01 -1.7963E+02  0.0000E+00  0.0000E+00  0.0000E+00
    1    3  1.9158E+00  6.0817E+01 -1.9770E+02  0.0000E+00  0.0000E+00  0.0000E+00
