    1    3  9.5709E-03 -1.2926E+01  4.2054E+01  0.0000E+00  0.0000E+00  0.0000E+00
    1    3  1.0026E-02 -1.2861E+01  4.1841E+01  0.0000E+00  0.0000E+00  0.0000E+00
    1    3  1.1435E-02 -1.2660E+01  4.1187E+01  0.0000E+00  0.0000E+00  0.0000E+00
    1    3  1.3934E-02 -1.2308E+01  4.0042E+01  0.0000E+00  0.0000E+00  0.0000E+00
    1    3  1.7764E-02 -1.1780E+01  3.8324E+01  0.0000E+00  0.0000E+00  0.0000E+00
    1    3  2.3287E-02 -1.1045E+01  3.5931E+01  0.0000E+00  0.0000E+00  0.0000E+00
    1    3  3.0970E-02 -1.0075E+01  3.2778E+01  0.0000E+00  0.0000E+00  0.0000E+00
    1    3  4.1172E-02 -8.9140E+00  2.9005E+01  0.0000E+00  0.0000E+00  0.0000E+00
    1    3  5.4065E-02 -7.6651E+00  2.4947E+01  0.0000E+00  0.0000E+00  0.0000E+00
    1    3  6.9418E-02 -6.4963E+00  2.1146E+01  0.0000E+00  0.0000E+00  0.0000E+00
    1    3  8.6603E-02 -5.5811E+00  1.8174E+01  0.0000E+00  0.0000E+00  0.0000E+00
    1    3  1.0490E-01 -4.9018E+00  1.5974E+01  0.0000E+00  0.0000E+00  0.0000E+00
    1    3  1.2372E-01 -4.3617E+00  1.4227E+01  0.0000E+00  0.0000E+00  0.0000E+00
    1    3  1.4279E-01 -3.8887E+00  1.2700E+01  0.0000E+00  0.0000E+00  0.0000E+00
    1    3  1.6198E-01 -3.4450E+00  1.1268E+01  0.0000E+00  0.0000E+00  0.0000E+00
    1    3  1.8123E-01 -3.0130E+00  9.8744E+00  0.0000E+00  0.0000E+00  0.0000E+00
    1    3  2.0049E-01 -2.5858E+00  8.4966E+00  0.0000E+00  0.0000E+00  0.0000E+00
    1    3  2.1976E-01 -2.1603E+00  7.1247E+00  0.0000E+00  0.0000E+00  0.0000E+00
    1    3  2.3904E-01 -1.7356E+00  5.7550E+00  0.0000E+00  0.0000E+00  0.0000E+00
    1    3  2.5832E-01 -1.3110E+00  4.3860E+00  0.0000E+00  0.0000E+00  0.0000E+00
    1    3  2.7760E-01 -8.8649E-01  3.0172E+00  0.0000E+00  0.0000E+00  0.0000E+00
    1    3  2.9688E-01 -4.6200E-01  1.6484E+00  0.0000E+00  0.0000E+00  0.0000E+00
    1    3  3.1616E-01 -3.7514E-02  2.7970E-01  0.0000E+00  0.0000E+00  0.0000E+00
    1    3  3.3544E-01  3.8697E-01 -1.0890E+00  0.0000E+00  0.0000E+00  0.0000E+00
    1    3  3.5472E-01  8.1145E-01 -2.4578E+00  0.0000E+00  0.0000E+00  0.0000E+00
    1    3  3.7400E-01  1.2359E+00 -3.8265E+00  0.0000E+00  0.0000E+00  0.0000E+00
    1    3  3.9328E-01  1.6604E+00 -5.1952E+00  0.0000E+00  0.0000E+00  0.0000E+00
    1    3  4.1256E-01  2.0849E+00 -6.5640E+00  0.0000E+00  0.0000E+00  0.0000E+00
    1    3  4.3185E-01  2.5094E+00 -7.9327E+00  0.0000E+00  0.0000E+00  0.0000E+00
    1    3  4.5113E-01  2.9339E+00 -9.3014E+00  0.0000E+00  0.0000E+00  0.0000E+00
    1    3  4.7041E-01  3.3584E+00 -1.0670E+01  0.0000E+00  0.0000E+00  0.0000E+00
    1    3  4.8969E-01  3.7828E+00 -1.2039E+01  0.0000E+00  0.0000E+00  0.0000E+00
    1    3  5.0897E-01  4.2073E+00 -1.3408E+01  0.0000E+00  0.0000E+00  0.0000E+00
    1    3  5.2825E-01  4.6318E+00 -1.4776E+01  0.0000E+00  0.0000E+00  0.0000E+00
    1    3  5.4753E-01  5.0563E+00 -1.6145E+01  0.0000E+00  0.0000E+00  0.0000E+00
    1    3  5.6681E-01  5.4808E+00 -1.7514E+01  0.0000E+00  0.0000E+00  0.0000E+00
    1    3  5.8609E-01  5.9053E+00 -1.8883E+01  0.0000E+00  0.0000E+00  0.0000E+00
    1    3  6.0537E-01  6.3298E+00 -2.0251E+01  0.0000E+00  0.0000E+00  0.0000E+00
    1    3  6.2465E-01  6.7542E+00 -2.1620E+01  0.0000E+00  0.0000E+00  0.0000E+00
    1    3  6.4393E-01  7.1787E+00 -2.2989E+01  0.0000E+00  0.0000E+00  0.0000E+00
    1    3  6.6321E-01  7.6032E+00 -2.4358E+01  0.0000E+00  0.0000E+00  0.0000E+00
    1    3  6.8249E-01  8.0277E+00 -2.5726E+01  0.0000E+00  0.0000E+00  0.0000E+00
    1    3  7.0177E-01  8.4522E+00 -2.7095E+01  0.0000E+00  0.0000E+00  0.0000E+00
    1    3  7.2105E-01  8.8767E+00 -2.8464E+01  0.0000E+00  0.0000E+00  0.0000E+00
    1    3  7.4033E-01  9.3011E+00 -2.9832E+01  0.0000E+00  0.0000E+00  0.0000E+00
    1    3  7.5961E-01  9.7256E+00 -3.1201E+01  0.0000E+00  0.0000E+00  0.0000E+00
    1    3  7.7890E-01  1.0150E+01 -3.2570E+01  0.0000E+00  0.0000E+00  0.0000E+00
    1    3  7.9818E-01  1.0575E+01 -3.3939E+01  0.0000E+00  0.0000E+00  0.0000E+00
    1    3  8.1746E-01  1.0999E+01 -3.5307E+01  0.0000E+00  0.0000E+00  0.0000E+00
    1    3  8.3674E-01  1.1424E+01 -3.6676E+01  0.0000E+00  0.0000E+00  0.0000E+00
    1    3  8.5602E-01  1.1848E+01 -3.8045E+01  0.0000E+00  0.0000E+00  0.0000E+00
    1    3  8.7530E-01  1.2273E+01 -3.9414E+01  0.0000E+00  0.0000E+00  0.0000E+00
    1    3  8.9458E-01  1.2697E+01 -4.0782E+01  0.0000E+00  0.0000E+00  0.0000E+00
    1    3  9.1386E-01  1.3122E+01 -4.2151E+01  0.0000E+00  0.0000E+00  0.0000E+00
    1    3  9.3314E-01  1.3546E+01 -4.3520E+01  0.0000E+00  0.0000E+00  0.0000E+00
    1    3  9.5242E-01  1.3970E+01 -4.4889E+01  0.0000E+00  0.0000E+00  0.0000E+00
    1    3  9.7170E-01  1.4395E+01 -4.6257E+01  0.0000E+00  0.0000E+00  0.0000E+00
    1    3  9.9098E-01  1.4819E+01 -4.7626E+01  0.0000E+00  0.0000E+00  0.0000E+00
    1    3  1.0103E+00  1.5244E+01 -4.8995E+01  0.0000E+00  0.0000E+00  0.0000E+00
    1    3  1.0295E+00  1.5668E+01 -5.0363E+01  0.0000E+00  0.0000E+00  0.0000E+00
    1    3  1.0488E+00  1.6093E+01 -5.1732E+01  0.0000E+00  0.0000E+00  0.0000E+00
    1    3  1.0681E+00  1.6517E+01 -5.3101E+01  0.0000E+00  0.0000E+00  0.0000E+00
    1    3  1.0874E+00  1.6942E+01 -5.4470E+01  0.0000E+00  0.0000E+00  0.0000E+00
    1    3  1.1067E+00  1.7366E+01 -5.5838E+01  0.0000E+00  0.0000E+00  0.0000E+00
    1    3  1.1259E+00  1.7791E+01 -5.7207E+01  0.0000E+00  0.0000E+00  0.0000E+00
    1    3  1.1452E+00  1.8215E+01 -5.8576E+01  0.0000E+00  0.0000E+00  0.0000E+00
    1    3  1.1645E+00  1.8640E+01 -5.9945E+01  0.0000E+00  0.0000E+00  0.0000E+00
    1    3  1.1838E+00  1.9064E+01 -6.1313E+01  0.0000E+00  0.0000E+00  0.0000E+00
    1    3  1.2031E+00  1.9489E+01 -6.2682E+01  0.0000E+00  0.0000E+00  0.0000E+00
    1    3  1.2223E+00  1.9913E+01 -6.4051E+01  0.0000E+00  0.0000E+00  0.0000E+00
    1    3  1.2416E+00  2.0338E+01 -6.5420E+01  0.0000E+00  0.0000E+00  0.0000E+00
    1    3  1.2609E+00  2.0762E+01 -6.6788E+01  0.0000E+00  0.0000E+00  0.0000E+00
    1    3  1.2802E+00  2.1187E+01 -6.8157E+01  0.0000E+00  0.0000E+00  0.0000E+00
    1    3  1.2995E+00  2.1611E+01 -6.9526E+01  0.0000E+00  0.0000E+00  0.0000E+00
    1    3  1.3188E+00  2.2036E+01 -7.0895E+01  0.0000E+00  0.0000E+00  0.0000E+00
    1    3  1.3380E+00  2.2460E+01 -7.2263E+01  0.0000E+00  0.0000E+00  0.0000E+00
    1    3  1.3573E+00  2.2885E+01 -7.3632E+01  0.0000E+00  0.0000E+00  0.0000E+00
    1    3  1.3766E+00  2.3309E+01 -7.5001E+01  0.0000E+00  0.0000E+00  0.0000E+00
    1    3  1.3959E+00  2.3734E+01 -7.6369E+01  0.0000E+00  0.0000E+00  0.0000E+00
    1    3  1.4152E+00  2.4158E+01 -7.7738E+01  0.0000E+00  0.0000E+00  0.0000E+00
    1    3  1.4344E+00  2.4583E+01 -7.9107E+01  0.0000E+00  0.0000E+00  0.0000E+00
    1    3  1.4537E+00  2.5007E+01 -8.0476E+01  0.0000E+00  0.0000E+00  0.0000E+00
    1    3  1.4730E+00  2.5432E+01 -8.1844E+01  0.0000E+00  0.0000E+00  0.0000E+00
    1    3  1.4923E+00  2.5856E+01 -8.3213E+01  0.0000E+00  0.0000E+00  0.0000E+00
    1    3  1.5116E+00  2.6281E+01 -8.4582E+01  0.0000E+00  0.0000E+00  0.0000E+00
    1    3  1.5308E+00  2.6705E+01 -8.5951E+01  0.0000E+00  0.0000E+00  0.0000E+00
    1    3  1.5501E+00  2.7130E+01 -8.7319E+01  0.0000E+00  0.0000E+00  0.0000E+00
    1    3  1.5694E+00  2.7554E+01 -8.8688E+01  0.0000E+00  0.0000E+00  0.0000E+00
    1    3  1.5887E+00  2.7978E+01 -9.0057E+01  0.0000E+00  0.0000E+00  0.0000E+00
    1    3  1.6080E+00  2.8403E+01 -9.1426E+01  0.0000E+00  0.0000E+00  0.0000E+00
    1    3  1.6272E+00  2.8827E+01 -9.2794E+01  0.0000E+00  0.0000E+00  0.0000E+00
    1    3  1.6465E+00  2.9252E+01 -9.4163E+01  0.0000E+00  0.0000E+00  0.0000E+00
    1    3  1.6658E+00  2.9676E+01 -9.5532E+01  0.0000E+00  0.0000E+00  0.0000E+00
    1    3  1.6851E+00  3.0101E+01 -9.6900E+01  0.0000E+00  0.0000E+00  0.0000E+00
    1    3  1.7044E+00  3.0525E+01 -9.8269E+01  0.0000E+00  0.0000E+00  0.0000E+00
    1    3  1.7236E+00  3.0950E+01 -9.9638E+01  0.0000E+00  0.0000E+00  0.0000E+00
    1    3  1.7429E+00  3.1374E+01 -1.0101E+02  0.0000E+00  0.0000E+00  0.0000E+00
    1    3  1.7622E+00  3.1799E+01 -1.0238E+02  0.0000E+00  0.0000E+00  0.0000E+00
    1    3  1.7815E+00  3.2223E+01 -1.0374E+02  0.0000E+00  0.0000E+00  0.0000E+00
    1    3  1.8008E+00  3.2648E+01 -1.0511E+02  0.0000E+00  0.0000E+00  0.0000E+00
    1    3  1.8200E+00  3.3072E+01 -1.0648E+02  0.0000E+00  0.0000E+00  0.0000E+00
    1    3  1.8393E+00  3.3497E+01 -1.0785E+02  0.0000E+00  0.0000E+00  0.0000E+00
    1    3  1.8586E+00  3.3921E+01 -1.0922E+02  0.0000E+00  0.0000E+00  0.0000E+00
    1    3  1.8779E+00  3.4346E+01 -1.1059E+02  0.0000E+00  0.0000E+00  0.0000E+00
    1    3  1.8972E+00  3.4770E+01 -1.1196E+02  0.0000E+00  0.0000E+00  0.0000E+00
    1    3  1.9164E+00  3.5195E+01 -1.1333E+02  0.0000E+00  0.0000E+00  0.0000E+00
    1    3  1.9357E+00  3.5619E+01 -1.1469E+02  0.0000E+00  0.0000E+00  0.0000E+00
    1    3  1.9550E+00  3.6044E+01 -1.1606E+02  0.0000E+00  0.0000E+00  0.0000E+00
    1    3  1.9743E+00  3.6468E+01 -1.1743E+02  0.0000E+00  0.0000E+00  0.0000E+00
    1    3  1.9936E+00  3.6893E+01 -1.1880E+02  0.0000E+00  0.0000E+00  0.0000E+00
