    1    3  9.5709E-03 -1.2926E+01  4.2054E+01  0.0000E+00  0.0000E+00  0.0000E+00
    1    3  2.0866E-02 -1.1435E+01  3.7202E+01  0.0000E+00  0.0000E+00  0.0000E+00
    1    3  6.5920E-02 -6.6053E+00  2.1490E+01  0.0000E+00  0.0000E+00  0.0000E+00
    1    3  1.3880E-01 -3.0973E+00  1.0079E+01  0.0000E+00  0.0000E+00  0.0000E+00
    1    3  2.1570E-01 -4.9299E-01  1.6088E+00  0.0000E+00  0.0000E+00  0.0000E+00
    1    3  2.9277E-01  2.0934E+00 -6.8032E+00  0.0000E+00  0.0000E+00  0.0000E+00
    1    3  3.6984E-01  4.6800E+00 -1.5216E+01  0.0000E+00  0.0000E+00  0.0000E+00
    1    3  4.4691E-01  7.2666E+00 -2.3629E+01  0.0000E+00  0.0000E+00  0.0000E+00
    1    3  5.2398E-01  9.8532E+00 -3.2041E+01  0.0000E+00  0.0000E+00  0.0000E+00
    1    3  6.0105E-01  1.2440E+01 -4.0454E+01  0.0000E+00  0.0000E+00  0.0000E+00
    1    3  6.7812E-01  1.5026E+01 -4.8867E+01  0.0000E+00  0.0000E+00  0.0000E+00
    1    3  7.5519E-01  1.7613E+01 -5.7280E+01  0.0000E+00  0.0000E+00  0.0000E+00
    1    3  8.3226E-01  2.0200E+01 -6.5692E+01  0.0000E+00  0.0000E+00  0.0000E+00
    1    3  9.0933E-01  2.2786E+01 -7.4105E+01  0.0000E+00  0.0000E+00  0.0000E+00
    1    3  9.8640E-01  2.5373E+01 -8.2518E+01  0.0000E+00  0.0000E+00  0.0000E+00
    1    3  1.0635E+00  2.7960E+01 -9.0931E+01  0.0000E+00  0.0000E+00  0.0000E+00
    1    3  1.1405E+00  3.0546E+01 -9.9344E+01  0.0000E+00  0.0000E+00  0.0000E+00
    1    3  1.2176E+00  3.3133E+01 -1.0776E+02  0.0000E+00  0.0000E+00  0.0000E+00
    1    3  1.2947E+00  3.5719E+01 -1.1617E+02  0.0000E+00  0.0000E+00  0.0000E+00
    1    3  1.3717E+00  3.8306E+01 -1.2458E+02  0.0000E+00  0.0000E+00  0.0000E+00
    1    3  1.4488E+00  4.0893E+01 -1.3299E+02  0.0000E+00  0.0000E+00  0.0000E+00
    1    3  1.5259E+00  4.3479E+01 -1.4141E+02  0.0000E+00  0.0000E+00  0.0000E+00
    1    3  1.6030E+00  4.6066E+01 -1.4982E+02  0.0000E+00  0.0000E+00  0.0000E+00
    1    3  1.6800E+00  4.8653E+01 -1.5823E+02  0.0000E+00  0.0000E+00  0.0000E+00
    1    3  1.7571E+00  5.1239E+01 -1.6665E+02  0.0000E+00  0.0000E+00  0.0000E+00
    1    3  1.8342E+00  5.3826E+01 -1.7506E+02  0.0000E+00  0.0000E+00  0.0000E+00
    1    3  1.9112E+00  5.6412E+01 -1.8347E+02  0.0000E+00  0.0000E+00  0.0000E+00
