    1    3  9.5709E-03 -1.2926E+01  4.2054E+01  0.0000E+00  0.0000E+00  0.0000E+00
    1    3  1.2890E-02 -1.2481E+01  4.0603E+01  0.0000E+00  0.0000E+00  0.0000E+00
    1    3  2.4069E-02 -1.1023E+01  3.5863E+01  0.0000E+00  0.0000E+00  0.0000E+00
    1    3  4.4425E-02 -8.6147E+00  2.8025E+01  0.0000E+00  0.0000E+00  0.0000E+00
    1    3  7.4939E-02 -6.0588E+00  1.9708E+01  0.0000E+00  0.0000E+00  0.0000E+00
    1    3  1.1192E-01 -4.3986E+00  1.4304E+01  0.0000E+00  0.0000E+00  0.0000E+00
    1    3  1.5065E-01 -3.1880E+00  1.0362E+01  0.0000E+00  0.0000E+00  0.0000E+00
    1    3  1.8976E-01 -2.0609E+00  6.6910E+00  0.0000E+00  0.0000E+00  0.0000E+00
    1    3  2.2895E-01 -9.4556E-01  3.0583E+00  0.0000E+00  0.0000E+00  0.0000E+00
    1    3  2.6814E-01  1.6868E-01 -5.7081E-01  0.0000E+00  0.0000E+00  0.0000E+00
    1    3  3.0734E-01  1.2829E+00 -4.1998E+00  0.0000E+00  0.0000E+00  0.0000E+00
    1    3  3.4654E-01  2.3971E+00 -7.8288E+00  0.0000E+00  0.0000E+00  0.0000E+00
    1    3  3.8574E-01  3.5113E+00 -1.1458E+01  0.0000E+00  0.0000E+00  0.0000E+00
    1    3  4.2494E-01  4.6255E+00 -1.5087E+01  0.0000E+00  0.0000E+00  0.0000E+00
    1    3  4.6414E-01  5.7398E+00 -1.8716E+01  0.0000E+00  0.0000E+00  0.0000E+00
    1    3  5.0334E-01  6.8540E+00 -2.2345E+01  0.0000E+00  0.0000E+00  0.0000E+00
    1    3  5.4254E-01  7.9682E+00 -2.5974E+01  0.0000E+00  0.0000E+00  0.0000E+00
    1    3  5.8174E-01  9.0824E+00 -2.9603E+01  0.0000E+00  0.0000E+00  0.0000E+00
    1    3  6.2094E-01  1.0197E+01 -3.3232E+01  0.0000E+00  0.0000E+00  0.0000E+00
    1    3  6.6014E-01  1.1311E+01 -3.6861E+01  0.0000E+00  0.0000E+00  0.0000E+00
    1    3  6.9934E-01  1.2425E+01 -4.0490E+01  0.0000E+00  0.0000E+00  0.0000E+00
    1    3  7.3854E-01  1.3539E+01 -4.4119E+01  0.0000E+00  0.0000E+00  0.0000E+00
    1    3  7.7774E-01  1.4654E+01 -4.7748E+01  0.0000E+00  0.0000E+00  0.0000E+00
    1    3  8.1694E-01  1.5768E+01 -5.1377E+01  0.0000E+00  0.0000E+00  0.0000E+00
    1    3  8.5613E-01  1.6882E+01 -5.5006E+01  0.0000E+00  0.0000E+00  0.0000E+00
    1    3  8.9533E-01  1.7996E+01 -5.8635E+01  0.0000E+00  0.0000E+00  0.0000E+00
    1    3  9.3453E-01  1.9110E+01 -6.2264E+01  0.0000E+00  0.0000E+00  0.0000E+00
    1    3  9.7373E-01  2.0225E+01 -6.5893E+01  0.0000E+00  0.0000E+00  0.0000E+00
    1    3  1.0129E+00  2.1339E+01 -6.9522E+01  0.0000E+00  0.0000E+00  0.0000E+00
    1    3  1.0521E+00  2.2453E+01 -7.3151E+01  0.0000E+00  0.0000E+00  0.0000E+00
    1    3  1.0913E+00  2.3567E+01 -7.6780E+01  0.0000E+00  0.0000E+00  0.0000E+00
    1    3  1.1305E+00  2.4682E+01 -8.0409E+01  0.0000E+00  0.0000E+00  0.0000E+00
    1    3  1.1697E+00  2.5796E+01 -8.4038E+01  0.0000E+00  0.0000E+00  0.0000E+00
    1    3  1.2089E+00  2.6910E+01 -8.7667E+01  0.0000E+00  0.0000E+00  0.0000E+00
    1    3  1.2481E+00  2.8024E+01 -9.1296E+01  0.0000E+00  0.0000E+00  0.0000E+00
    1    3  1.2873E+00  2.9138E+01 -9.4925E+01  0.0000E+00  0.0000E+00  0.0000E+00
    1    3  1.3265E+00  3.0253E+01 -9.8554E+01  0.0000E+00  0.0000E+00  0.0000E+00
    1    3  1.3657E+00  3.1367E+01 -1.0218E+02  0.0000E+00  0.0000E+00  0.0000E+00
    1    3  1.4049E+00  3.2481E+01 -1.0581E+02  0.0000E+00  0.0000E+00  0.0000E+00
    1    3  1.4441E+00  3.3595E+01 -1.0944E+02  0.0000E+00  0.0000E+00  0.0000E+00
    1    3  1.4833E+00  3.4710E+01 -1.1307E+02  0.0000E+00  0.0000E+00  0.0000E+00
    1    3  1.5225E+00  3.5824E+01 -1.1670E+02  0.0000E+00  0.0000E+00  0.0000E+00
    1    3  1.5617E+00  3.6938E+01 -1.2033E+02  0.0000E+00  0.0000E+00  0.0000E+00
    1    3  1.6009E+00  3.8052E+01 -1.2396E+02  0.0000E+00  0.0000E+00  0.0000E+00
    1    3  1.6401E+00  3.9166E+01 -1.2759E+02  0.0000E+00  0.0000E+00  0.0000E+00
    1    3  1.6793E+00  4.0281E+01 -1.3122E+02  0.0000E+00  0.0000E+00  0.0000E+00
    1    3  1.7185E+00  4.1395E+01 -1.3484E+02  0.0000E+00  0.0000E+00  0.0000E+00
    1    3  1.7577E+00  4.2509E+01 -1.3847E+02  0.0000E+00  0.0000E+00  0.0000E+00
    1    3  1.7969E+00  4.3623E+01 -1.4210E+02  0.0000E+00  0.0000E+00  0.0000E+00
    1    3  1.8361E+00  4.4738E+01 -1.4573E+02  0.0000E+00  0.0000E+00  0.0000E+00
    1    3  1.8753E+00  4.5852E+01 -1.4936E+02  0.0000E+00  0.0000E+00  0.0000E+00
    1    3  1.9145E+00  4.6966E+01 -1.5299E+02  0.0000E+00  0.0000E+00  0.0000E+00
    1    3  1.9537E+00  4.8080E+01 -1.5662E+02  0.0000E+00  0.0000E+00  0.0000E+00
