    1    3  9.5709E-03 -1.2926E+01  4.2054E+01  0.0000E+00  0.0000E+00  0.0000E+00
    1    3  1.1996E-02 -1.2600E+01  4.0992E+01  0.0000E+00  0.0000E+00  0.0000E+00
    1    3  2.1386E-02 -1.1368E+01  3.6984E+01  0.0000E+00  0.0000E+00  0.0000E+00
    1    3  3.9713E-02 -9.1359E+00  2.9722E+01  0.0000E+00  0.0000E+00  0.0000E+00
    1    3  6.8232E-02 -6.4779E+00  2.1075E+01  0.0000E+00  0.0000E+00  0.0000E+00
    1    3  1.0435E-01 -4.6039E+00  1.4977E+01  0.0000E+00  0.0000E+00  0.0000E+00
    1    3  1.4282E-01 -3.3124E+00  1.0775E+01  0.0000E+00  0.0000E+00  0.0000E+00
    1    3  1.8181E-01 -2.1370E+00  6.9511E+00  0.0000E+00  0.0000E+00  0.0000E+00
    1    3  2.2089E-01 -9.7817E-01  3.1806E+00  0.0000E+00  0.0000E+00  0.0000E+00
    1    3  2.6000E-01  1.7902E-01 -5.8451E-01  0.0000E+00  0.0000E+00  0.0000E+00
    1    3  2.9910E-01  1.3362E+00 -4.3494E+00  0.0000E+00  0.0000E+00  0.0000E+00
    1    3  3.3821E-01  2.4933E+00 -8.1144E+00  0.0000E+00  0.0000E+00  0.0000E+00
    1    3  3.7732E-01  3.6505E+00 -1.1879E+01  0.0000E+00  0.0000E+00  0.0000E+00
    1    3  4.1642E-01  4.8077E+00 -1.5644E+01  0.0000E+00  0.0000E+00  0.0000E+00
    1    3  4.5553E-01  5.9648E+00 -1.9409E+01  0.0000E+00  0.0000E+00  0.0000E+00
    1    3  4.9464E-01  7.1220E+00 -2.3174E+01  0.0000E+00  0.0000E+00  0.0000E+00
    1    3  5.3374E-01  8.2792E+00 -2.6939E+01  0.0000E+00  0.0000E+00  0.0000E+00
    1    3  5.7285E-01  9.4363E+00 -3.0704E+01  0.0000E+00  0.0000E+00  0.0000E+00
    1    3  6.1196E-01  1.0594E+01 -3.4469E+01  0.0000E+00  0.0000E+00  0.0000E+00
    1    3  6.5106E-01  1.1751E+01 -3.8234E+01  0.0000E+00  0.0000E+00  0.0000E+00
    1    3  6.9017E-01  1.2908E+01 -4.1999E+01  0.0000E+00  0.0000E+00  0.0000E+00
    1    3  7.2928E-01  1.4065E+01 -4.5765E+01  0.0000E+00  0.0000E+00  0.0000E+00
    1    3  7.6838E-01  1.5222E+01 -4.9530E+01  0.0000E+00  0.0000E+00  0.0000E+00
    1    3  8.0749E-01  1.6379E+01 -5.3295E+01  0.0000E+00  0.0000E+00  0.0000E+00
    1    3  8.4660E-01  1.7537E+01 -5.7060E+01  0.0000E+00  0.0000E+00  0.0000E+00
    1    3  8.8570E-01  1.8694E+01 -6.0825E+01  0.0000E+00  0.0000E+00  0.0000E+00
    1    3  9.2481E-01  1.9851E+01 -6.4590E+01  0.0000E+00  0.0000E+00  0.0000E+00
    1    3  9.6392E-01  2.1008E+01 -6.8355E+01  0.0000E+00  0.0000E+00  0.0000E+00
    1    3  1.0030E+00  2.2165E+01 -7.2120E+01  0.0000E+00  0.0000E+00  0.0000E+00
    1    3  1.0421E+00  2.3322E+01 -7.5885E+01  0.0000E+00  0.0000E+00  0.0000E+00
    1    3  1.0812E+00  2.4480E+01 -7.9650E+01  0.0000E+00  0.0000E+00  0.0000E+00
    1    3  1.1203E+00  2.5637E+01 -8.3415E+01  0.0000E+00  0.0000E+00  0.0000E+00
    1    3  1.1595E+00  2.6794E+01 -8.7180E+01  0.0000E+00  0.0000E+00  0.0000E+00
    1    3  1.1986E+00  2.7951E+01 -9.0945E+01  0.0000E+00  0.0000E+00  0.0000E+00
    1    3  1.2377E+00  2.9108E+01 -9.4710E+01  0.0000E+00  0.0000E+00  0.0000E+00
    1    3  1.2768E+00  3.0265E+01 -9.8475E+01  0.0000E+00  0.0000E+00  0.0000E+00
    1    3  1.3159E+00  3.1423E+01 -1.0224E+02  0.0000E+00  0.0000E+00  0.0000E+00
    1    3  1.3550E+00  3.2580E+01 -1.0600E+02  0.0000E+00  0.0000E+00  0.0000E+00
    1    3  1.3941E+00  3.3737E+01 -1.0977E+02  0.0000E+00  0.0000E+00  0.0000E+00
    1    3  1.4332E+00  3.4894E+01 -1.1353E+02  0.0000E+00  0.0000E+00  0.0000E+00
    1    3  1.4723E+00  3.6051E+01 -1.1730E+02  0.0000E+00  0.0000E+00  0.0000E+00
    1    3  1.5114E+00  3.7208E+01 -1.2106E+02  0.0000E+00  0.0000E+00  0.0000E+00
    1    3  1.5505E+00  3.8366E+01 -1.2483E+02  0.0000E+00  0.0000E+00  0.0000E+00
    1    3  1.5896E+00  3.9523E+01 -1.2859E+02  0.0000E+00  0.0000E+00  0.0000E+00
    1    3  1.6287E+00  4.0680E+01 -1.3236E+02  0.0000E+00  0.0000E+00  0.0000E+00
    1    3  1.6678E+00  4.1837E+01 -1.3612E+02  0.0000E+00  0.0000E+00  0.0000E+00
    1    3  1.7069E+00  4.2994E+01 -1.3989E+02  0.0000E+00  0.0000E+00  0.0000E+00
    1    3  1.7461E+00  4.4151E+01 -1.4365E+02  0.0000E+00  0.0000E+00  0.0000E+00
    1    3  1.7852E+00  4.5309E+01 -1.4742E+02  0.0000E+00  0.0000E+00  0.0000E+00
    1    3  1.8243E+00  4.6466E+01 -1.5118E+02  0.0000E+00  0.0000E+00  0.0000E+00
    1    3  1.8634E+00  4.7623E+01 -1.5495E+02  0.0000E+00  0.0000E+00  0.0000E+00
    1    3  1.9025E+00  4.8780E+01 -1.5871E+02  0.0000E+00  0.0000E+00  0.0000E+00
    1    3  1.9416E+00  4.9937E+01 -1.6248E+02  0.0000E+00  0.0000E+00  0.0000E+00
    1    3  1.9807E+00  5.1094E+01 -1.6624E+02  0.0000E+00  0.0000E+00  0.0000E+00
