    1    3  9.5709E-03 -1.2926E+01  4.2054E+01  0.0000E+00  0.0000E+00  0.0000E+00
    1    3  9.7085E-03 -1.2908E+01  4.1993E+01  0.0000E+00  0.0000E+00  0.0000E+00
    1    3  1.0133E-02 -1.2851E+01  4.1807E+01  0.0000E+00  0.0000E+00  0.0000E+00
    1    3  1.0879E-02 -1.2750E+01  4.1480E+01  0.0000E+00  0.0000E+00  0.0000E+00
    1    3  1.2008E-02 -1.2598E+01  4.0987E+01  0.0000E+00  0.0000E+00  0.0000E+00
    1    3  1.3606E-02 -1.2385E+01  4.0294E+01  0.0000E+00  0.0000E+00  0.0000E+00
    1    3  1.5722E-02 -1.2106E+01  3.9383E+01  0.0000E+00  0.0000E+00  0.0000E+00
    1    3  1.8364E-02 -1.1760E+01  3.8258E+01  0.0000E+00  0.0000E+00  0.0000E+00
    1    3  2.1544E-02 -1.1348E+01  3.6920E+01  0.0000E+00  0.0000E+00  0.0000E+00
    1    3  2.5277E-02 -1.0873E+01  3.5373E+01  0.0000E+00  0.0000E+00  0.0000E+00
    1    3  2.9584E-02 -1.0336E+01  3.3627E+01  0.0000E+00  0.0000E+00  0.0000E+00
    1    3  3.4490E-02 -9.7431E+00  3.1697E+01  0.0000E+00  0.0000E+00  0.0000E+00
    1    3  4.0020E-02 -9.1017E+00  2.9611E+01  0.0000E+00  0.0000E+00  0.0000E+00
    1    3  4.6202E-02 -8.4259E+00  2.7412E+01  0.0000E+00  0.0000E+00  0.0000E+00
    1    3  5.3052E-02 -7.7366E+00  2.5169E+01  0.0000E+00  0.0000E+00  0.0000E+00
    1    3  6.0561E-02 -7.0620E+00  2.2975E+01  0.0000E+00  0.0000E+00  0.0000E+00
    1    3  6.8672E-02 -6.4333E+00  2.0929E+01  0.0000E+00  0.0000E+00  0.0000E+00
    1    3  7.7281E-02 -5.8733E+00  1.9108E+01  0.0000E+00  0.0000E+00  0.0000E+00
    1    3  8.6259E-02 -5.3861E+00  1.7523E+01  0.0000E+00  0.0000E+00  0.0000E+00
    1    3  9.5494E-02 -4.9607E+00  1.6139E+01  0.0000E+00  0.0000E+00  0.0000E+00
    1    3  1.0490E-01 -4.5812E+00  1.4904E+01  0.0000E+00  0.0000E+00  0.0000E+00
    1    3  1.1444E-01 -4.2336E+00  1.3773E+01  0.0000E+00  0.0000E+00  0.0000E+00
    1    3  1.2405E-01 -3.9072E+00  1.2711E+01  0.0000E+00  0.0000E+00  0.0000E+00
    1    3  1.3372E-01 -3.5946E+00  1.1695E+01  0.0000E+00  0.0000E+00  0.0000E+00
    1    3  1.4343E-01 -3.2908E+00  1.0706E+01  0.0000E+00  0.0000E+00  0.0000E+00
    1    3  1.5317E-01 -2.9926E+00  9.7363E+00  0.0000E+00  0.0000E+00  0.0000E+00
    1    3  1.6293E-01 -2.6979E+00  8.7773E+00  0.0000E+00  0.0000E+00  0.0000E+00
    1    3  1.7269E-01 -2.4052E+00  7.8252E+00  0.0000E+00  0.0000E+00  0.0000E+00
    1    3  1.8247E-01 -2.1137E+00  6.8772E+00  0.0000E+00  0.0000E+00  0.0000E+00
    1    3  1.9224E-01 -1.8231E+00  5.9315E+00  0.0000E+00  0.0000E+00  0.0000E+00
    1    3  2.0203E-01 -1.5328E+00  4.9872E+00  0.0000E+00  0.0000E+00  0.0000E+00
    1    3  2.1181E-01 -1.2427E+00  4.0437E+00  0.0000E+00  0.0000E+00  0.0000E+00
    1    3  2.2160E-01 -9.5283E-01  3.1005E+00  0.0000E+00  0.0000E+00  0.0000E+00
    1    3  2.3138E-01 -6.6298E-01  2.1576E+00  0.0000E+00  0.0000E+00  0.0000E+00
    1    3  2.4117E-01 -3.7316E-01  1.2148E+00  0.0000E+00  0.0000E+00  0.0000E+00
    1    3  2.5096E-01 -8.3351E-02  2.7201E-01  0.0000E+00  0.0000E+00  0.0000E+00
    1    3  2.6075E-01  2.0645E-01 -6.7076E-01  0.0000E+00  0.0000E+00  0.0000E+00
    1    3  2.7053E-01  4.9626E-01 -1.6135E+00  0.0000E+00  0.0000E+00  0.0000E+00
    1    3  2.8032E-01  7.8606E-01 -2.5563E+00  0.0000E+00  0.0000E+00  0.0000E+00
    1    3  2.9011E-01  1.0759E+00 -3.4991E+00  0.0000E+00  0.0000E+00  0.0000E+00
    1    3  2.9990E-01  1.3657E+00 -4.4419E+00  0.0000E+00  0.0000E+00  0.0000E+00
    1    3  3.0968E-01  1.6555E+00 -5.3847E+00  0.0000E+00  0.0000E+00  0.0000E+00
    1    3  3.1947E-01  1.9453E+00 -6.3275E+00  0.0000E+00  0.0000E+00  0.0000E+00
    1    3  3.2926E-01  2.2351E+00 -7.2703E+00  0.0000E+00  0.0000E+00  0.0000E+00
    1    3  3.3905E-01  2.5249E+00 -8.2131E+00  0.0000E+00  0.0000E+00  0.0000E+00
    1    3  3.4883E-01  2.8147E+00 -9.1559E+00  0.0000E+00  0.0000E+00  0.0000E+00
    1    3  3.5862E-01  3.1046E+00 -1.0099E+01  0.0000E+00  0.0000E+00  0.0000E+00
    1    3  3.6841E-01  3.3944E+00 -1.1041E+01  0.0000E+00  0.0000E+00  0.0000E+00
    1    3  3.7820E-01  3.6842E+00 -1.1984E+01  0.0000E+00  0.0000E+00  0.0000E+00
    1    3  3.8799E-01  3.9740E+00 -1.2927E+01  0.0000E+00  0.0000E+00  0.0000E+00
    1    3  3.9777E-01  4.2638E+00 -1.3870E+01  0.0000E+00  0.0000E+00  0.0000E+00
    1    3  4.0756E-01  4.5536E+00 -1.4813E+01  0.0000E+00  0.0000E+00  0.0000E+00
    1    3  4.1735E-01  4.8434E+00 -1.5756E+01  0.0000E+00  0.0000E+00  0.0000E+00
    1    3  4.2714E-01  5.1333E+00 -1.6698E+01  0.0000E+00  0.0000E+00  0.0000E+00
    1    3  4.3693E-01  5.4231E+00 -1.7641E+01  0.0000E+00  0.0000E+00  0.0000E+00
    1    3  4.4671E-01  5.7129E+00 -1.8584E+01  0.0000E+00  0.0000E+00  0.0000E+00
    1    3  4.5650E-01  6.0027E+00 -1.9527E+01  0.0000E+00  0.0000E+00  0.0000E+00
    1    3  4.6629E-01  6.2925E+00 -2.0470E+01  0.0000E+00  0.0000E+00  0.0000E+00
    1    3  4.7608E-01  6.5823E+00 -2.1412E+01  0.0000E+00  0.0000E+00  0.0000E+00
    1    3  4.8586E-01  6.8721E+00 -2.2355E+01  0.0000E+00  0.0000E+00  0.0000E+00
    1    3  4.9565E-01  7.1620E+00 -2.3298E+01  0.0000E+00  0.0000E+00  0.0000E+00
    1    3  5.0544E-01  7.4518E+00 -2.4241E+01  0.0000E+00  0.0000E+00  0.0000E+00
    1    3  5.1523E-01  7.7416E+00 -2.5184E+01  0.0000E+00  0.0000E+00  0.0000E+00
    1    3  5.2502E-01  8.0314E+00 -2.6126E+01  0.0000E+00  0.0000E+00  0.0000E+00
    1    3  5.3480E-01  8.3212E+00 -2.7069E+01  0.0000E+00  0.0000E+00  0.0000E+00
    1    3  5.4459E-01  8.6110E+00 -2.8012E+01  0.0000E+00  0.0000E+00  0.0000E+00
    1    3  5.5438E-01  8.9008E+00 -2.8955E+01  0.0000E+00  0.0000E+00  0.0000E+00
    1    3  5.6417E-01  9.1907E+00 -2.9898E+01  0.0000E+00  0.0000E+00  0.0000E+00
    1    3  5.7395E-01  9.4805E+00 -3.0840E+01  0.0000E+00  0.0000E+00  0.0000E+00
    1    3  5.8374E-01  9.7703E+00 -3.1783E+01  0.0000E+00  0.0000E+00  0.0000E+00
    1    3  5.9353E-01  1.0060E+01 -3.2726E+01  0.0000E+00  0.0000E+00  0.0000E+00
    1    3  6.0332E-01  1.0350E+01 -3.3669E+01  0.0000E+00  0.0000E+00  0.0000E+00
    1    3  6.1311E-01  1.0640E+01 -3.4612E+01  0.0000E+00  0.0000E+00  0.0000E+00
    1    3  6.2289E-01  1.0930E+01 -3.5554E+01  0.0000E+00  0.0000E+00  0.0000E+00
    1    3  6.3268E-01  1.1219E+01 -3.6497E+01  0.0000E+00  0.0000E+00  0.0000E+00
    1    3  6.4247E-01  1.1509E+01 -3.7440E+01  0.0000E+00  0.0000E+00  0.0000E+00
    1    3  6.5226E-01  1.1799E+01 -3.8383E+01  0.0000E+00  0.0000E+00  0.0000E+00
    1    3  6.6204E-01  1.2089E+01 -3.9326E+01  0.0000E+00  0.0000E+00  0.0000E+00
    1    3  6.7183E-01  1.2379E+01 -4.0268E+01  0.0000E+00  0.0000E+00  0.0000E+00
    1    3  6.8162E-01  1.2668E+01 -4.1211E+01  0.0000E+00  0.0000E+00  0.0000E+00
    1    3  6.9141E-01  1.2958E+01 -4.2154E+01  0.0000E+00  0.0000E+00  0.0000E+00
    1    3  7.0120E-01  1.3248E+01 -4.3097E+01  0.0000E+00  0.0000E+00  0.0000E+00
    1    3  7.1098E-01  1.3538E+01 -4.4040E+01  0.0000E+00  0.0000E+00  0.0000E+00
    1    3  7.2077E-01  1.3828E+01 -4.4983E+01  0.0000E+00  0.0000E+00  0.0000E+00
    1    3  7.3056E-01  1.4118E+01 -4.5925E+01  0.0000E+00  0.0000E+00  0.0000E+00
    1    3  7.4035E-01  1.4407E+01 -4.6868E+01  0.0000E+00  0.0000E+00  0.0000E+00
    1    3  7.5013E-01  1.4697E+01 -4.7811E+01  0.0000E+00  0.0000E+00  0.0000E+00
    1    3  7.5992E-01  1.4987E+01 -4.8754E+01  0.0000E+00  0.0000E+00  0.0000E+00
    1    3  7.6971E-01  1.5277E+01 -4.9697E+01  0.0000E+00  0.0000E+00  0.0000E+00
    1    3  7.7950E-01  1.5567E+01 -5.0639E+01  0.0000E+00  0.0000E+00  0.0000E+00
    1    3  7.8929E-01  1.5856E+01 -5.1582E+01  0.0000E+00  0.0000E+00  0.0000E+00
    1    3  7.9907E-01  1.6146E+01 -5.2525E+01  0.0000E+00  0.0000E+00  0.0000E+00
    1    3  8.0886E-01  1.6436E+01 -5.3468E+01  0.0000E+00  0.0000E+00  0.0000E+00
    1    3  8.1865E-01  1.6726E+01 -5.4411E+01  0.0000E+00  0.0000E+00  0.0000E+00
    1    3  8.2844E-01  1.7016E+01 -5.5353E+01  0.0000E+00  0.0000E+00  0.0000E+00
    1    3  8.3822E-01  1.7305E+01 -5.6296E+01  0.0000E+00  0.0000E+00  0.0000E+00
    1    3  8.4801E-01  1.7595E+01 -5.7239E+01  0.0000E+00  0.0000E+00  0.0000E+00
    1    3  8.5780E-01  1.7885E+01 -5.8182E+01  0.0000E+00  0.0000E+00  0.0000E+00
    1    3  8.6759E-01  1.8175E+01 -5.9125E+01  0.0000E+00  0.0000E+00  0.0000E+00
    1    3  8.7738E-01  1.8465E+01 -6.0067E+01  0.0000E+00  0.0000E+00  0.0000E+00
    1    3  8.8716E-01  1.8755E+01 -6.1010E+01  0.0000E+00  0.0000E+00  0.0000E+00
    1    3  8.9695E-01  1.9044E+01 -6.1953E+01  0.0000E+00  0.0000E+00  0.0000E+00
    1    3  9.0674E-01  1.9334E+01 -6.2896E+01  0.0000E+00  0.0000E+00  0.0000E+00
    1    3  9.1653E-01  1.9624E+01 -6.3839E+01  0.0000E+00  0.0000E+00  0.0000E+00
    1    3  9.2631E-01  1.9914E+01 -6.4781E+01  0.0000E+00  0.0000E+00  0.0000E+00
    1    3  9.3610E-01  2.0204E+01 -6.5724E+01  0.0000E+00  0.0000E+00  0.0000E+00
    1    3  9.4589E-01  2.0493E+01 -6.6667E+01  0.0000E+00  0.0000E+00  0.0000E+00
    1    3  9.5568E-01  2.0783E+01 -6.7610E+01  0.0000E+00  0.0000E+00  0.0000E+00
    1    3  9.6547E-01  2.1073E+01 -6.8553E+01  0.0000E+00  0.0000E+00  0.0000E+00
    1    3  9.7525E-01  2.1363E+01 -6.9495E+01  0.0000E+00  0.0000E+00  0.0000E+00
    1    3  9.8504E-01  2.1653E+01 -7.0438E+01  0.0000E+00  0.0000E+00  0.0000E+00
    1    3  9.9483E-01  2.1943E+01 -7.1381E+01  0.0000E+00  0.0000E+00  0.0000E+00
    1    3  1.0046E+00  2.2232E+01 -7.2324E+01  0.0000E+00  0.0000E+00  0.0000E+00
    1    3  1.0144E+00  2.2522E+01 -7.3267E+01  0.0000E+00  0.0000E+00  0.0000E+00
    1    3  1.0242E+00  2.2812E+01 -7.4210E+01  0.0000E+00  0.0000E+00  0.0000E+00
    1    3  1.0340E+00  2.3102E+01 -7.5152E+01  0.0000E+00  0.0000E+00  0.0000E+00
    1    3  1.0438E+00  2.3392E+01 -7.6095E+01  0.0000E+00  0.0000E+00  0.0000E+00
    1    3  1.0536E+00  2.3681E+01 -7.7038E+01  0.0000E+00  0.0000E+00  0.0000E+00
    1    3  1.0633E+00  2.3971E+01 -7.7981E+01  0.0000E+00  0.0000E+00  0.0000E+00
    1    3  1.0731E+00  2.4261E+01 -7.8924E+01  0.0000E+00  0.0000E+00  0.0000E+00
    1    3  1.0829E+00  2.4551E+01 -7.9866E+01  0.0000E+00  0.0000E+00  0.0000E+00
    1    3  1.0927E+00  2.4841E+01 -8.0809E+01  0.0000E+00  0.0000E+00  0.0000E+00
    1    3  1.1025E+00  2.5130E+01 -8.1752E+01  0.0000E+00  0.0000E+00  0.0000E+00
    1    3  1.1123E+00  2.5420E+01 -8.2695E+01  0.0000E+00  0.0000E+00  0.0000E+00
    1    3  1.1221E+00  2.5710E+01 -8.3638E+01  0.0000E+00  0.0000E+00  0.0000E+00
    1    3  1.1319E+00  2.6000E+01 -8.4580E+01  0.0000E+00  0.0000E+00  0.0000E+00
    1    3  1.1416E+00  2.6290E+01 -8.5523E+01  0.0000E+00  0.0000E+00  0.0000E+00
    1    3  1.1514E+00  2.6580E+01 -8.6466E+01  0.0000E+00  0.0000E+00  0.0000E+00
    1    3  1.1612E+00  2.6869E+01 -8.7409E+01  0.0000E+00  0.0000E+00  0.0000E+00
    1    3  1.1710E+00  2.7159E+01 -8.8352E+01  0.0000E+00  0.0000E+00  0.0000E+00
    1    3  1.1808E+00  2.7449E+01 -8.9294E+01  0.0000E+00  0.0000E+00  0.0000E+00
    1    3  1.1906E+00  2.7739E+01 -9.0237E+01  0.0000E+00  0.0000E+00  0.0000E+00
    1    3  1.2004E+00  2.8029E+01 -9.1180E+01  0.0000E+00  0.0000E+00  0.0000E+00
    1    3  1.2102E+00  2.8318E+01 -9.2123E+01  0.0000E+00  0.0000E+00  0.0000E+00
    1    3  1.2199E+00  2.8608E+01 -9.3066E+01  0.0000E+00  0.0000E+00  0.0000E+00
    1    3  1.2297E+00  2.8898E+01 -9.4008E+01  0.0000E+00  0.0000E+00  0.0000E+00
    1    3  1.2395E+00  2.9188E+01 -9.4951E+01  0.0000E+00  0.0000E+00  0.0000E+00
    1    3  1.2493E+00  2.9478E+01 -9.5894E+01  0.0000E+00  0.0000E+00  0.0000E+00
    1    3  1.2591E+00  2.9768E+01 -9.6837E+01  0.0000E+00  0.0000E+00  0.0000E+00
    1    3  1.2689E+00  3.0057E+01 -9.7780E+01  0.0000E+00  0.0000E+00  0.0000E+00
    1    3  1.2787E+00  3.0347E+01 -9.8722E+01  0.0000E+00  0.0000E+00  0.0000E+00
    1    3  1.2885E+00  3.0637E+01 -9.9665E+01  0.0000E+00  0.0000E+00  0.0000E+00
    1    3  1.2983E+00  3.0927E+01 -1.0061E+02  0.0000E+00  0.0000E+00  0.0000E+00
    1    3  1.3080E+00  3.1217E+01 -1.0155E+02  0.0000E+00  0.0000E+00  0.0000E+00
    1    3  1.3178E+00  3.1506E+01 -1.0249E+02  0.0000E+00  0.0000E+00  0.0000E+00
    1    3  1.3276E+00  3.1796E+01 -1.0344E+02  0.0000E+00  0.0000E+00  0.0000E+00
    1    3  1.3374E+00  3.2086E+01 -1.0438E+02  0.0000E+00  0.0000E+00  0.0000E+00
    1    3  1.3472E+00  3.2376E+01 -1.0532E+02  0.0000E+00  0.0000E+00  0.0000E+00
    1    3  1.3570E+00  3.2666E+01 -1.0626E+02  0.0000E+00  0.0000E+00  0.0000E+00
    1    3  1.3668E+00  3.2955E+01 -1.0721E+02  0.0000E+00  0.0000E+00  0.0000E+00
    1    3  1.3766E+00  3.3245E+01 -1.0815E+02  0.0000E+00  0.0000E+00  0.0000E+00
    1    3  1.3863E+00  3.3535E+01 -1.0909E+02  0.0000E+00  0.0000E+00  0.0000E+00
    1    3  1.3961E+00  3.3825E+01 -1.1004E+02  0.0000E+00  0.0000E+00  0.0000E+00
    1    3  1.4059E+00  3.4115E+01 -1.1098E+02  0.0000E+00  0.0000E+00  0.0000E+00
    1    3  1.4157E+00  3.4405E+01 -1.1192E+02  0.0000E+00  0.0000E+00  0.0000E+00
    1    3  1.4255E+00  3.4694E+01 -1.1286E+02  0.0000E+00  0.0000E+00  0.0000E+00
    1    3  1.4353E+00  3.4984E+01 -1.1381E+02  0.0000E+00  0.0000E+00  0.0000E+00
    1    3  1.4451E+00  3.5274E+01 -1.1475E+02  0.0000E+00  0.0000E+00  0.0000E+00
    1    3  1.4549E+00  3.5564E+01 -1.1569E+02  0.0000E+00  0.0000E+00  0.0000E+00
    1    3  1.4646E+00  3.5854E+01 -1.1664E+02  0.0000E+00  0.0000E+00  0.0000E+00
    1    3  1.4744E+00  3.6143E+01 -1.1758E+02  0.0000E+00  0.0000E+00  0.0000E+00
    1    3  1.4842E+00  3.6433E+01 -1.1852E+02  0.0000E+00  0.0000E+00  0.0000E+00
    1    3  1.4940E+00  3.6723E+01 -1.1946E+02  0.0000E+00  0.0000E+00  0.0000E+00
    1    3  1.5038E+00  3.7013E+01 -1.2041E+02  0.0000E+00  0.0000E+00  0.0000E+00
    1    3  1.5136E+00  3.7303E+01 -1.2135E+02  0.0000E+00  0.0000E+00  0.0000E+00
    1    3  1.5234E+00  3.7592E+01 -1.2229E+02  0.0000E+00  0.0000E+00  0.0000E+00
    1    3  1.5332E+00  3.7882E+01 -1.2324E+02  0.0000E+00  0.0000E+00  0.0000E+00
    1    3  1.5429E+00  3.8172E+01 -1.2418E+02  0.0000E+00  0.0000E+00  0.0000E+00
    1    3  1.5527E+00  3.8462E+01 -1.2512E+02  0.0000E+00  0.0000E+00  0.0000E+00
    1    3  1.5625E+00  3.8752E+01 -1.2606E+02  0.0000E+00  0.0000E+00  0.0000E+00
    1    3  1.5723E+00  3.9042E+01 -1.2701E+02  0.0000E+00  0.0000E+00  0.0000E+00
    1    3  1.5821E+00  3.9331E+01 -1.2795E+02  0.0000E+00  0.0000E+00  0.0000E+00
    1    3  1.5919E+00  3.9621E+01 -1.2889E+02  0.0000E+00  0.0000E+00  0.0000E+00
    1    3  1.6017E+00  3.9911E+01 -1.2984E+02  0.0000E+00  0.0000E+00  0.0000E+00
    1    3  1.6115E+00  4.0201E+01 -1.3078E+02  0.0000E+00  0.0000E+00  0.0000E+00
    1    3  1.6212E+00  4.0491E+01 -1.3172E+02  0.0000E+00  0.0000E+00  0.0000E+00
    1    3  1.6310E+00  4.0780E+01 -1.3266E+02  0.0000E+00  0.0000E+00  0.0000E+00
    1    3  1.6408E+00  4.1070E+01 -1.3361E+02  0.0000E+00  0.0000E+00  0.0000E+00
    1    3  1.6506E+00  4.1360E+01 -1.3455E+02  0.0000E+00  0.0000E+00  0.0000E+00
    1    3  1.6604E+00  4.1650E+01 -1.3549E+02  0.0000E+00  0.0000E+00  0.0000E+00
    1    3  1.6702E+00  4.1940E+01 -1.3643E+02  0.0000E+00  0.0000E+00  0.0000E+00
    1    3  1.6800E+00  4.2230E+01 -1.3738E+02  0.0000E+00  0.0000E+00  0.0000E+00
    1    3  1.6898E+00  4.2519E+01 -1.3832E+02  0.0000E+00  0.0000E+00  0.0000E+00
    1    3  1.6996E+00  4.2809E+01 -1.3926E+02  0.0000E+00  0.0000E+00  0.0000E+00
    1    3  1.7093E+00  4.3099E+01 -1.4021E+02  0.0000E+00  0.0000E+00  0.0000E+00
    1    3  1.7191E+00  4.3389E+01 -1.4115E+02  0.0000E+00  0.0000E+00  0.0000E+00
    1    3  1.7289E+00  4.3679E+01 -1.4209E+02  0.0000E+00  0.0000E+00  0.0000E+00
    1    3  1.7387E+00  4.3968E+01 -1.4303E+02  0.0000E+00  0.0000E+00  0.0000E+00
    1    3  1.7485E+00  4.4258E+01 -1.4398E+02  0.0000E+00  0.0000E+00  0.0000E+00
    1    3  1.7583E+00  4.4548E+01 -1.4492E+02  0.0000E+00  0.0000E+00  0.0000E+00
    1    3  1.7681E+00  4.4838E+01 -1.4586E+02  0.0000E+00  0.0000E+00  0.0000E+00
    1    3  1.7779E+00  4.5128E+01 -1.4681E+02  0.0000E+00  0.0000E+00  0.0000E+00
    1    3  1.7876E+00  4.5417E+01 -1.4775E+02  0.0000E+00  0.0000E+00  0.0000E+00
    1    3  1.7974E+00  4.5707E+01 -1.4869E+02  0.0000E+00  0.0000E+00  0.0000E+00
    1    3  1.8072E+00  4.5997E+01 -1.4963E+02  0.0000E+00  0.0000E+00  0.0000E+00
    1    3  1.8170E+00  4.6287E+01 -1.5058E+02  0.0000E+00  0.0000E+00  0.0000E+00
    1    3  1.8268E+00  4.6577E+01 -1.5152E+02  0.0000E+00  0.0000E+00  0.0000E+00
    1    3  1.8366E+00  4.6867E+01 -1.5246E+02  0.0000E+00  0.0000E+00  0.0000E+00
    1    3  1.8464E+00  4.7156E+01 -1.5341E+02  0.0000E+00  0.0000E+00  0.0000E+00
    1    3  1.8562E+00  4.7446E+01 -1.5435E+02  0.0000E+00  0.0000E+00  0.0000E+00
    1    3  1.8659E+00  4.7736E+01 -1.5529E+02  0.0000E+00  0.0000E+00  0.0000E+00
    1    3  1.8757E+00  4.8026E+01 -1.5623E+02  0.0000E+00  0.0000E+00  0.0000E+00
    1    3  1.8855E+00  4.8316E+01 -1.5718E+02  0.0000E+00  0.0000E+00  0.0000E+00
    1    3  1.8953E+00  4.8605E+01 -1.5812E+02  0.0000E+00  0.0000E+00  0.0000E+00
    1    3  1.9051E+00  4.8895E+01 -1.5906E+02  0.0000E+00  0.0000E+00  0.0000E+00
    1    3  1.9149E+00  4.9185E+01 -1.6000E+02  0.0000E+00  0.0000E+00  0.0000E+00
    1    3  1.9247E+00  4.9475E+01 -1.6095E+02  0.0000E+00  0.0000E+00  0.0000E+00
    1    3  1.9345E+00  4.9765E+01 -1.6189E+02  0.0000E+00  0.0000E+00  0.0000E+00
    1    3  1.9442E+00  5.0055E+01 -1.6283E+02  0.0000E+00  0.0000E+00  0.0000E+00
    1    3  1.9540E+00  5.0344E+01 -1.6378E+02  0.0000E+00  0.0000E+00  0.0000E+00
    1    3  1.9638E+00  5.0634E+01 -1.6472E+02  0.0000E+00  0.0000E+00  0.0000E+00
    1    3  1.9736E+00  5.0924E+01 -1.6566E+02  0.0000E+00  0.0000E+00  0.0000E+00
    1    3  1.9834E+00  5.1214E+01 -1.6660E+02  0.0000E+00  0.0000E+00  0.0000E+00
    1    3  1.9932E+00  5.1504E+01 -1.6755E+02  0.0000E+00  0.0000E+00  0.0000E+00
