    1    3  9.5709E-03 -1.2926E+01  4.2054E+01  0.0000E+00  0.0000E+00  0.0000E+00
    1    3  5.0920E-02 -7.7462E+00  2.5201E+01  0.0000E+00  0.0000E+00  0.0000E+00
    1    3  1.8811E-01  1.0724E+00 -3.5348E+00  0.0000E+00  0.0000E+00  0.0000E+00
    1    3  3.3647E-01  8.7667E+00 -2.8622E+01  0.0000E+00  0.0000E+00  0.0000E+00
    1    3  4.8485E-01  1.6464E+01 -5.3719E+01  0.0000E+00  0.0000E+00  0.0000E+00
    1    3  6.3322E-01  2.4161E+01 -7.8815E+01  0.0000E+00  0.0000E+00  0.0000E+00
    1    3  7.8159E-01  3.1858E+01 -1.0391E+02  0.0000E+00  0.0000E+00  0.0000E+00
    1    3  9.2996E-01  3.9556E+01 -1.2901E+02  0.0000E+00  0.0000E+00  0.0000E+00
    1    3  1.0783E+00  4.7253E+01 -1.5411E+02  0.0000E+00  0.0000E+00  0.0000E+00
    1    3  1.2267E+00  5.4950E+01 -1.7920E+02  0.0000E+00  0.0000E+00  0.0000E+00
    1    3  1.3751E+00  6.2647E+01 -2.0430E+02  0.0000E+00  0.0000E+00  0.0000E+00
    1    3  1.5234E+00  7.0344E+01 -2.2940E+02  0.0000E+00  0.0000E+00  0.0000E+00
    1    3  1.6718E+00  7.8042E+01 -2.5449E+02  0.0000E+00  0.0000E+00  0.0000E+00
    1    3  1.8202E+00  8.5739E+01 -2.7959E+02  0.0000E+00  0.0000E+00  0.0000E+00
