    1    3  9.5709E-03 -1.2926E+01  4.2054E+01  0.0000E+00  0.0000E+00  0.0000E+00
    1    3  1.7707E-02 -1.1788E+01  3.8350E+01  0.0000E+00  0.0000E+00  0.0000E+00
    1    3  5.3451E-02 -7.7003E+00  2.5059E+01  0.0000E+00  0.0000E+00  0.0000E+00
    1    3  1.2183E-01 -4.2343E+00  1.3792E+01  0.0000E+00  0.0000E+00  0.0000E+00
    1    3  1.9808E-01 -2.4037E+00  7.8628E+00  0.0000E+00  0.0000E+00  0.0000E+00
    1    3  2.7471E-01 -6.4856E-01  2.1809E+00  0.0000E+00  0.0000E+00  0.0000E+00
    1    3  3.5134E-01  1.1054E+00 -3.4972E+00  0.0000E+00  0.0000E+00  0.0000E+00
    1    3  4.2798E-01  2.8594E+00 -9.1753E+00  0.0000E+00  0.0000E+00  0.0000E+00
    1    3  5.0461E-01  4.6133E+00 -1.4853E+01  0.0000E+00  0.0000E+00  0.0000E+00
    1    3  5.8125E-01  6.3673E+00 -2.0532E+01  0.0000E+00  0.0000E+00  0.0000E+00
    1    3  6.5789E-01  8.1212E+00 -2.6210E+01  0.0000E+00  0.0000E+00  0.0000E+00
    1    3  7.3452E-01  9.8752E+00 -3.1888E+01  0.0000E+00  0.0000E+00  0.0000E+00
    1    3  8.1116E-01  1.1629E+01 -3.7566E+01  0.0000E+00  0.0000E+00  0.0000E+00
    1    3  8.8780E-01  1.3383E+01 -4.3244E+01  0.0000E+00  0.0000E+00  0.0000E+00
    1    3  9.6443E-01  1.5137E+01 -4.8922E+01  0.0000E+00  0.0000E+00  0.0000E+00
    1    3  1.0411E+00  1.6891E+01 -5.4600E+01  0.0000E+00  0.0000E+00  0.0000E+00
    1    3  1.1177E+00  1.8645E+01 -6.0278E+01  0.0000E+00  0.0000E+00  0.0000E+00
    1    3  1.1943E+00  2.0399E+01 -6.5956E+01  0.0000E+00  0.0000E+00  0.0000E+00
    1    3  1.2710E+00  2.2153E+01 -7.1635E+01  0.0000E+00  0.0000E+00  0.0000E+00
    1    3  1.3476E+00  2.3907E+01 -7.7313E+01  0.0000E+00  0.0000E+00  0.0000E+00
    1    3  1.4242E+00  2.5661E+01 -8.2991E+01  0.0000E+00  0.0000E+00  0.0000E+00
    1    3  1.5009E+00  2.7415E+01 -8.8669E+01  0.0000E+00  0.0000E+00  0.0000E+00
    1    3  1.5775E+00  2.9169E+01 -9.4347E+01  0.0000E+00  0.0000E+00  0.0000E+00
    1    3  1.6542E+00  3.0923E+01 -1.0003E+02  0.0000E+00  0.0000E+00  0.0000E+00
    1    3  1.7308E+00  3.2677E+01 -1.0570E+02  0.0000E+00  0.0000E+00  0.0000E+00
    1    3  1.8074E+00  3.4431E+01 -1.1138E+02  0.0000E+00  0.0000E+00  0.0000E+00
    1    3  1.8841E+00  3.6185E+01 -1.1706E+02  0.0000E+00  0.0000E+00  0.0000E+00
    1    3  1.9607E+00  3.7939E+01 -1.2274E+02  0.0000E+00  0.0000E+00  0.0000E+00
