    1    3  9.5709E-03 -1.2926E+01  4.2054E+01  0.0000E+00  0.0000E+00  0.0000E+00
    1    3  9.6202E-03 -1.2920E+01  4.2032E+01  0.0000E+00  0.0000E+00  0.0000E+00
    1    3  9.7685E-03 -1.2900E+01  4.1967E+01  0.0000E+00  0.0000E+00  0.0000E+00
    1    3  1.0017E-02 -1.2866E+01  4.1858E+01  0.0000E+00  0.0000E+00  0.0000E+00
    1    3  1.0369E-02 -1.2819E+01  4.1703E+01  0.0000E+00  0.0000E+00  0.0000E+00
    1    3  1.0828E-02 -1.2757E+01  4.1502E+01  0.0000E+00  0.0000E+00  0.0000E+00
    1    3  1.1397E-02 -1.2680E+01  4.1253E+01  0.0000E+00  0.0000E+00  0.0000E+00
    1    3  1.2084E-02 -1.2588E+01  4.0953E+01  0.0000E+00  0.0000E+00  0.0000E+00
    1    3  1.2894E-02 -1.2480E+01  4.0601E+01  0.0000E+00  0.0000E+00  0.0000E+00
    1    3  1.3833E-02 -1.2355E+01  4.0195E+01  0.0000E+00  0.0000E+00  0.0000E+00
    1    3  1.4901E-02 -1.2213E+01  3.9734E+01  0.0000E+00  0.0000E+00  0.0000E+00
    1    3  1.6100E-02 -1.2055E+01  3.9219E+01  0.0000E+00  0.0000E+00  0.0000E+00
    1    3  1.7432E-02 -1.1880E+01  3.8650E+01  0.0000E+00  0.0000E+00  0.0000E+00
    1    3  1.8897E-02 -1.1689E+01  3.8028E+01  0.0000E+00  0.0000E+00  0.0000E+00
    1    3  2.0498E-02 -1.1481E+01  3.7352E+01  0.0000E+00  0.0000E+00  0.0000E+00
    1    3  2.2236E-02 -1.1258E+01  3.6624E+01  0.0000E+00  0.0000E+00  0.0000E+00
    1    3  2.4114E-02 -1.1018E+01  3.5844E+01  0.0000E+00  0.0000E+00  0.0000E+00
    1    3  2.6134E-02 -1.0763E+01  3.5014E+01  0.0000E+00  0.0000E+00  0.0000E+00
    1    3  2.8298E-02 -1.0492E+01  3.4134E+01  0.0000E+00  0.0000E+00  0.0000E+00
    1    3  3.0610E-02 -1.0208E+01  3.3208E+01  0.0000E+00  0.0000E+00  0.0000E+00
    1    3  3.3074E-02 -9.9094E+00  3.2238E+01  0.0000E+00  0.0000E+00  0.0000E+00
    1    3  3.5693E-02 -9.5988E+00  3.1227E+01  0.0000E+00  0.0000E+00  0.0000E+00
    1    3  3.8471E-02 -9.2767E+00  3.0179E+01  0.0000E+00  0.0000E+00  0.0000E+00
    1    3  4.1409E-02 -8.9451E+00  2.9100E+01  0.0000E+00  0.0000E+00  0.0000E+00
    1    3  4.4512E-02 -8.6064E+00  2.7999E+01  0.0000E+00  0.0000E+00  0.0000E+00
    1    3  4.7781E-02 -8.2635E+00  2.6883E+01  0.0000E+00  0.0000E+00  0.0000E+00
    1    3  5.1217E-02 -7.9189E+00  2.5762E+01  0.0000E+00  0.0000E+00  0.0000E+00
    1    3  5.4819E-02 -7.5762E+00  2.4648E+01  0.0000E+00  0.0000E+00  0.0000E+00
    1    3  5.8581E-02 -7.2398E+00  2.3553E+01  0.0000E+00  0.0000E+00  0.0000E+00
    1    3  6.2498E-02 -6.9135E+00  2.2492E+01  0.0000E+00  0.0000E+00  0.0000E+00
    1    3  6.6560E-02 -6.6005E+00  2.1473E+01  0.0000E+00  0.0000E+00  0.0000E+00
    1    3  7.0753E-02 -6.3033E+00  2.0507E+01  0.0000E+00  0.0000E+00  0.0000E+00
    1    3  7.5060E-02 -6.0238E+00  1.9597E+01  0.0000E+00  0.0000E+00  0.0000E+00
    1    3  7.9467E-02 -5.7630E+00  1.8749E+01  0.0000E+00  0.0000E+00  0.0000E+00
    1    3  8.3959E-02 -5.5196E+00  1.7957E+01  0.0000E+00  0.0000E+00  0.0000E+00
    1    3  8.8521E-02 -5.2923E+00  1.7217E+01  0.0000E+00  0.0000E+00  0.0000E+00
    1    3  9.3141E-02 -5.0795E+00  1.6525E+01  0.0000E+00  0.0000E+00  0.0000E+00
    1    3  9.7810E-02 -4.8791E+00  1.5873E+01  0.0000E+00  0.0000E+00  0.0000E+00
    1    3  1.0252E-01 -4.6892E+00  1.5255E+01  0.0000E+00  0.0000E+00  0.0000E+00
    1    3  1.0726E-01 -4.5081E+00  1.4666E+01  0.0000E+00  0.0000E+00  0.0000E+00
    1    3  1.1203E-01 -4.3343E+00  1.4100E+01  0.0000E+00  0.0000E+00  0.0000E+00
    1    3  1.1682E-01 -4.1664E+00  1.3554E+01  0.0000E+00  0.0000E+00  0.0000E+00
    1    3  1.2164E-01 -4.0032E+00  1.3023E+01  0.0000E+00  0.0000E+00  0.0000E+00
    1    3  1.2646E-01 -3.8439E+00  1.2505E+01  0.0000E+00  0.0000E+00  0.0000E+00
    1    3  1.3130E-01 -3.6878E+00  1.1996E+01  0.0000E+00  0.0000E+00  0.0000E+00
    1    3  1.3616E-01 -3.5341E+00  1.1496E+01  0.0000E+00  0.0000E+00  0.0000E+00
    1    3  1.4102E-01 -3.3824E+00  1.1003E+01  0.0000E+00  0.0000E+00  0.0000E+00
    1    3  1.4588E-01 -3.2322E+00  1.0514E+01  0.0000E+00  0.0000E+00  0.0000E+00
    1    3  1.5076E-01 -3.0833E+00  1.0029E+01  0.0000E+00  0.0000E+00  0.0000E+00
    1    3  1.5563E-01 -2.9354E+00  9.5480E+00  0.0000E+00  0.0000E+00  0.0000E+00
    1    3  1.6052E-01 -2.7882E+00  9.0690E+00  0.0000E+00  0.0000E+00  0.0000E+00
    1    3  1.6540E-01 -2.6417E+00  8.5920E+00  0.0000E+00  0.0000E+00  0.0000E+00
    1    3  1.7029E-01 -2.4956E+00  8.1165E+00  0.0000E+00  0.0000E+00  0.0000E+00
    1    3  1.7518E-01 -2.3498E+00  7.6422E+00  0.0000E+00  0.0000E+00  0.0000E+00
    1    3  1.8007E-01 -2.2043E+00  7.1688E+00  0.0000E+00  0.0000E+00  0.0000E+00
    1    3  1.8497E-01 -2.0591E+00  6.6960E+00  0.0000E+00  0.0000E+00  0.0000E+00
    1    3  1.8986E-01 -1.9140E+00  6.2238E+00  0.0000E+00  0.0000E+00  0.0000E+00
    1    3  1.9475E-01 -1.7690E+00  5.7520E+00  0.0000E+00  0.0000E+00  0.0000E+00
    1    3  1.9965E-01 -1.6241E+00  5.2804E+00  0.0000E+00  0.0000E+00  0.0000E+00
    1    3  2.0455E-01 -1.4793E+00  4.8091E+00  0.0000E+00  0.0000E+00  0.0000E+00
    1    3  2.0944E-01 -1.3345E+00  4.3379E+00  0.0000E+00  0.0000E+00  0.0000E+00
    1    3  2.1434E-01 -1.1898E+00  3.8669E+00  0.0000E+00  0.0000E+00  0.0000E+00
    1    3  2.1924E-01 -1.0450E+00  3.3960E+00  0.0000E+00  0.0000E+00  0.0000E+00
    1    3  2.2414E-01 -9.0036E-01  2.9251E+00  0.0000E+00  0.0000E+00  0.0000E+00
    1    3  2.2904E-01 -7.5568E-01  2.4542E+00  0.0000E+00  0.0000E+00  0.0000E+00
    1    3  2.3393E-01 -6.1101E-01  1.9834E+00  0.0000E+00  0.0000E+00  0.0000E+00
    1    3  2.3883E-01 -4.6635E-01  1.5126E+00  0.0000E+00  0.0000E+00  0.0000E+00
    1    3  2.4373E-01 -3.2169E-01  1.0419E+00  0.0000E+00  0.0000E+00  0.0000E+00
    1    3  2.4863E-01 -1.7703E-01  5.7108E-01  0.0000E+00  0.0000E+00  0.0000E+00
    1    3  2.5353E-01 -3.2380E-02  1.0032E-01  0.0000E+00  0.0000E+00  0.0000E+00
    1    3  2.5843E-01  1.1227E-01 -3.7045E-01  0.0000E+00  0.0000E+00  0.0000E+00
    1    3  2.6333E-01  2.5693E-01 -8.4121E-01  0.0000E+00  0.0000E+00  0.0000E+00
    1    3  2.6822E-01  4.0158E-01 -1.3120E+00  0.0000E+00  0.0000E+00  0.0000E+00
    1    3  2.7312E-01  5.4624E-01 -1.7827E+00  0.0000E+00  0.0000E+00  0.0000E+00
    1    3  2.7802E-01  6.9089E-01 -2.2535E+00  0.0000E+00  0.0000E+00  0.0000E+00
    1    3  2.8292E-01  8.3555E-01 -2.7243E+00  0.0000E+00  0.0000E+00  0.0000E+00
    1    3  2.8782E-01  9.8020E-01 -3.1950E+00  0.0000E+00  0.0000E+00  0.0000E+00
    1    3  2.9272E-01  1.1249E+00 -3.6658E+00  0.0000E+00  0.0000E+00  0.0000E+00
    1    3  2.9762E-01  1.2695E+00 -4.1366E+00  0.0000E+00  0.0000E+00  0.0000E+00
    1    3  3.0252E-01  1.4142E+00 -4.6074E+00  0.0000E+00  0.0000E+00  0.0000E+00
    1    3  3.0741E-01  1.5588E+00 -5.0781E+00  0.0000E+00  0.0000E+00  0.0000E+00
    1    3  3.1231E-01  1.7035E+00 -5.5489E+00  0.0000E+00  0.0000E+00  0.0000E+00
    1    3  3.1721E-01  1.8482E+00 -6.0197E+00  0.0000E+00  0.0000E+00  0.0000E+00
    1    3  3.2211E-01  1.9928E+00 -6.4905E+00  0.0000E+00  0.0000E+00  0.0000E+00
    1    3  3.2701E-01  2.1375E+00 -6.9613E+00  0.0000E+00  0.0000E+00  0.0000E+00
    1    3  3.3191E-01  2.2821E+00 -7.4320E+00  0.0000E+00  0.0000E+00  0.0000E+00
    1    3  3.3681E-01  2.4268E+00 -7.9028E+00  0.0000E+00  0.0000E+00  0.0000E+00
    1    3  3.4171E-01  2.5714E+00 -8.3736E+00  0.0000E+00  0.0000E+00  0.0000E+00
    1    3  3.4660E-01  2.7161E+00 -8.8444E+00  0.0000E+00  0.0000E+00  0.0000E+00
    1    3  3.5150E-01  2.8608E+00 -9.3152E+00  0.0000E+00  0.0000E+00  0.0000E+00
    1    3  3.5640E-01  3.0054E+00 -9.7859E+00  0.0000E+00  0.0000E+00  0.0000E+00
    1    3  3.6130E-01  3.1501E+00 -1.0257E+01  0.0000E+00  0.0000E+00  0.0000E+00
    1    3  3.6620E-01  3.2947E+00 -1.0728E+01  0.0000E+00  0.0000E+00  0.0000E+00
    1    3  3.7110E-01  3.4394E+00 -1.1198E+01  0.0000E+00  0.0000E+00  0.0000E+00
    1    3  3.7600E-01  3.5841E+00 -1.1669E+01  0.0000E+00  0.0000E+00  0.0000E+00
    1    3  3.8090E-01  3.7287E+00 -1.2140E+01  0.0000E+00  0.0000E+00  0.0000E+00
    1    3  3.8580E-01  3.8734E+00 -1.2611E+01  0.0000E+00  0.0000E+00  0.0000E+00
    1    3  3.9069E-01  4.0180E+00 -1.3081E+01  0.0000E+00  0.0000E+00  0.0000E+00
    1    3  3.9559E-01  4.1627E+00 -1.3552E+01  0.0000E+00  0.0000E+00  0.0000E+00
    1    3  4.0049E-01  4.3074E+00 -1.4023E+01  0.0000E+00  0.0000E+00  0.0000E+00
    1    3  4.0539E-01  4.4520E+00 -1.4494E+01  0.0000E+00  0.0000E+00  0.0000E+00
    1    3  4.1029E-01  4.5967E+00 -1.4965E+01  0.0000E+00  0.0000E+00  0.0000E+00
    1    3  4.1519E-01  4.7413E+00 -1.5435E+01  0.0000E+00  0.0000E+00  0.0000E+00
    1    3  4.2009E-01  4.8860E+00 -1.5906E+01  0.0000E+00  0.0000E+00  0.0000E+00
    1    3  4.2499E-01  5.0307E+00 -1.6377E+01  0.0000E+00  0.0000E+00  0.0000E+00
    1    3  4.2988E-01  5.1753E+00 -1.6848E+01  0.0000E+00  0.0000E+00  0.0000E+00
    1    3  4.3478E-01  5.3200E+00 -1.7318E+01  0.0000E+00  0.0000E+00  0.0000E+00
    1    3  4.3968E-01  5.4646E+00 -1.7789E+01  0.0000E+00  0.0000E+00  0.0000E+00
    1    3  4.4458E-01  5.6093E+00 -1.8260E+01  0.0000E+00  0.0000E+00  0.0000E+00
    1    3  4.4948E-01  5.7540E+00 -1.8731E+01  0.0000E+00  0.0000E+00  0.0000E+00
    1    3  4.5438E-01  5.8986E+00 -1.9202E+01  0.0000E+00  0.0000E+00  0.0000E+00
    1    3  4.5928E-01  6.0433E+00 -1.9672E+01  0.0000E+00  0.0000E+00  0.0000E+00
    1    3  4.6418E-01  6.1879E+00 -2.0143E+01  0.0000E+00  0.0000E+00  0.0000E+00
    1    3  4.6908E-01  6.3326E+00 -2.0614E+01  0.0000E+00  0.0000E+00  0.0000E+00
    1    3  4.7397E-01  6.4773E+00 -2.1085E+01  0.0000E+00  0.0000E+00  0.0000E+00
    1    3  4.7887E-01  6.6219E+00 -2.1555E+01  0.0000E+00  0.0000E+00  0.0000E+00
    1    3  4.8377E-01  6.7666E+00 -2.2026E+01  0.0000E+00  0.0000E+00  0.0000E+00
    1    3  4.8867E-01  6.9112E+00 -2.2497E+01  0.0000E+00  0.0000E+00  0.0000E+00
    1    3  4.9357E-01  7.0559E+00 -2.2968E+01  0.0000E+00  0.0000E+00  0.0000E+00
    1    3  4.9847E-01  7.2005E+00 -2.3439E+01  0.0000E+00  0.0000E+00  0.0000E+00
    1    3  5.0337E-01  7.3452E+00 -2.3909E+01  0.0000E+00  0.0000E+00  0.0000E+00
    1    3  5.0827E-01  7.4899E+00 -2.4380E+01  0.0000E+00  0.0000E+00  0.0000E+00
    1    3  5.1316E-01  7.6345E+00 -2.4851E+01  0.0000E+00  0.0000E+00  0.0000E+00
    1    3  5.1806E-01  7.7792E+00 -2.5322E+01  0.0000E+00  0.0000E+00  0.0000E+00
    1    3  5.2296E-01  7.9238E+00 -2.5793E+01  0.0000E+00  0.0000E+00  0.0000E+00
    1    3  5.2786E-01  8.0685E+00 -2.6263E+01  0.0000E+00  0.0000E+00  0.0000E+00
    1    3  5.3276E-01  8.2132E+00 -2.6734E+01  0.0000E+00  0.0000E+00  0.0000E+00
    1    3  5.3766E-01  8.3578E+00 -2.7205E+01  0.0000E+00  0.0000E+00  0.0000E+00
    1    3  5.4256E-01  8.5025E+00 -2.7676E+01  0.0000E+00  0.0000E+00  0.0000E+00
    1    3  5.4746E-01  8.6471E+00 -2.8146E+01  0.0000E+00  0.0000E+00  0.0000E+00
    1    3  5.5236E-01  8.7918E+00 -2.8617E+01  0.0000E+00  0.0000E+00  0.0000E+00
    1    3  5.5725E-01  8.9365E+00 -2.9088E+01  0.0000E+00  0.0000E+00  0.0000E+00
    1    3  5.6215E-01  9.0811E+00 -2.9559E+01  0.0000E+00  0.0000E+00  0.0000E+00
    1    3  5.6705E-01  9.2258E+00 -3.0030E+01  0.0000E+00  0.0000E+00  0.0000E+00
    1    3  5.7195E-01  9.3704E+00 -3.0500E+01  0.0000E+00  0.0000E+00  0.0000E+00
    1    3  5.7685E-01  9.5151E+00 -3.0971E+01  0.0000E+00  0.0000E+00  0.0000E+00
    1    3  5.8175E-01  9.6598E+00 -3.1442E+01  0.0000E+00  0.0000E+00  0.0000E+00
    1    3  5.8665E-01  9.8044E+00 -3.1913E+01  0.0000E+00  0.0000E+00  0.0000E+00
    1    3  5.9155E-01  9.9491E+00 -3.2383E+01  0.0000E+00  0.0000E+00  0.0000E+00
    1    3  5.9644E-01  1.0094E+01 -3.2854E+01  0.0000E+00  0.0000E+00  0.0000E+00
    1    3  6.0134E-01  1.0238E+01 -3.3325E+01  0.0000E+00  0.0000E+00  0.0000E+00
    1    3  6.0624E-01  1.0383E+01 -3.3796E+01  0.0000E+00  0.0000E+00  0.0000E+00
    1    3  6.1114E-01  1.0528E+01 -3.4267E+01  0.0000E+00  0.0000E+00  0.0000E+00
    1    3  6.1604E-01  1.0672E+01 -3.4737E+01  0.0000E+00  0.0000E+00  0.0000E+00
    1    3  6.2094E-01  1.0817E+01 -3.5208E+01  0.0000E+00  0.0000E+00  0.0000E+00
    1    3  6.2584E-01  1.0962E+01 -3.5679E+01  0.0000E+00  0.0000E+00  0.0000E+00
    1    3  6.3074E-01  1.1106E+01 -3.6150E+01  0.0000E+00  0.0000E+00  0.0000E+00
    1    3  6.3564E-01  1.1251E+01 -3.6620E+01  0.0000E+00  0.0000E+00  0.0000E+00
    1    3  6.4053E-01  1.1396E+01 -3.7091E+01  0.0000E+00  0.0000E+00  0.0000E+00
    1    3  6.4543E-01  1.1540E+01 -3.7562E+01  0.0000E+00  0.0000E+00  0.0000E+00
    1    3  6.5033E-01  1.1685E+01 -3.8033E+01  0.0000E+00  0.0000E+00  0.0000E+00
    1    3  6.5523E-01  1.1830E+01 -3.8504E+01  0.0000E+00  0.0000E+00  0.0000E+00
    1    3  6.6013E-01  1.1974E+01 -3.8974E+01  0.0000E+00  0.0000E+00  0.0000E+00
    1    3  6.6503E-01  1.2119E+01 -3.9445E+01  0.0000E+00  0.0000E+00  0.0000E+00
    1    3  6.6993E-01  1.2264E+01 -3.9916E+01  0.0000E+00  0.0000E+00  0.0000E+00
    1    3  6.7483E-01  1.2408E+01 -4.0387E+01  0.0000E+00  0.0000E+00  0.0000E+00
    1    3  6.7972E-01  1.2553E+01 -4.0858E+01  0.0000E+00  0.0000E+00  0.0000E+00
    1    3  6.8462E-01  1.2698E+01 -4.1328E+01  0.0000E+00  0.0000E+00  0.0000E+00
    1    3  6.8952E-01  1.2842E+01 -4.1799E+01  0.0000E+00  0.0000E+00  0.0000E+00
    1    3  6.9442E-01  1.2987E+01 -4.2270E+01  0.0000E+00  0.0000E+00  0.0000E+00
    1    3  6.9932E-01  1.3132E+01 -4.2741E+01  0.0000E+00  0.0000E+00  0.0000E+00
    1    3  7.0422E-01  1.3276E+01 -4.3211E+01  0.0000E+00  0.0000E+00  0.0000E+00
    1    3  7.0912E-01  1.3421E+01 -4.3682E+01  0.0000E+00  0.0000E+00  0.0000E+00
    1    3  7.1402E-01  1.3566E+01 -4.4153E+01  0.0000E+00  0.0000E+00  0.0000E+00
    1    3  7.1892E-01  1.3710E+01 -4.4624E+01  0.0000E+00  0.0000E+00  0.0000E+00
    1    3  7.2381E-01  1.3855E+01 -4.5095E+01  0.0000E+00  0.0000E+00  0.0000E+00
    1    3  7.2871E-01  1.4000E+01 -4.5565E+01  0.0000E+00  0.0000E+00  0.0000E+00
    1    3  7.3361E-01  1.4144E+01 -4.6036E+01  0.0000E+00  0.0000E+00  0.0000E+00
    1    3  7.3851E-01  1.4289E+01 -4.6507E+01  0.0000E+00  0.0000E+00  0.0000E+00
    1    3  7.4341E-01  1.4434E+01 -4.6978E+01  0.0000E+00  0.0000E+00  0.0000E+00
    1    3  7.4831E-01  1.4578E+01 -4.7448E+01  0.0000E+00  0.0000E+00  0.0000E+00
    1    3  7.5321E-01  1.4723E+01 -4.7919E+01  0.0000E+00  0.0000E+00  0.0000E+00
    1    3  7.5811E-01  1.4868E+01 -4.8390E+01  0.0000E+00  0.0000E+00  0.0000E+00
    1    3  7.6301E-01  1.5012E+01 -4.8861E+01  0.0000E+00  0.0000E+00  0.0000E+00
    1    3  7.6790E-01  1.5157E+01 -4.9332E+01  0.0000E+00  0.0000E+00  0.0000E+00
    1    3  7.7280E-01  1.5301E+01 -4.9802E+01  0.0000E+00  0.0000E+00  0.0000E+00
    1    3  7.7770E-01  1.5446E+01 -5.0273E+01  0.0000E+00  0.0000E+00  0.0000E+00
    1    3  7.8260E-01  1.5591E+01 -5.0744E+01  0.0000E+00  0.0000E+00  0.0000E+00
    1    3  7.8750E-01  1.5735E+01 -5.1215E+01  0.0000E+00  0.0000E+00  0.0000E+00
    1    3  7.9240E-01  1.5880E+01 -5.1686E+01  0.0000E+00  0.0000E+00  0.0000E+00
    1    3  7.9730E-01  1.6025E+01 -5.2156E+01  0.0000E+00  0.0000E+00  0.0000E+00
    1    3  8.0220E-01  1.6169E+01 -5.2627E+01  0.0000E+00  0.0000E+00  0.0000E+00
    1    3  8.0709E-01  1.6314E+01 -5.3098E+01  0.0000E+00  0.0000E+00  0.0000E+00
    1    3  8.1199E-01  1.6459E+01 -5.3569E+01  0.0000E+00  0.0000E+00  0.0000E+00
    1    3  8.1689E-01  1.6603E+01 -5.4039E+01  0.0000E+00  0.0000E+00  0.0000E+00
    1    3  8.2179E-01  1.6748E+01 -5.4510E+01  0.0000E+00  0.0000E+00  0.0000E+00
    1    3  8.2669E-01  1.6893E+01 -5.4981E+01  0.0000E+00  0.0000E+00  0.0000E+00
    1    3  8.3159E-01  1.7037E+01 -5.5452E+01  0.0000E+00  0.0000E+00  0.0000E+00
    1    3  8.3649E-01  1.7182E+01 -5.5923E+01  0.0000E+00  0.0000E+00  0.0000E+00
    1    3  8.4139E-01  1.7327E+01 -5.6393E+01  0.0000E+00  0.0000E+00  0.0000E+00
    1    3  8.4629E-01  1.7471E+01 -5.6864E+01  0.0000E+00  0.0000E+00  0.0000E+00
    1    3  8.5118E-01  1.7616E+01 -5.7335E+01  0.0000E+00  0.0000E+00  0.0000E+00
    1    3  8.5608E-01  1.7761E+01 -5.7806E+01  0.0000E+00  0.0000E+00  0.0000E+00
    1    3  8.6098E-01  1.7905E+01 -5.8276E+01  0.0000E+00  0.0000E+00  0.0000E+00
    1    3  8.6588E-01  1.8050E+01 -5.8747E+01  0.0000E+00  0.0000E+00  0.0000E+00
    1    3  8.7078E-01  1.8195E+01 -5.9218E+01  0.0000E+00  0.0000E+00  0.0000E+00
    1    3  8.7568E-01  1.8339E+01 -5.9689E+01  0.0000E+00  0.0000E+00  0.0000E+00
    1    3  8.8058E-01  1.8484E+01 -6.0160E+01  0.0000E+00  0.0000E+00  0.0000E+00
    1    3  8.8548E-01  1.8629E+01 -6.0630E+01  0.0000E+00  0.0000E+00  0.0000E+00
    1    3  8.9037E-01  1.8773E+01 -6.1101E+01  0.0000E+00  0.0000E+00  0.0000E+00
    1    3  8.9527E-01  1.8918E+01 -6.1572E+01  0.0000E+00  0.0000E+00  0.0000E+00
    1    3  9.0017E-01  1.9063E+01 -6.2043E+01  0.0000E+00  0.0000E+00  0.0000E+00
    1    3  9.0507E-01  1.9207E+01 -6.2513E+01  0.0000E+00  0.0000E+00  0.0000E+00
    1    3  9.0997E-01  1.9352E+01 -6.2984E+01  0.0000E+00  0.0000E+00  0.0000E+00
    1    3  9.1487E-01  1.9497E+01 -6.3455E+01  0.0000E+00  0.0000E+00  0.0000E+00
    1    3  9.1977E-01  1.9641E+01 -6.3926E+01  0.0000E+00  0.0000E+00  0.0000E+00
    1    3  9.2467E-01  1.9786E+01 -6.4397E+01  0.0000E+00  0.0000E+00  0.0000E+00
    1    3  9.2957E-01  1.9931E+01 -6.4867E+01  0.0000E+00  0.0000E+00  0.0000E+00
    1    3  9.3446E-01  2.0075E+01 -6.5338E+01  0.0000E+00  0.0000E+00  0.0000E+00
    1    3  9.3936E-01  2.0220E+01 -6.5809E+01  0.0000E+00  0.0000E+00  0.0000E+00
    1    3  9.4426E-01  2.0365E+01 -6.6280E+01  0.0000E+00  0.0000E+00  0.0000E+00
    1    3  9.4916E-01  2.0509E+01 -6.6751E+01  0.0000E+00  0.0000E+00  0.0000E+00
    1    3  9.5406E-01  2.0654E+01 -6.7221E+01  0.0000E+00  0.0000E+00  0.0000E+00
    1    3  9.5896E-01  2.0799E+01 -6.7692E+01  0.0000E+00  0.0000E+00  0.0000E+00
    1    3  9.6386E-01  2.0943E+01 -6.8163E+01  0.0000E+00  0.0000E+00  0.0000E+00
    1    3  9.6876E-01  2.1088E+01 -6.8634E+01  0.0000E+00  0.0000E+00  0.0000E+00
    1    3  9.7365E-01  2.1233E+01 -6.9104E+01  0.0000E+00  0.0000E+00  0.0000E+00
    1    3  9.7855E-01  2.1377E+01 -6.9575E+01  0.0000E+00  0.0000E+00  0.0000E+00
    1    3  9.8345E-01  2.1522E+01 -7.0046E+01  0.0000E+00  0.0000E+00  0.0000E+00
    1    3  9.8835E-01  2.1667E+01 -7.0517E+01  0.0000E+00  0.0000E+00  0.0000E+00
    1    3  9.9325E-01  2.1811E+01 -7.0988E+01  0.0000E+00  0.0000E+00  0.0000E+00
    1    3  9.9815E-01  2.1956E+01 -7.1458E+01  0.0000E+00  0.0000E+00  0.0000E+00
    1    3  1.0030E+00  2.2100E+01 -7.1929E+01  0.0000E+00  0.0000E+00  0.0000E+00
    1    3  1.0079E+00  2.2245E+01 -7.2400E+01  0.0000E+00  0.0000E+00  0.0000E+00
    1    3  1.0128E+00  2.2390E+01 -7.2871E+01  0.0000E+00  0.0000E+00  0.0000E+00
    1    3  1.0177E+00  2.2534E+01 -7.3341E+01  0.0000E+00  0.0000E+00  0.0000E+00
    1    3  1.0226E+00  2.2679E+01 -7.3812E+01  0.0000E+00  0.0000E+00  0.0000E+00
    1    3  1.0275E+00  2.2824E+01 -7.4283E+01  0.0000E+00  0.0000E+00  0.0000E+00
    1    3  1.0324E+00  2.2968E+01 -7.4754E+01  0.0000E+00  0.0000E+00  0.0000E+00
    1    3  1.0373E+00  2.3113E+01 -7.5225E+01  0.0000E+00  0.0000E+00  0.0000E+00
    1    3  1.0422E+00  2.3258E+01 -7.5695E+01  0.0000E+00  0.0000E+00  0.0000E+00
    1    3  1.0471E+00  2.3402E+01 -7.6166E+01  0.0000E+00  0.0000E+00  0.0000E+00
    1    3  1.0520E+00  2.3547E+01 -7.6637E+01  0.0000E+00  0.0000E+00  0.0000E+00
    1    3  1.0569E+00  2.3692E+01 -7.7108E+01  0.0000E+00  0.0000E+00  0.0000E+00
    1    3  1.0618E+00  2.3836E+01 -7.7579E+01  0.0000E+00  0.0000E+00  0.0000E+00
    1    3  1.0667E+00  2.3981E+01 -7.8049E+01  0.0000E+00  0.0000E+00  0.0000E+00
    1    3  1.0716E+00  2.4126E+01 -7.8520E+01  0.0000E+00  0.0000E+00  0.0000E+00
    1    3  1.0765E+00  2.4270E+01 -7.8991E+01  0.0000E+00  0.0000E+00  0.0000E+00
    1    3  1.0814E+00  2.4415E+01 -7.9462E+01  0.0000E+00  0.0000E+00  0.0000E+00
    1    3  1.0863E+00  2.4560E+01 -7.9932E+01  0.0000E+00  0.0000E+00  0.0000E+00
    1    3  1.0912E+00  2.4704E+01 -8.0403E+01  0.0000E+00  0.0000E+00  0.0000E+00
    1    3  1.0961E+00  2.4849E+01 -8.0874E+01  0.0000E+00  0.0000E+00  0.0000E+00
    1    3  1.1010E+00  2.4994E+01 -8.1345E+01  0.0000E+00  0.0000E+00  0.0000E+00
    1    3  1.1059E+00  2.5138E+01 -8.1816E+01  0.0000E+00  0.0000E+00  0.0000E+00
    1    3  1.1108E+00  2.5283E+01 -8.2286E+01  0.0000E+00  0.0000E+00  0.0000E+00
    1    3  1.1157E+00  2.5428E+01 -8.2757E+01  0.0000E+00  0.0000E+00  0.0000E+00
    1    3  1.1206E+00  2.5572E+01 -8.3228E+01  0.0000E+00  0.0000E+00  0.0000E+00
    1    3  1.1255E+00  2.5717E+01 -8.3699E+01  0.0000E+00  0.0000E+00  0.0000E+00
    1    3  1.1304E+00  2.5862E+01 -8.4169E+01  0.0000E+00  0.0000E+00  0.0000E+00
    1    3  1.1353E+00  2.6006E+01 -8.4640E+01  0.0000E+00  0.0000E+00  0.0000E+00
    1    3  1.1402E+00  2.6151E+01 -8.5111E+01  0.0000E+00  0.0000E+00  0.0000E+00
    1    3  1.1451E+00  2.6296E+01 -8.5582E+01  0.0000E+00  0.0000E+00  0.0000E+00
    1    3  1.1500E+00  2.6440E+01 -8.6053E+01  0.0000E+00  0.0000E+00  0.0000E+00
    1    3  1.1549E+00  2.6585E+01 -8.6523E+01  0.0000E+00  0.0000E+00  0.0000E+00
    1    3  1.1598E+00  2.6730E+01 -8.6994E+01  0.0000E+00  0.0000E+00  0.0000E+00
    1    3  1.1647E+00  2.6874E+01 -8.7465E+01  0.0000E+00  0.0000E+00  0.0000E+00
    1    3  1.1696E+00  2.7019E+01 -8.7936E+01  0.0000E+00  0.0000E+00  0.0000E+00
    1    3  1.1745E+00  2.7164E+01 -8.8406E+01  0.0000E+00  0.0000E+00  0.0000E+00
    1    3  1.1794E+00  2.7308E+01 -8.8877E+01  0.0000E+00  0.0000E+00  0.0000E+00
    1    3  1.1843E+00  2.7453E+01 -8.9348E+01  0.0000E+00  0.0000E+00  0.0000E+00
    1    3  1.1892E+00  2.7598E+01 -8.9819E+01  0.0000E+00  0.0000E+00  0.0000E+00
    1    3  1.1941E+00  2.7742E+01 -9.0290E+01  0.0000E+00  0.0000E+00  0.0000E+00
    1    3  1.1990E+00  2.7887E+01 -9.0760E+01  0.0000E+00  0.0000E+00  0.0000E+00
    1    3  1.2039E+00  2.8032E+01 -9.1231E+01  0.0000E+00  0.0000E+00  0.0000E+00
    1    3  1.2088E+00  2.8176E+01 -9.1702E+01  0.0000E+00  0.0000E+00  0.0000E+00
    1    3  1.2137E+00  2.8321E+01 -9.2173E+01  0.0000E+00  0.0000E+00  0.0000E+00
    1    3  1.2186E+00  2.8466E+01 -9.2644E+01  0.0000E+00  0.0000E+00  0.0000E+00
    1    3  1.2235E+00  2.8610E+01 -9.3114E+01  0.0000E+00  0.0000E+00  0.0000E+00
    1    3  1.2284E+00  2.8755E+01 -9.3585E+01  0.0000E+00  0.0000E+00  0.0000E+00
    1    3  1.2333E+00  2.8899E+01 -9.4056E+01  0.0000E+00  0.0000E+00  0.0000E+00
    1    3  1.2382E+00  2.9044E+01 -9.4527E+01  0.0000E+00  0.0000E+00  0.0000E+00
    1    3  1.2431E+00  2.9189E+01 -9.4997E+01  0.0000E+00  0.0000E+00  0.0000E+00
    1    3  1.2480E+00  2.9333E+01 -9.5468E+01  0.0000E+00  0.0000E+00  0.0000E+00
    1    3  1.2529E+00  2.9478E+01 -9.5939E+01  0.0000E+00  0.0000E+00  0.0000E+00
    1    3  1.2578E+00  2.9623E+01 -9.6410E+01  0.0000E+00  0.0000E+00  0.0000E+00
    1    3  1.2627E+00  2.9767E+01 -9.6881E+01  0.0000E+00  0.0000E+00  0.0000E+00
    1    3  1.2676E+00  2.9912E+01 -9.7351E+01  0.0000E+00  0.0000E+00  0.0000E+00
    1    3  1.2725E+00  3.0057E+01 -9.7822E+01  0.0000E+00  0.0000E+00  0.0000E+00
    1    3  1.2774E+00  3.0201E+01 -9.8293E+01  0.0000E+00  0.0000E+00  0.0000E+00
    1    3  1.2823E+00  3.0346E+01 -9.8764E+01  0.0000E+00  0.0000E+00  0.0000E+00
    1    3  1.2872E+00  3.0491E+01 -9.9234E+01  0.0000E+00  0.0000E+00  0.0000E+00
    1    3  1.2921E+00  3.0635E+01 -9.9705E+01  0.0000E+00  0.0000E+00  0.0000E+00
    1    3  1.2970E+00  3.0780E+01 -1.0018E+02  0.0000E+00  0.0000E+00  0.0000E+00
    1    3  1.3019E+00  3.0925E+01 -1.0065E+02  0.0000E+00  0.0000E+00  0.0000E+00
    1    3  1.3068E+00  3.1069E+01 -1.0112E+02  0.0000E+00  0.0000E+00  0.0000E+00
    1    3  1.3117E+00  3.1214E+01 -1.0159E+02  0.0000E+00  0.0000E+00  0.0000E+00
    1    3  1.3166E+00  3.1359E+01 -1.0206E+02  0.0000E+00  0.0000E+00  0.0000E+00
    1    3  1.3215E+00  3.1503E+01 -1.0253E+02  0.0000E+00  0.0000E+00  0.0000E+00
    1    3  1.3264E+00  3.1648E+01 -1.0300E+02  0.0000E+00  0.0000E+00  0.0000E+00
    1    3  1.3313E+00  3.1793E+01 -1.0347E+02  0.0000E+00  0.0000E+00  0.0000E+00
    1    3  1.3362E+00  3.1937E+01 -1.0394E+02  0.0000E+00  0.0000E+00  0.0000E+00
    1    3  1.3411E+00  3.2082E+01 -1.0441E+02  0.0000E+00  0.0000E+00  0.0000E+00
    1    3  1.3460E+00  3.2227E+01 -1.0488E+02  0.0000E+00  0.0000E+00  0.0000E+00
    1    3  1.3509E+00  3.2371E+01 -1.0535E+02  0.0000E+00  0.0000E+00  0.0000E+00
    1    3  1.3558E+00  3.2516E+01 -1.0583E+02  0.0000E+00  0.0000E+00  0.0000E+00
    1    3  1.3607E+00  3.2661E+01 -1.0630E+02  0.0000E+00  0.0000E+00  0.0000E+00
    1    3  1.3656E+00  3.2805E+01 -1.0677E+02  0.0000E+00  0.0000E+00  0.0000E+00
    1    3  1.3705E+00  3.2950E+01 -1.0724E+02  0.0000E+00  0.0000E+00  0.0000E+00
    1    3  1.3754E+00  3.3095E+01 -1.0771E+02  0.0000E+00  0.0000E+00  0.0000E+00
    1    3  1.3803E+00  3.3239E+01 -1.0818E+02  0.0000E+00  0.0000E+00  0.0000E+00
    1    3  1.3852E+00  3.3384E+01 -1.0865E+02  0.0000E+00  0.0000E+00  0.0000E+00
    1    3  1.3901E+00  3.3529E+01 -1.0912E+02  0.0000E+00  0.0000E+00  0.0000E+00
    1    3  1.3950E+00  3.3673E+01 -1.0959E+02  0.0000E+00  0.0000E+00  0.0000E+00
    1    3  1.3999E+00  3.3818E+01 -1.1006E+02  0.0000E+00  0.0000E+00  0.0000E+00
    1    3  1.4048E+00  3.3963E+01 -1.1053E+02  0.0000E+00  0.0000E+00  0.0000E+00
    1    3  1.4096E+00  3.4107E+01 -1.1100E+02  0.0000E+00  0.0000E+00  0.0000E+00
    1    3  1.4145E+00  3.4252E+01 -1.1147E+02  0.0000E+00  0.0000E+00  0.0000E+00
    1    3  1.4194E+00  3.4397E+01 -1.1195E+02  0.0000E+00  0.0000E+00  0.0000E+00
    1    3  1.4243E+00  3.4541E+01 -1.1242E+02  0.0000E+00  0.0000E+00  0.0000E+00
    1    3  1.4292E+00  3.4686E+01 -1.1289E+02  0.0000E+00  0.0000E+00  0.0000E+00
    1    3  1.4341E+00  3.4831E+01 -1.1336E+02  0.0000E+00  0.0000E+00  0.0000E+00
    1    3  1.4390E+00  3.4975E+01 -1.1383E+02  0.0000E+00  0.0000E+00  0.0000E+00
    1    3  1.4439E+00  3.5120E+01 -1.1430E+02  0.0000E+00  0.0000E+00  0.0000E+00
    1    3  1.4488E+00  3.5265E+01 -1.1477E+02  0.0000E+00  0.0000E+00  0.0000E+00
    1    3  1.4537E+00  3.5409E+01 -1.1524E+02  0.0000E+00  0.0000E+00  0.0000E+00
    1    3  1.4586E+00  3.5554E+01 -1.1571E+02  0.0000E+00  0.0000E+00  0.0000E+00
    1    3  1.4635E+00  3.5698E+01 -1.1618E+02  0.0000E+00  0.0000E+00  0.0000E+00
    1    3  1.4684E+00  3.5843E+01 -1.1665E+02  0.0000E+00  0.0000E+00  0.0000E+00
    1    3  1.4733E+00  3.5988E+01 -1.1712E+02  0.0000E+00  0.0000E+00  0.0000E+00
    1    3  1.4782E+00  3.6132E+01 -1.1759E+02  0.0000E+00  0.0000E+00  0.0000E+00
    1    3  1.4831E+00  3.6277E+01 -1.1807E+02  0.0000E+00  0.0000E+00  0.0000E+00
    1    3  1.4880E+00  3.6422E+01 -1.1854E+02  0.0000E+00  0.0000E+00  0.0000E+00
    1    3  1.4929E+00  3.6566E+01 -1.1901E+02  0.0000E+00  0.0000E+00  0.0000E+00
    1    3  1.4978E+00  3.6711E+01 -1.1948E+02  0.0000E+00  0.0000E+00  0.0000E+00
    1    3  1.5027E+00  3.6856E+01 -1.1995E+02  0.0000E+00  0.0000E+00  0.0000E+00
    1    3  1.5076E+00  3.7000E+01 -1.2042E+02  0.0000E+00  0.0000E+00  0.0000E+00
    1    3  1.5125E+00  3.7145E+01 -1.2089E+02  0.0000E+00  0.0000E+00  0.0000E+00
    1    3  1.5174E+00  3.7290E+01 -1.2136E+02  0.0000E+00  0.0000E+00  0.0000E+00
    1    3  1.5223E+00  3.7434E+01 -1.2183E+02  0.0000E+00  0.0000E+00  0.0000E+00
    1    3  1.5272E+00  3.7579E+01 -1.2230E+02  0.0000E+00  0.0000E+00  0.0000E+00
    1    3  1.5321E+00  3.7724E+01 -1.2277E+02  0.0000E+00  0.0000E+00  0.0000E+00
    1    3  1.5370E+00  3.7868E+01 -1.2324E+02  0.0000E+00  0.0000E+00  0.0000E+00
    1    3  1.5419E+00  3.8013E+01 -1.2372E+02  0.0000E+00  0.0000E+00  0.0000E+00
    1    3  1.5468E+00  3.8158E+01 -1.2419E+02  0.0000E+00  0.0000E+00  0.0000E+00
    1    3  1.5517E+00  3.8302E+01 -1.2466E+02  0.0000E+00  0.0000E+00  0.0000E+00
    1    3  1.5566E+00  3.8447E+01 -1.2513E+02  0.0000E+00  0.0000E+00  0.0000E+00
    1    3  1.5615E+00  3.8592E+01 -1.2560E+02  0.0000E+00  0.0000E+00  0.0000E+00
    1    3  1.5664E+00  3.8736E+01 -1.2607E+02  0.0000E+00  0.0000E+00  0.0000E+00
    1    3  1.5713E+00  3.8881E+01 -1.2654E+02  0.0000E+00  0.0000E+00  0.0000E+00
    1    3  1.5762E+00  3.9026E+01 -1.2701E+02  0.0000E+00  0.0000E+00  0.0000E+00
    1    3  1.5811E+00  3.9170E+01 -1.2748E+02  0.0000E+00  0.0000E+00  0.0000E+00
    1    3  1.5860E+00  3.9315E+01 -1.2795E+02  0.0000E+00  0.0000E+00  0.0000E+00
    1    3  1.5909E+00  3.9460E+01 -1.2842E+02  0.0000E+00  0.0000E+00  0.0000E+00
    1    3  1.5958E+00  3.9604E+01 -1.2889E+02  0.0000E+00  0.0000E+00  0.0000E+00
    1    3  1.6007E+00  3.9749E+01 -1.2936E+02  0.0000E+00  0.0000E+00  0.0000E+00
    1    3  1.6056E+00  3.9894E+01 -1.2984E+02  0.0000E+00  0.0000E+00  0.0000E+00
    1    3  1.6105E+00  4.0038E+01 -1.3031E+02  0.0000E+00  0.0000E+00  0.0000E+00
    1    3  1.6154E+00  4.0183E+01 -1.3078E+02  0.0000E+00  0.0000E+00  0.0000E+00
    1    3  1.6203E+00  4.0328E+01 -1.3125E+02  0.0000E+00  0.0000E+00  0.0000E+00
    1    3  1.6252E+00  4.0472E+01 -1.3172E+02  0.0000E+00  0.0000E+00  0.0000E+00
    1    3  1.6301E+00  4.0617E+01 -1.3219E+02  0.0000E+00  0.0000E+00  0.0000E+00
    1    3  1.6350E+00  4.0762E+01 -1.3266E+02  0.0000E+00  0.0000E+00  0.0000E+00
    1    3  1.6399E+00  4.0906E+01 -1.3313E+02  0.0000E+00  0.0000E+00  0.0000E+00
    1    3  1.6448E+00  4.1051E+01 -1.3360E+02  0.0000E+00  0.0000E+00  0.0000E+00
    1    3  1.6497E+00  4.1196E+01 -1.3407E+02  0.0000E+00  0.0000E+00  0.0000E+00
    1    3  1.6546E+00  4.1340E+01 -1.3454E+02  0.0000E+00  0.0000E+00  0.0000E+00
    1    3  1.6595E+00  4.1485E+01 -1.3501E+02  0.0000E+00  0.0000E+00  0.0000E+00
    1    3  1.6644E+00  4.1630E+01 -1.3548E+02  0.0000E+00  0.0000E+00  0.0000E+00
    1    3  1.6693E+00  4.1774E+01 -1.3596E+02  0.0000E+00  0.0000E+00  0.0000E+00
    1    3  1.6742E+00  4.1919E+01 -1.3643E+02  0.0000E+00  0.0000E+00  0.0000E+00
    1    3  1.6791E+00  4.2064E+01 -1.3690E+02  0.0000E+00  0.0000E+00  0.0000E+00
    1    3  1.6840E+00  4.2208E+01 -1.3737E+02  0.0000E+00  0.0000E+00  0.0000E+00
    1    3  1.6889E+00  4.2353E+01 -1.3784E+02  0.0000E+00  0.0000E+00  0.0000E+00
    1    3  1.6938E+00  4.2497E+01 -1.3831E+02  0.0000E+00  0.0000E+00  0.0000E+00
    1    3  1.6987E+00  4.2642E+01 -1.3878E+02  0.0000E+00  0.0000E+00  0.0000E+00
    1    3  1.7036E+00  4.2787E+01 -1.3925E+02  0.0000E+00  0.0000E+00  0.0000E+00
    1    3  1.7085E+00  4.2931E+01 -1.3972E+02  0.0000E+00  0.0000E+00  0.0000E+00
    1    3  1.7134E+00  4.3076E+01 -1.4019E+02  0.0000E+00  0.0000E+00  0.0000E+00
    1    3  1.7183E+00  4.3221E+01 -1.4066E+02  0.0000E+00  0.0000E+00  0.0000E+00
    1    3  1.7232E+00  4.3365E+01 -1.4113E+02  0.0000E+00  0.0000E+00  0.0000E+00
    1    3  1.7281E+00  4.3510E+01 -1.4160E+02  0.0000E+00  0.0000E+00  0.0000E+00
    1    3  1.7330E+00  4.3655E+01 -1.4208E+02  0.0000E+00  0.0000E+00  0.0000E+00
    1    3  1.7379E+00  4.3799E+01 -1.4255E+02  0.0000E+00  0.0000E+00  0.0000E+00
    1    3  1.7428E+00  4.3944E+01 -1.4302E+02  0.0000E+00  0.0000E+00  0.0000E+00
    1    3  1.7477E+00  4.4089E+01 -1.4349E+02  0.0000E+00  0.0000E+00  0.0000E+00
    1    3  1.7526E+00  4.4233E+01 -1.4396E+02  0.0000E+00  0.0000E+00  0.0000E+00
    1    3  1.7575E+00  4.4378E+01 -1.4443E+02  0.0000E+00  0.0000E+00  0.0000E+00
    1    3  1.7624E+00  4.4523E+01 -1.4490E+02  0.0000E+00  0.0000E+00  0.0000E+00
    1    3  1.7673E+00  4.4667E+01 -1.4537E+02  0.0000E+00  0.0000E+00  0.0000E+00
    1    3  1.7722E+00  4.4812E+01 -1.4584E+02  0.0000E+00  0.0000E+00  0.0000E+00
    1    3  1.7771E+00  4.4957E+01 -1.4631E+02  0.0000E+00  0.0000E+00  0.0000E+00
    1    3  1.7820E+00  4.5101E+01 -1.4678E+02  0.0000E+00  0.0000E+00  0.0000E+00
    1    3  1.7869E+00  4.5246E+01 -1.4725E+02  0.0000E+00  0.0000E+00  0.0000E+00
    1    3  1.7918E+00  4.5391E+01 -1.4772E+02  0.0000E+00  0.0000E+00  0.0000E+00
    1    3  1.7967E+00  4.5535E+01 -1.4820E+02  0.0000E+00  0.0000E+00  0.0000E+00
    1    3  1.8016E+00  4.5680E+01 -1.4867E+02  0.0000E+00  0.0000E+00  0.0000E+00
    1    3  1.8065E+00  4.5825E+01 -1.4914E+02  0.0000E+00  0.0000E+00  0.0000E+00
    1    3  1.8114E+00  4.5969E+01 -1.4961E+02  0.0000E+00  0.0000E+00  0.0000E+00
    1    3  1.8163E+00  4.6114E+01 -1.5008E+02  0.0000E+00  0.0000E+00  0.0000E+00
    1    3  1.8212E+00  4.6259E+01 -1.5055E+02  0.0000E+00  0.0000E+00  0.0000E+00
    1    3  1.8261E+00  4.6403E+01 -1.5102E+02  0.0000E+00  0.0000E+00  0.0000E+00
    1    3  1.8309E+00  4.6548E+01 -1.5149E+02  0.0000E+00  0.0000E+00  0.0000E+00
    1    3  1.8358E+00  4.6693E+01 -1.5196E+02  0.0000E+00  0.0000E+00  0.0000E+00
    1    3  1.8407E+00  4.6837E+01 -1.5243E+02  0.0000E+00  0.0000E+00  0.0000E+00
    1    3  1.8456E+00  4.6982E+01 -1.5290E+02  0.0000E+00  0.0000E+00  0.0000E+00
    1    3  1.8505E+00  4.7127E+01 -1.5337E+02  0.0000E+00  0.0000E+00  0.0000E+00
    1    3  1.8554E+00  4.7271E+01 -1.5385E+02  0.0000E+00  0.0000E+00  0.0000E+00
    1    3  1.8603E+00  4.7416E+01 -1.5432E+02  0.0000E+00  0.0000E+00  0.0000E+00
    1    3  1.8652E+00  4.7561E+01 -1.5479E+02  0.0000E+00  0.0000E+00  0.0000E+00
    1    3  1.8701E+00  4.7705E+01 -1.5526E+02  0.0000E+00  0.0000E+00  0.0000E+00
    1    3  1.8750E+00  4.7850E+01 -1.5573E+02  0.0000E+00  0.0000E+00  0.0000E+00
    1    3  1.8799E+00  4.7995E+01 -1.5620E+02  0.0000E+00  0.0000E+00  0.0000E+00
    1    3  1.8848E+00  4.8139E+01 -1.5667E+02  0.0000E+00  0.0000E+00  0.0000E+00
    1    3  1.8897E+00  4.8284E+01 -1.5714E+02  0.0000E+00  0.0000E+00  0.0000E+00
    1    3  1.8946E+00  4.8429E+01 -1.5761E+02  0.0000E+00  0.0000E+00  0.0000E+00
    1    3  1.8995E+00  4.8573E+01 -1.5808E+02  0.0000E+00  0.0000E+00  0.0000E+00
    1    3  1.9044E+00  4.8718E+01 -1.5855E+02  0.0000E+00  0.0000E+00  0.0000E+00
    1    3  1.9093E+00  4.8863E+01 -1.5902E+02  0.0000E+00  0.0000E+00  0.0000E+00
    1    3  1.9142E+00  4.9007E+01 -1.5949E+02  0.0000E+00  0.0000E+00  0.0000E+00
    1    3  1.9191E+00  4.9152E+01 -1.5997E+02  0.0000E+00  0.0000E+00  0.0000E+00
    1    3  1.9240E+00  4.9296E+01 -1.6044E+02  0.0000E+00  0.0000E+00  0.0000E+00
    1    3  1.9289E+00  4.9441E+01 -1.6091E+02  0.0000E+00  0.0000E+00  0.0000E+00
    1    3  1.9338E+00  4.9586E+01 -1.6138E+02  0.0000E+00  0.0000E+00  0.0000E+00
    1    3  1.9387E+00  4.9730E+01 -1.6185E+02  0.0000E+00  0.0000E+00  0.0000E+00
    1    3  1.9436E+00  4.9875E+01 -1.6232E+02  0.0000E+00  0.0000E+00  0.0000E+00
    1    3  1.9485E+00  5.0020E+01 -1.6279E+02  0.0000E+00  0.0000E+00  0.0000E+00
    1    3  1.9534E+00  5.0164E+01 -1.6326E+02  0.0000E+00  0.0000E+00  0.0000E+00
    1    3  1.9583E+00  5.0309E+01 -1.6373E+02  0.0000E+00  0.0000E+00  0.0000E+00
    1    3  1.9632E+00  5.0454E+01 -1.6420E+02  0.0000E+00  0.0000E+00  0.0000E+00
    1    3  1.9681E+00  5.0598E+01 -1.6467E+02  0.0000E+00  0.0000E+00  0.0000E+00
    1    3  1.9730E+00  5.0743E+01 -1.6514E+02  0.0000E+00  0.0000E+00  0.0000E+00
    1    3  1.9779E+00  5.0888E+01 -1.6561E+02  0.0000E+00  0.0000E+00  0.0000E+00
    1    3  1.9828E+00  5.1032E+01 -1.6609E+02  0.0000E+00  0.0000E+00  0.0000E+00
    1    3  1.9877E+00  5.1177E+01 -1.6656E+02  0.0000E+00  0.0000E+00  0.0000E+00
