    1    3  4.9016E-03  3.1846E+01 -1.3268E-15  0.0000E+00  0.0000E+00  0.0000E+00
    1    3  5.1024E-03  3.1783E+01 -1.3243E-15  0.0000E+00  0.0000E+00  0.0000E+00
    1    3  5.7209E-03  3.1589E+01 -1.3166E-15  0.0000E+00  0.0000E+00  0.0000E+00
    1    3  6.8065E-03  3.1249E+01 -1.3032E-15  0.0000E+00  0.0000E+00  0.0000E+00
    1    3  8.3991E-03  3.0753E+01 -1.2836E-15  0.0000E+00  0.0000E+00  0.0000E+00
    1    3  1.0505E-02  3.0102E+01 -1.2577E-15  0.0000E+00  0.0000E+00  0.0000E+00
    1    3  1.3132E-02  2.9299E+01 -1.2254E-15  0.0000E+00  0.0000E+00  0.0000E+00
    1    3  1.6288E-02  2.8346E+01 -1.1868E-15  0.0000E+00  0.0000E+00  0.0000E+00
    1    3  1.9984E-02  2.7250E+01 -1.1425E-15  0.0000E+00  0.0000E+00  0.0000E+00
    1    3  2.4232E-02  2.6016E+01 -1.0930E-15  0.0000E+00  0.0000E+00  0.0000E+00
    1    3  2.9047E-02  2.4657E+01 -1.0385E-15  0.0000E+00  0.0000E+00  0.0000E+00
    1    3  3.4444E-02  2.3188E+01 -9.7930E-16  0.0000E+00  0.0000E+00  0.0000E+00
    1    3  4.0436E-02  2.1634E+01 -9.1649E-16  0.0000E+00  0.0000E+00  0.0000E+00
    1    3  4.7032E-02  2.0030E+01 -8.5183E-16  0.0000E+00  0.0000E+00  0.0000E+00
    1    3  5.4229E-02  1.8427E+01 -7.8717E-16  0.0000E+00  0.0000E+00  0.0000E+00
    1    3  6.2000E-02  1.6883E+01 -7.2487E-16  0.0000E+00  0.0000E+00  0.0000E+00
    1    3  7.0291E-02  1.5459E+01 -6.6710E-16  0.0000E+00  0.0000E+00  0.0000E+00
    1    3  7.9015E-02  1.4194E+01 -6.1576E-16  0.0000E+00  0.0000E+00  0.0000E+00
    1    3  8.8073E-02  1.3092E+01 -5.7157E-16  0.0000E+00  0.0000E+00  0.0000E+00
    1    3  9.7375E-02  1.2129E+01 -5.3398E-16  0.0000E+00  0.0000E+00  0.0000E+00
    1    3  1.0685E-01  1.1273E+01 -5.0068E-16  0.0000E+00  0.0000E+00  0.0000E+00
    1    3  1.1644E-01  1.0491E+01 -4.7012E-16  0.0000E+00  0.0000E+00  0.0000E+00
    1    3  1.2611E-01  9.7588E+00 -4.4152E-16  0.0000E+00  0.0000E+00  0.0000E+00
    1    3  1.3584E-01  9.0589E+00 -4.1428E-16  0.0000E+00  0.0000E+00  0.0000E+00
    1    3  1.4560E-01  8.3797E+00 -3.8799E-16  0.0000E+00  0.0000E+00  0.0000E+00
    1    3  1.5539E-01  7.7136E+00 -3.6234E-16  0.0000E+00  0.0000E+00  0.0000E+00
    1    3  1.6520E-01  7.0556E+00 -3.3712E-16  0.0000E+00  0.0000E+00  0.0000E+00
    1    3  1.7502E-01  6.4026E+00 -3.1215E-16  0.0000E+00  0.0000E+00  0.0000E+00
    1    3  1.8484E-01  5.7527E+00 -2.8728E-16  0.0000E+00  0.0000E+00  0.0000E+00
    1    3  1.9467E-01  5.1045E+00 -2.6247E-16  0.0000E+00  0.0000E+00  0.0000E+00
    1    3  2.0450E-01  4.4573E+00 -2.3771E-16  0.0000E+00  0.0000E+00  0.0000E+00
    1    3  2.1433E-01  3.8108E+00 -2.1297E-16  0.0000E+00  0.0000E+00  0.0000E+00
    1    3  2.2417E-01  3.1646E+00 -1.8825E-16  0.0000E+00  0.0000E+00  0.0000E+00
    1    3  2.3400E-01  2.5185E+00 -1.6354E-16  0.0000E+00  0.0000E+00  0.0000E+00
    1    3  2.4384E-01  1.8726E+00 -1.3883E-16  0.0000E+00  0.0000E+00  0.0000E+00
    1    3  2.5367E-01  1.2267E+00 -1.1413E-16  0.0000E+00  0.0000E+00  0.0000E+00
    1    3  2.6351E-01  5.8080E-01 -8.9437E-17  0.0000E+00  0.0000E+00  0.0000E+00
    1    3  2.7334E-01 -6.5073E-02 -6.4740E-17  0.0000E+00  0.0000E+00  0.0000E+00
    1    3  2.8318E-01 -7.1095E-01 -4.0043E-17  0.0000E+00  0.0000E+00  0.0000E+00
    1    3  2.9302E-01 -1.3568E+00 -1.5345E-17  0.0000E+00  0.0000E+00  0.0000E+00
    1    3  3.0285E-01 -2.0027E+00  9.3519E-18  0.0000E+00  0.0000E+00  0.0000E+00
    1    3  3.1269E-01 -2.6486E+00  3.4049E-17  0.0000E+00  0.0000E+00  0.0000E+00
    1    3  3.2252E-01 -3.2945E+00  5.8746E-17  0.0000E+00  0.0000E+00  0.0000E+00
    1    3  3.3236E-01 -3.9404E+00  8.3444E-17  0.0000E+00  0.0000E+00  0.0000E+00
    1    3  3.4220E-01 -4.5862E+00  1.0814E-16  0.0000E+00  0.0000E+00  0.0000E+00
    1    3  3.5203E-01 -5.2321E+00  1.3284E-16  0.0000E+00  0.0000E+00  0.0000E+00
    1    3  3.6187E-01 -5.8780E+00  1.5754E-16  0.0000E+00  0.0000E+00  0.0000E+00
    1    3  3.7171E-01 -6.5239E+00  1.8223E-16  0.0000E+00  0.0000E+00  0.0000E+00
    1    3  3.8154E-01 -7.1698E+00  2.0693E-16  0.0000E+00  0.0000E+00  0.0000E+00
    1    3  3.9138E-01 -7.8157E+00  2.3163E-16  0.0000E+00  0.0000E+00  0.0000E+00
    1    3  4.0121E-01 -8.4615E+00  2.5632E-16  0.0000E+00  0.0000E+00  0.0000E+00
    1    3  4.1105E-01 -9.1074E+00  2.8102E-16  0.0000E+00  0.0000E+00  0.0000E+00
    1    3  4.2089E-01 -9.7533E+00  3.0572E-16  0.0000E+00  0.0000E+00  0.0000E+00
    1    3  4.3072E-01 -1.0399E+01  3.3042E-16  0.0000E+00  0.0000E+00  0.0000E+00
    1    3  4.4056E-01 -1.1045E+01  3.5511E-16  0.0000E+00  0.0000E+00  0.0000E+00
    1    3  4.5039E-01 -1.1691E+01  3.7981E-16  0.0000E+00  0.0000E+00  0.0000E+00
    1    3  4.6023E-01 -1.2337E+01  4.0451E-16  0.0000E+00  0.0000E+00  0.0000E+00
    1    3  4.7007E-01 -1.2983E+01  4.2921E-16  0.0000E+00  0.0000E+00  0.0000E+00
    1    3  4.7990E-01 -1.3629E+01  4.5390E-16  0.0000E+00  0.0000E+00  0.0000E+00
    1    3  4.8974E-01 -1.4275E+01  4.7860E-16  0.0000E+00  0.0000E+00  0.0000E+00
    1    3  4.9958E-01 -1.4920E+01  5.0330E-16  0.0000E+00  0.0000E+00  0.0000E+00
    1    3  5.0941E-01 -1.5566E+01  5.2800E-16  0.0000E+00  0.0000E+00  0.0000E+00
    1    3  5.1925E-01 -1.6212E+01  5.5269E-16  0.0000E+00  0.0000E+00  0.0000E+00
    1    3  5.2908E-01 -1.6858E+01  5.7739E-16  0.0000E+00  0.0000E+00  0.0000E+00
    1    3  5.3892E-01 -1.7504E+01  6.0209E-16  0.0000E+00  0.0000E+00  0.0000E+00
    1    3  5.4876E-01 -1.8150E+01  6.2678E-16  0.0000E+00  0.0000E+00  0.0000E+00
    1    3  5.5859E-01 -1.8796E+01  6.5148E-16  0.0000E+00  0.0000E+00  0.0000E+00
    1    3  5.6843E-01 -1.9442E+01  6.7618E-16  0.0000E+00  0.0000E+00  0.0000E+00
    1    3  5.7826E-01 -2.0087E+01  7.0088E-16  0.0000E+00  0.0000E+00  0.0000E+00
    1    3  5.8810E-01 -2.0733E+01  7.2557E-16  0.0000E+00  0.0000E+00  0.0000E+00
    1    3  5.9794E-01 -2.1379E+01  7.5027E-16  0.0000E+00  0.0000E+00  0.0000E+00
    1    3  6.0777E-01 -2.2025E+01  7.7497E-16  0.0000E+00  0.0000E+00  0.0000E+00
    1    3  6.1761E-01 -2.2671E+01  7.9967E-16  0.0000E+00  0.0000E+00  0.0000E+00
    1    3  6.2744E-01 -2.3317E+01  8.2436E-16  0.0000E+00  0.0000E+00  0.0000E+00
    1    3  6.3728E-01 -2.3963E+01  8.4906E-16  0.0000E+00  0.0000E+00  0.0000E+00
    1    3  6.4712E-01 -2.4609E+01  8.7376E-16  0.0000E+00  0.0000E+00  0.0000E+00
    1    3  6.5695E-01 -2.5255E+01  8.9846E-16  0.0000E+00  0.0000E+00  0.0000E+00
    1    3  6.6679E-01 -2.5900E+01  9.2315E-16  0.0000E+00  0.0000E+00  0.0000E+00
    1    3  6.7663E-01 -2.6546E+01  9.4785E-16  0.0000E+00  0.0000E+00  0.0000E+00
    1    3  6.8646E-01 -2.7192E+01  9.7255E-16  0.0000E+00  0.0000E+00  0.0000E+00
    1    3  6.9630E-01 -2.7838E+01  9.9724E-16  0.0000E+00  0.0000E+00  0.0000E+00
    1    3  7.0613E-01 -2.8484E+01  1.0219E-15  0.0000E+00  0.0000E+00  0.0000E+00
    1    3  7.1597E-01 -2.9130E+01  1.0466E-15  0.0000E+00  0.0000E+00  0.0000E+00
    1    3  7.2581E-01 -2.9776E+01  1.0713E-15  0.0000E+00  0.0000E+00  0.0000E+00
    1    3  7.3564E-01 -3.0422E+01  1.0960E-15  0.0000E+00  0.0000E+00  0.0000E+00
    1    3  7.4548E-01 -3.1068E+01  1.1207E-15  0.0000E+00  0.0000E+00  0.0000E+00
    1    3  7.5531E-01 -3.1713E+01  1.1454E-15  0.0000E+00  0.0000E+00  0.0000E+00
    1    3  7.6515E-01 -3.2359E+01  1.1701E-15  0.0000E+00  0.0000E+00  0.0000E+00
    1    3  7.7499E-01 -3.3005E+01  1.1948E-15  0.0000E+00  0.0000E+00  0.0000E+00
    1    3  7.8482E-01 -3.3651E+01  1.2195E-15  0.0000E+00  0.0000E+00  0.0000E+00
    1    3  7.9466E-01 -3.4297E+01  1.2442E-15  0.0000E+00  0.0000E+00  0.0000E+00
    1    3  8.0450E-01 -3.4943E+01  1.2689E-15  0.0000E+00  0.0000E+00  0.0000E+00
    1    3  8.1433E-01 -3.5589E+01  1.2936E-15  0.0000E+00  0.0000E+00  0.0000E+00
    1    3  8.2417E-01 -3.6235E+01  1.3183E-15  0.0000E+00  0.0000E+00  0.0000E+00
    1    3  8.3400E-01 -3.6880E+01  1.3430E-15  0.0000E+00  0.0000E+00  0.0000E+00
    1    3  8.4384E-01 -3.7526E+01  1.3677E-15  0.0000E+00  0.0000E+00  0.0000E+00
    1    3  8.5368E-01 -3.8172E+01  1.3924E-15  0.0000E+00  0.0000E+00  0.0000E+00
    1    3  8.6351E-01 -3.8818E+01  1.4171E-15  0.0000E+00  0.0000E+00  0.0000E+00
    1    3  8.7335E-01 -3.9464E+01  1.4418E-15  0.0000E+00  0.0000E+00  0.0000E+00
    1    3  8.8318E-01 -4.0110E+01  1.4665E-15  0.0000E+00  0.0000E+00  0.0000E+00
    1    3  8.9302E-01 -4.0756E+01  1.4912E-15  0.0000E+00  0.0000E+00  0.0000E+00
    1    3  9.0286E-01 -4.1402E+01  1.5159E-15  0.0000E+00  0.0000E+00  0.0000E+00
    1    3  9.1269E-01 -4.2048E+01  1.5406E-15  0.0000E+00  0.0000E+00  0.0000E+00
    1    3  9.2253E-01 -4.2693E+01  1.5653E-15  0.0000E+00  0.0000E+00  0.0000E+00
    1    3  9.3237E-01 -4.3339E+01  1.5900E-15  0.0000E+00  0.0000E+00  0.0000E+00
    1    3  9.4220E-01 -4.3985E+01  1.6147E-15  0.0000E+00  0.0000E+00  0.0000E+00
    1    3  9.5204E-01 -4.4631E+01  1.6394E-15  0.0000E+00  0.0000E+00  0.0000E+00
    1    3  9.6187E-01 -4.5277E+01  1.6641E-15  0.0000E+00  0.0000E+00  0.0000E+00
    1    3  9.7171E-01 -4.5923E+01  1.6888E-15  0.0000E+00  0.0000E+00  0.0000E+00
    1    3  9.8155E-01 -4.6569E+01  1.7135E-15  0.0000E+00  0.0000E+00  0.0000E+00
    1    3  9.9138E-01 -4.7215E+01  1.7382E-15  0.0000E+00  0.0000E+00  0.0000E+00
    1    3  1.0012E+00 -4.7861E+01  1.7629E-15  0.0000E+00  0.0000E+00  0.0000E+00
    1    3  1.0111E+00 -4.8506E+01  1.7876E-15  0.0000E+00  0.0000E+00  0.0000E+00
    1    3  1.0209E+00 -4.9152E+01  1.8123E-15  0.0000E+00  0.0000E+00  0.0000E+00
    1    3  1.0307E+00 -4.9798E+01  1.8370E-15  0.0000E+00  0.0000E+00  0.0000E+00
    1    3  1.0406E+00 -5.0444E+01  1.8617E-15  0.0000E+00  0.0000E+00  0.0000E+00
    1    3  1.0504E+00 -5.1090E+01  1.8863E-15  0.0000E+00  0.0000E+00  0.0000E+00
    1    3  1.0602E+00 -5.1736E+01  1.9110E-15  0.0000E+00  0.0000E+00  0.0000E+00
    1    3  1.0701E+00 -5.2382E+01  1.9357E-15  0.0000E+00  0.0000E+00  0.0000E+00
    1    3  1.0799E+00 -5.3028E+01  1.9604E-15  0.0000E+00  0.0000E+00  0.0000E+00
    1    3  1.0897E+00 -5.3674E+01  1.9851E-15  0.0000E+00  0.0000E+00  0.0000E+00
    1    3  1.0996E+00 -5.4319E+01  2.0098E-15  0.0000E+00  0.0000E+00  0.0000E+00
    1    3  1.1094E+00 -5.4965E+01  2.0345E-15  0.0000E+00  0.0000E+00  0.0000E+00
    1    3  1.1193E+00 -5.5611E+01  2.0592E-15  0.0000E+00  0.0000E+00  0.0000E+00
    1    3  1.1291E+00 -5.6257E+01  2.0839E-15  0.0000E+00  0.0000E+00  0.0000E+00
    1    3  1.1389E+00 -5.6903E+01  2.1086E-15  0.0000E+00  0.0000E+00  0.0000E+00
    1    3  1.1488E+00 -5.7549E+01  2.1333E-15  0.0000E+00  0.0000E+00  0.0000E+00
    1    3  1.1586E+00 -5.8195E+01  2.1580E-15  0.0000E+00  0.0000E+00  0.0000E+00
    1    3  1.1684E+00 -5.8841E+01  2.1827E-15  0.0000E+00  0.0000E+00  0.0000E+00
    1    3  1.1783E+00 -5.9486E+01  2.2074E-15  0.0000E+00  0.0000E+00  0.0000E+00
    1    3  1.1881E+00 -6.0132E+01  2.2321E-15  0.0000E+00  0.0000E+00  0.0000E+00
    1    3  1.1979E+00 -6.0778E+01  2.2568E-15  0.0000E+00  0.0000E+00  0.0000E+00
    1    3  1.2078E+00 -6.1424E+01  2.2815E-15  0.0000E+00  0.0000E+00  0.0000E+00
    1    3  1.2176E+00 -6.2070E+01  2.3062E-15  0.0000E+00  0.0000E+00  0.0000E+00
    1    3  1.2274E+00 -6.2716E+01  2.3309E-15  0.0000E+00  0.0000E+00  0.0000E+00
    1    3  1.2373E+00 -6.3362E+01  2.3556E-15  0.0000E+00  0.0000E+00  0.0000E+00
    1    3  1.2471E+00 -6.4008E+01  2.3803E-15  0.0000E+00  0.0000E+00  0.0000E+00
    1    3  1.2570E+00 -6.4654E+01  2.4050E-15  0.0000E+00  0.0000E+00  0.0000E+00
    1    3  1.2668E+00 -6.5299E+01  2.4297E-15  0.0000E+00  0.0000E+00  0.0000E+00
    1    3  1.2766E+00 -6.5945E+01  2.4544E-15  0.0000E+00  0.0000E+00  0.0000E+00
    1    3  1.2865E+00 -6.6591E+01  2.4791E-15  0.0000E+00  0.0000E+00  0.0000E+00
    1    3  1.2963E+00 -6.7237E+01  2.5038E-15  0.0000E+00  0.0000E+00  0.0000E+00
    1    3  1.3061E+00 -6.7883E+01  2.5285E-15  0.0000E+00  0.0000E+00  0.0000E+00
    1    3  1.3160E+00 -6.8529E+01  2.5532E-15  0.0000E+00  0.0000E+00  0.0000E+00
    1    3  1.3258E+00 -6.9175E+01  2.5779E-15  0.0000E+00  0.0000E+00  0.0000E+00
    1    3  1.3356E+00 -6.9821E+01  2.6026E-15  0.0000E+00  0.0000E+00  0.0000E+00
    1    3  1.3455E+00 -7.0467E+01  2.6273E-15  0.0000E+00  0.0000E+00  0.0000E+00
    1    3  1.3553E+00 -7.1112E+01  2.6520E-15  0.0000E+00  0.0000E+00  0.0000E+00
    1    3  1.3652E+00 -7.1758E+01  2.6767E-15  0.0000E+00  0.0000E+00  0.0000E+00
    1    3  1.3750E+00 -7.2404E+01  2.7014E-15  0.0000E+00  0.0000E+00  0.0000E+00
    1    3  1.3848E+00 -7.3050E+01  2.7261E-15  0.0000E+00  0.0000E+00  0.0000E+00
    1    3  1.3947E+00 -7.3696E+01  2.7508E-15  0.0000E+00  0.0000E+00  0.0000E+00
    1    3  1.4045E+00 -7.4342E+01  2.7755E-15  0.0000E+00  0.0000E+00  0.0000E+00
    1    3  1.4143E+00 -7.4988E+01  2.8001E-15  0.0000E+00  0.0000E+00  0.0000E+00
    1    3  1.4242E+00 -7.5634E+01  2.8248E-15  0.0000E+00  0.0000E+00  0.0000E+00
    1    3  1.4340E+00 -7.6279E+01  2.8495E-15  0.0000E+00  0.0000E+00  0.0000E+00
    1    3  1.4438E+00 -7.6925E+01  2.8742E-15  0.0000E+00  0.0000E+00  0.0000E+00
    1    3  1.4537E+00 -7.7571E+01  2.8989E-15  0.0000E+00  0.0000E+00  0.0000E+00
    1    3  1.4635E+00 -7.8217E+01  2.9236E-15  0.0000E+00  0.0000E+00  0.0000E+00
    1    3  1.4734E+00 -7.8863E+01  2.9483E-15  0.0000E+00  0.0000E+00  0.0000E+00
    1    3  1.4832E+00 -7.9509E+01  2.9730E-15  0.0000E+00  0.0000E+00  0.0000E+00
    1    3  1.4930E+00 -8.0155E+01  2.9977E-15  0.0000E+00  0.0000E+00  0.0000E+00
    1    3  1.5029E+00 -8.0801E+01  3.0224E-15  0.0000E+00  0.0000E+00  0.0000E+00
    1    3  1.5127E+00 -8.1447E+01  3.0471E-15  0.0000E+00  0.0000E+00  0.0000E+00
    1    3  1.5225E+00 -8.2092E+01  3.0718E-15  0.0000E+00  0.0000E+00  0.0000E+00
    1    3  1.5324E+00 -8.2738E+01  3.0965E-15  0.0000E+00  0.0000E+00  0.0000E+00
    1    3  1.5422E+00 -8.3384E+01  3.1212E-15  0.0000E+00  0.0000E+00  0.0000E+00
    1    3  1.5520E+00 -8.4030E+01  3.1459E-15  0.0000E+00  0.0000E+00  0.0000E+00
    1    3  1.5619E+00 -8.4676E+01  3.1706E-15  0.0000E+00  0.0000E+00  0.0000E+00
    1    3  1.5717E+00 -8.5322E+01  3.1953E-15  0.0000E+00  0.0000E+00  0.0000E+00
    1    3  1.5815E+00 -8.5968E+01  3.2200E-15  0.0000E+00  0.0000E+00  0.0000E+00
    1    3  1.5914E+00 -8.6614E+01  3.2447E-15  0.0000E+00  0.0000E+00  0.0000E+00
    1    3  1.6012E+00 -8.7260E+01  3.2694E-15  0.0000E+00  0.0000E+00  0.0000E+00
    1    3  1.6111E+00 -8.7905E+01  3.2941E-15  0.0000E+00  0.0000E+00  0.0000E+00
    1    3  1.6209E+00 -8.8551E+01  3.3188E-15  0.0000E+00  0.0000E+00  0.0000E+00
    1    3  1.6307E+00 -8.9197E+01  3.3435E-15  0.0000E+00  0.0000E+00  0.0000E+00
    1    3  1.6406E+00 -8.9843E+01  3.3682E-15  0.0000E+00  0.0000E+00  0.0000E+00
    1    3  1.6504E+00 -9.0489E+01  3.3929E-15  0.0000E+00  0.0000E+00  0.0000E+00
    1    3  1.6602E+00 -9.1135E+01  3.4176E-15  0.0000E+00  0.0000E+00  0.0000E+00
    1    3  1.6701E+00 -9.1781E+01  3.4423E-15  0.0000E+00  0.0000E+00  0.0000E+00
    1    3  1.6799E+00 -9.2427E+01  3.4670E-15  0.0000E+00  0.0000E+00  0.0000E+00
    1    3  1.6897E+00 -9.3073E+01  3.4917E-15  0.0000E+00  0.0000E+00  0.0000E+00
    1    3  1.6996E+00 -9.3718E+01  3.5164E-15  0.0000E+00  0.0000E+00  0.0000E+00
    1    3  1.7094E+00 -9.4364E+01  3.5411E-15  0.0000E+00  0.0000E+00  0.0000E+00
    1    3  1.7193E+00 -9.5010E+01  3.5658E-15  0.0000E+00  0.0000E+00  0.0000E+00
    1    3  1.7291E+00 -9.5656E+01  3.5905E-15  0.0000E+00  0.0000E+00  0.0000E+00
    1    3  1.7389E+00 -9.6302E+01  3.6152E-15  0.0000E+00  0.0000E+00  0.0000E+00
    1    3  1.7488E+00 -9.6948E+01  3.6399E-15  0.0000E+00  0.0000E+00  0.0000E+00
    1    3  1.7586E+00 -9.7594E+01  3.6646E-15  0.0000E+00  0.0000E+00  0.0000E+00
    1    3  1.7684E+00 -9.8240E+01  3.6893E-15  0.0000E+00  0.0000E+00  0.0000E+00
    1    3  1.7783E+00 -9.8885E+01  3.7139E-15  0.0000E+00  0.0000E+00  0.0000E+00
    1    3  1.7881E+00 -9.9531E+01  3.7386E-15  0.0000E+00  0.0000E+00  0.0000E+00
    1    3  1.7979E+00 -1.0018E+02  3.7633E-15  0.0000E+00  0.0000E+00  0.0000E+00
    1    3  1.8078E+00 -1.0082E+02  3.7880E-15  0.0000E+00  0.0000E+00  0.0000E+00
    1    3  1.8176E+00 -1.0147E+02  3.8127E-15  0.0000E+00  0.0000E+00  0.0000E+00
    1    3  1.8275E+00 -1.0211E+02  3.8374E-15  0.0000E+00  0.0000E+00  0.0000E+00
    1    3  1.8373E+00 -1.0276E+02  3.8621E-15  0.0000E+00  0.0000E+00  0.0000E+00
    1    3  1.8471E+00 -1.0341E+02  3.8868E-15  0.0000E+00  0.0000E+00  0.0000E+00
    1    3  1.8570E+00 -1.0405E+02  3.9115E-15  0.0000E+00  0.0000E+00  0.0000E+00
    1    3  1.8668E+00 -1.0470E+02  3.9362E-15  0.0000E+00  0.0000E+00  0.0000E+00
    1    3  1.8766E+00 -1.0534E+02  3.9609E-15  0.0000E+00  0.0000E+00  0.0000E+00
    1    3  1.8865E+00 -1.0599E+02  3.9856E-15  0.0000E+00  0.0000E+00  0.0000E+00
    1    3  1.8963E+00 -1.0664E+02  4.0103E-15  0.0000E+00  0.0000E+00  0.0000E+00
    1    3  1.9061E+00 -1.0728E+02  4.0350E-15  0.0000E+00  0.0000E+00  0.0000E+00
    1    3  1.9160E+00 -1.0793E+02  4.0597E-15  0.0000E+00  0.0000E+00  0.0000E+00
    1    3  1.9258E+00 -1.0857E+02  4.0844E-15  0.0000E+00  0.0000E+00  0.0000E+00
    1    3  1.9357E+00 -1.0922E+02  4.1091E-15  0.0000E+00  0.0000E+00  0.0000E+00
    1    3  1.9455E+00 -1.0987E+02  4.1338E-15  0.0000E+00  0.0000E+00  0.0000E+00
    1    3  1.9553E+00 -1.1051E+02  4.1585E-15  0.0000E+00  0.0000E+00  0.0000E+00
    1    3  1.9652E+00 -1.1116E+02  4.1832E-15  0.0000E+00  0.0000E+00  0.0000E+00
    1    3  1.9750E+00 -1.1180E+02  4.2079E-15  0.0000E+00  0.0000E+00  0.0000E+00
    1    3  1.9848E+00 -1.1245E+02  4.2326E-15  0.0000E+00  0.0000E+00  0.0000E+00
