    1    3  4.9016E-03  3.1846E+01 -1.3268E-15  0.0000E+00  0.0000E+00  0.0000E+00
    1    3  6.2956E-02  1.6757E+01 -7.1539E-16  0.0000E+00  0.0000E+00  0.0000E+00
    1    3  2.1094E-01  9.7475E-01 -4.3013E-17  0.0000E+00  0.0000E+00  0.0000E+00
    1    3  3.6441E-01 -1.3093E+01  5.6824E-16  0.0000E+00  0.0000E+00  0.0000E+00
    1    3  5.1788E-01 -2.7162E+01  1.1795E-15  0.0000E+00  0.0000E+00  0.0000E+00
    1    3  6.7135E-01 -4.1230E+01  1.7909E-15  0.0000E+00  0.0000E+00  0.0000E+00
    1    3  8.2483E-01 -5.5299E+01  2.4022E-15  0.0000E+00  0.0000E+00  0.0000E+00
    1    3  9.7830E-01 -6.9368E+01  3.0135E-15  0.0000E+00  0.0000E+00  0.0000E+00
    1    3  1.1318E+00 -8.3437E+01  3.6248E-15  0.0000E+00  0.0000E+00  0.0000E+00
    1    3  1.2852E+00 -9.7505E+01  4.2361E-15  0.0000E+00  0.0000E+00  0.0000E+00
    1    3  1.4387E+00 -1.1157E+02  4.8474E-15  0.0000E+00  0.0000E+00  0.0000E+00
    1    3  1.5922E+00 -1.2564E+02  5.4587E-15  0.0000E+00  0.0000E+00  0.0000E+00
    1    3  1.7457E+00 -1.3971E+02  6.0700E-15  0.0000E+00  0.0000E+00  0.0000E+00
    1    3  1.8991E+00 -1.5378E+02  6.6813E-15  0.0000E+00  0.0000E+00  0.0000E+00
