    1    3  4.9016E-03  3.1846E+01 -1.3268E-15  0.0000E+00  0.0000E+00  0.0000E+00
    1    3  5.9164E-03  3.1544E+01 -1.3108E-15  0.0000E+00  0.0000E+00  0.0000E+00
    1    3  9.3740E-03  3.0526E+01 -1.2643E-15  0.0000E+00  0.0000E+00  0.0000E+00
    1    3  1.6681E-02  2.8439E+01 -1.1881E-15  0.0000E+00  0.0000E+00  0.0000E+00
    1    3  3.0653E-02  2.4684E+01 -1.0623E-15  0.0000E+00  0.0000E+00  0.0000E+00
    1    3  5.4045E-02  1.9591E+01 -8.9127E-16  0.0000E+00  0.0000E+00  0.0000E+00
    1    3  8.6204E-02  1.5508E+01 -7.6665E-16  0.0000E+00  0.0000E+00  0.0000E+00
    1    3  1.2290E-01  1.3666E+01 -7.5809E-16  0.0000E+00  0.0000E+00  0.0000E+00
    1    3  1.6081E-01  1.2768E+01 -8.0447E-16  0.0000E+00  0.0000E+00  0.0000E+00
    1    3  1.9897E-01  1.2085E+01 -8.6426E-16  0.0000E+00  0.0000E+00  0.0000E+00
    1    3  2.3719E-01  1.1441E+01 -9.2661E-16  0.0000E+00  0.0000E+00  0.0000E+00
    1    3  2.7540E-01  1.0803E+01 -9.8944E-16  0.0000E+00  0.0000E+00  0.0000E+00
    1    3  3.1363E-01  1.0167E+01 -1.0523E-15  0.0000E+00  0.0000E+00  0.0000E+00
    1    3  3.5185E-01  9.5302E+00 -1.1152E-15  0.0000E+00  0.0000E+00  0.0000E+00
    1    3  3.9007E-01  8.8937E+00 -1.1781E-15  0.0000E+00  0.0000E+00  0.0000E+00
    1    3  4.2829E-01  8.2573E+00 -1.2411E-15  0.0000E+00  0.0000E+00  0.0000E+00
    1    3  4.6651E-01  7.6208E+00 -1.3040E-15  0.0000E+00  0.0000E+00  0.0000E+00
    1    3  5.0473E-01  6.9843E+00 -1.3669E-15  0.0000E+00  0.0000E+00  0.0000E+00
    1    3  5.4295E-01  6.3479E+00 -1.4298E-15  0.0000E+00  0.0000E+00  0.0000E+00
    1    3  5.8117E-01  5.7114E+00 -1.4927E-15  0.0000E+00  0.0000E+00  0.0000E+00
    1    3  6.1939E-01  5.0750E+00 -1.5556E-15  0.0000E+00  0.0000E+00  0.0000E+00
    1    3  6.5761E-01  4.4385E+00 -1.6185E-15  0.0000E+00  0.0000E+00  0.0000E+00
    1    3  6.9583E-01  3.8020E+00 -1.6814E-15  0.0000E+00  0.0000E+00  0.0000E+00
    1    3  7.3405E-01  3.1656E+00 -1.7443E-15  0.0000E+00  0.0000E+00  0.0000E+00
    1    3  7.7228E-01  2.5291E+00 -1.8072E-15  0.0000E+00  0.0000E+00  0.0000E+00
    1    3  8.1050E-01  1.8926E+00 -1.8701E-15  0.0000E+00  0.0000E+00  0.0000E+00
    1    3  8.4872E-01  1.2562E+00 -1.9331E-15  0.0000E+00  0.0000E+00  0.0000E+00
    1    3  8.8694E-01  6.1971E-01 -1.9960E-15  0.0000E+00  0.0000E+00  0.0000E+00
    1    3  9.2516E-01 -1.6753E-02 -2.0589E-15  0.0000E+00  0.0000E+00  0.0000E+00
    1    3  9.6338E-01 -6.5322E-01 -2.1218E-15  0.0000E+00  0.0000E+00  0.0000E+00
    1    3  1.0016E+00 -1.2897E+00 -2.1847E-15  0.0000E+00  0.0000E+00  0.0000E+00
    1    3  1.0398E+00 -1.9261E+00 -2.2476E-15  0.0000E+00  0.0000E+00  0.0000E+00
    1    3  1.0780E+00 -2.5626E+00 -2.3105E-15  0.0000E+00  0.0000E+00  0.0000E+00
    1    3  1.1163E+00 -3.1991E+00 -2.3734E-15  0.0000E+00  0.0000E+00  0.0000E+00
    1    3  1.1545E+00 -3.8355E+00 -2.4363E-15  0.0000E+00  0.0000E+00  0.0000E+00
    1    3  1.1927E+00 -4.4720E+00 -2.4992E-15  0.0000E+00  0.0000E+00  0.0000E+00
    1    3  1.2309E+00 -5.1085E+00 -2.5621E-15  0.0000E+00  0.0000E+00  0.0000E+00
    1    3  1.2691E+00 -5.7449E+00 -2.6251E-15  0.0000E+00  0.0000E+00  0.0000E+00
    1    3  1.3074E+00 -6.3814E+00 -2.6880E-15  0.0000E+00  0.0000E+00  0.0000E+00
    1    3  1.3456E+00 -7.0179E+00 -2.7509E-15  0.0000E+00  0.0000E+00  0.0000E+00
    1    3  1.3838E+00 -7.6543E+00 -2.8138E-15  0.0000E+00  0.0000E+00  0.0000E+00
    1    3  1.4220E+00 -8.2908E+00 -2.8767E-15  0.0000E+00  0.0000E+00  0.0000E+00
    1    3  1.4602E+00 -8.9272E+00 -2.9396E-15  0.0000E+00  0.0000E+00  0.0000E+00
    1    3  1.4985E+00 -9.5637E+00 -3.0025E-15  0.0000E+00  0.0000E+00  0.0000E+00
    1    3  1.5367E+00 -1.0200E+01 -3.0654E-15  0.0000E+00  0.0000E+00  0.0000E+00
    1    3  1.5749E+00 -1.0837E+01 -3.1283E-15  0.0000E+00  0.0000E+00  0.0000E+00
    1    3  1.6131E+00 -1.1473E+01 -3.1912E-15  0.0000E+00  0.0000E+00  0.0000E+00
    1    3  1.6514E+00 -1.2110E+01 -3.2541E-15  0.0000E+00  0.0000E+00  0.0000E+00
    1    3  1.6896E+00 -1.2746E+01 -3.3170E-15  0.0000E+00  0.0000E+00  0.0000E+00
    1    3  1.7278E+00 -1.3382E+01 -3.3800E-15  0.0000E+00  0.0000E+00  0.0000E+00
    1    3  1.7660E+00 -1.4019E+01 -3.4429E-15  0.0000E+00  0.0000E+00  0.0000E+00
    1    3  1.8042E+00 -1.4655E+01 -3.5058E-15  0.0000E+00  0.0000E+00  0.0000E+00
    1    3  1.8425E+00 -1.5292E+01 -3.5687E-15  0.0000E+00  0.0000E+00  0.0000E+00
    1    3  1.8807E+00 -1.5928E+01 -3.6316E-15  0.0000E+00  0.0000E+00  0.0000E+00
    1    3  1.9189E+00 -1.6565E+01 -3.6945E-15  0.0000E+00  0.0000E+00  0.0000E+00
    1    3  1.9571E+00 -1.7201E+01 -3.7574E-15  0.0000E+00  0.0000E+00  0.0000E+00
