    1    3  4.9016E-03  3.1846E+01 -1.3268E-15  0.0000E+00  0.0000E+00  0.0000E+00
    1    3  4.9631E-03  3.1828E+01 -1.3258E-15  0.0000E+00  0.0000E+00  0.0000E+00
    1    3  5.1492E-03  3.1773E+01 -1.3229E-15  0.0000E+00  0.0000E+00  0.0000E+00
    1    3  5.4645E-03  3.1679E+01 -1.3179E-15  0.0000E+00  0.0000E+00  0.0000E+00
    1    3  5.9168E-03  3.1544E+01 -1.3108E-15  0.0000E+00  0.0000E+00  0.0000E+00
    1    3  6.5176E-03  3.1366E+01 -1.3014E-15  0.0000E+00  0.0000E+00  0.0000E+00
    1    3  7.2818E-03  3.1140E+01 -1.2899E-15  0.0000E+00  0.0000E+00  0.0000E+00
    1    3  8.2283E-03  3.0861E+01 -1.2769E-15  0.0000E+00  0.0000E+00  0.0000E+00
    1    3  9.3808E-03  3.0524E+01 -1.2624E-15  0.0000E+00  0.0000E+00  0.0000E+00
    1    3  1.0768E-02  3.0121E+01 -1.2461E-15  0.0000E+00  0.0000E+00  0.0000E+00
    1    3  1.2423E-02  2.9645E+01 -1.2277E-15  0.0000E+00  0.0000E+00  0.0000E+00
    1    3  1.4386E-02  2.9086E+01 -1.2070E-15  0.0000E+00  0.0000E+00  0.0000E+00
    1    3  1.6704E-02  2.8433E+01 -1.1835E-15  0.0000E+00  0.0000E+00  0.0000E+00
    1    3  1.9431E-02  2.7677E+01 -1.1571E-15  0.0000E+00  0.0000E+00  0.0000E+00
    1    3  2.2628E-02  2.6805E+01 -1.1271E-15  0.0000E+00  0.0000E+00  0.0000E+00
    1    3  2.6363E-02  2.5806E+01 -1.0932E-15  0.0000E+00  0.0000E+00  0.0000E+00
    1    3  3.0688E-02  2.4685E+01 -1.0553E-15  0.0000E+00  0.0000E+00  0.0000E+00
    1    3  3.5620E-02  2.3469E+01 -1.0142E-15  0.0000E+00  0.0000E+00  0.0000E+00
    1    3  4.1169E-02  2.2191E+01 -9.7080E-16  0.0000E+00  0.0000E+00  0.0000E+00
    1    3  4.7340E-02  2.0883E+01 -9.2612E-16  0.0000E+00  0.0000E+00  0.0000E+00
    1    3  5.4134E-02  1.9578E+01 -8.8135E-16  0.0000E+00  0.0000E+00  0.0000E+00
    1    3  6.1506E-02  1.8326E+01 -8.3872E-16  0.0000E+00  0.0000E+00  0.0000E+00
    1    3  6.9386E-02  1.7188E+01 -8.0115E-16  0.0000E+00  0.0000E+00  0.0000E+00
    1    3  7.7707E-02  1.6215E+01 -7.7148E-16  0.0000E+00  0.0000E+00  0.0000E+00
    1    3  8.6392E-02  1.5421E+01 -7.5092E-16  0.0000E+00  0.0000E+00  0.0000E+00
    1    3  9.5354E-02  1.4779E+01 -7.3846E-16  0.0000E+00  0.0000E+00  0.0000E+00
    1    3  1.0451E-01  1.4264E+01 -7.3302E-16  0.0000E+00  0.0000E+00  0.0000E+00
    1    3  1.1379E-01  1.3849E+01 -7.3336E-16  0.0000E+00  0.0000E+00  0.0000E+00
    1    3  1.2317E-01  1.3509E+01 -7.3805E-16  0.0000E+00  0.0000E+00  0.0000E+00
    1    3  1.3262E-01  1.3219E+01 -7.4573E-16  0.0000E+00  0.0000E+00  0.0000E+00
    1    3  1.4211E-01  1.2963E+01 -7.5554E-16  0.0000E+00  0.0000E+00  0.0000E+00
    1    3  1.5162E-01  1.2732E+01 -7.6685E-16  0.0000E+00  0.0000E+00  0.0000E+00
    1    3  1.6116E-01  1.2516E+01 -7.7913E-16  0.0000E+00  0.0000E+00  0.0000E+00
    1    3  1.7071E-01  1.2310E+01 -7.9210E-16  0.0000E+00  0.0000E+00  0.0000E+00
    1    3  1.8027E-01  1.2111E+01 -8.0553E-16  0.0000E+00  0.0000E+00  0.0000E+00
    1    3  1.8983E-01  1.1917E+01 -8.1925E-16  0.0000E+00  0.0000E+00  0.0000E+00
    1    3  1.9940E-01  1.1726E+01 -8.3318E-16  0.0000E+00  0.0000E+00  0.0000E+00
    1    3  2.0897E-01  1.1537E+01 -8.4724E-16  0.0000E+00  0.0000E+00  0.0000E+00
    1    3  2.1854E-01  1.1349E+01 -8.6139E-16  0.0000E+00  0.0000E+00  0.0000E+00
    1    3  2.2811E-01  1.1161E+01 -8.7559E-16  0.0000E+00  0.0000E+00  0.0000E+00
    1    3  2.3768E-01  1.0975E+01 -8.8983E-16  0.0000E+00  0.0000E+00  0.0000E+00
    1    3  2.4726E-01  1.0788E+01 -9.0409E-16  0.0000E+00  0.0000E+00  0.0000E+00
    1    3  2.5683E-01  1.0602E+01 -9.1836E-16  0.0000E+00  0.0000E+00  0.0000E+00
    1    3  2.6640E-01  1.0416E+01 -9.3264E-16  0.0000E+00  0.0000E+00  0.0000E+00
    1    3  2.7598E-01  1.0230E+01 -9.4693E-16  0.0000E+00  0.0000E+00  0.0000E+00
    1    3  2.8555E-01  1.0043E+01 -9.6122E-16  0.0000E+00  0.0000E+00  0.0000E+00
    1    3  2.9512E-01  9.8574E+00 -9.7551E-16  0.0000E+00  0.0000E+00  0.0000E+00
    1    3  3.0470E-01  9.6714E+00 -9.8980E-16  0.0000E+00  0.0000E+00  0.0000E+00
    1    3  3.1427E-01  9.4854E+00 -1.0041E-15  0.0000E+00  0.0000E+00  0.0000E+00
    1    3  3.2384E-01  9.2994E+00 -1.0184E-15  0.0000E+00  0.0000E+00  0.0000E+00
    1    3  3.3342E-01  9.1133E+00 -1.0327E-15  0.0000E+00  0.0000E+00  0.0000E+00
    1    3  3.4299E-01  8.9273E+00 -1.0470E-15  0.0000E+00  0.0000E+00  0.0000E+00
    1    3  3.5256E-01  8.7413E+00 -1.0613E-15  0.0000E+00  0.0000E+00  0.0000E+00
    1    3  3.6214E-01  8.5553E+00 -1.0756E-15  0.0000E+00  0.0000E+00  0.0000E+00
    1    3  3.7171E-01  8.3693E+00 -1.0899E-15  0.0000E+00  0.0000E+00  0.0000E+00
    1    3  3.8128E-01  8.1833E+00 -1.1042E-15  0.0000E+00  0.0000E+00  0.0000E+00
    1    3  3.9086E-01  7.9973E+00 -1.1185E-15  0.0000E+00  0.0000E+00  0.0000E+00
    1    3  4.0043E-01  7.8113E+00 -1.1328E-15  0.0000E+00  0.0000E+00  0.0000E+00
    1    3  4.1001E-01  7.6253E+00 -1.1471E-15  0.0000E+00  0.0000E+00  0.0000E+00
    1    3  4.1958E-01  7.4393E+00 -1.1614E-15  0.0000E+00  0.0000E+00  0.0000E+00
    1    3  4.2915E-01  7.2533E+00 -1.1756E-15  0.0000E+00  0.0000E+00  0.0000E+00
    1    3  4.3873E-01  7.0673E+00 -1.1899E-15  0.0000E+00  0.0000E+00  0.0000E+00
    1    3  4.4830E-01  6.8813E+00 -1.2042E-15  0.0000E+00  0.0000E+00  0.0000E+00
    1    3  4.5787E-01  6.6953E+00 -1.2185E-15  0.0000E+00  0.0000E+00  0.0000E+00
    1    3  4.6745E-01  6.5093E+00 -1.2328E-15  0.0000E+00  0.0000E+00  0.0000E+00
    1    3  4.7702E-01  6.3233E+00 -1.2471E-15  0.0000E+00  0.0000E+00  0.0000E+00
    1    3  4.8659E-01  6.1373E+00 -1.2614E-15  0.0000E+00  0.0000E+00  0.0000E+00
    1    3  4.9617E-01  5.9513E+00 -1.2757E-15  0.0000E+00  0.0000E+00  0.0000E+00
    1    3  5.0574E-01  5.7653E+00 -1.2900E-15  0.0000E+00  0.0000E+00  0.0000E+00
    1    3  5.1531E-01  5.5792E+00 -1.3043E-15  0.0000E+00  0.0000E+00  0.0000E+00
    1    3  5.2489E-01  5.3932E+00 -1.3186E-15  0.0000E+00  0.0000E+00  0.0000E+00
    1    3  5.3446E-01  5.2072E+00 -1.3329E-15  0.0000E+00  0.0000E+00  0.0000E+00
    1    3  5.4403E-01  5.0212E+00 -1.3472E-15  0.0000E+00  0.0000E+00  0.0000E+00
    1    3  5.5361E-01  4.8352E+00 -1.3615E-15  0.0000E+00  0.0000E+00  0.0000E+00
    1    3  5.6318E-01  4.6492E+00 -1.3758E-15  0.0000E+00  0.0000E+00  0.0000E+00
    1    3  5.7275E-01  4.4632E+00 -1.3901E-15  0.0000E+00  0.0000E+00  0.0000E+00
    1    3  5.8233E-01  4.2772E+00 -1.4044E-15  0.0000E+00  0.0000E+00  0.0000E+00
    1    3  5.9190E-01  4.0912E+00 -1.4187E-15  0.0000E+00  0.0000E+00  0.0000E+00
    1    3  6.0148E-01  3.9052E+00 -1.4330E-15  0.0000E+00  0.0000E+00  0.0000E+00
    1    3  6.1105E-01  3.7192E+00 -1.4473E-15  0.0000E+00  0.0000E+00  0.0000E+00
    1    3  6.2062E-01  3.5332E+00 -1.4616E-15  0.0000E+00  0.0000E+00  0.0000E+00
    1    3  6.3020E-01  3.3472E+00 -1.4759E-15  0.0000E+00  0.0000E+00  0.0000E+00
    1    3  6.3977E-01  3.1612E+00 -1.4902E-15  0.0000E+00  0.0000E+00  0.0000E+00
    1    3  6.4934E-01  2.9752E+00 -1.5045E-15  0.0000E+00  0.0000E+00  0.0000E+00
    1    3  6.5892E-01  2.7892E+00 -1.5188E-15  0.0000E+00  0.0000E+00  0.0000E+00
    1    3  6.6849E-01  2.6032E+00 -1.5331E-15  0.0000E+00  0.0000E+00  0.0000E+00
    1    3  6.7806E-01  2.4172E+00 -1.5473E-15  0.0000E+00  0.0000E+00  0.0000E+00
    1    3  6.8764E-01  2.2312E+00 -1.5616E-15  0.0000E+00  0.0000E+00  0.0000E+00
    1    3  6.9721E-01  2.0452E+00 -1.5759E-15  0.0000E+00  0.0000E+00  0.0000E+00
    1    3  7.0678E-01  1.8591E+00 -1.5902E-15  0.0000E+00  0.0000E+00  0.0000E+00
    1    3  7.1636E-01  1.6731E+00 -1.6045E-15  0.0000E+00  0.0000E+00  0.0000E+00
    1    3  7.2593E-01  1.4871E+00 -1.6188E-15  0.0000E+00  0.0000E+00  0.0000E+00
    1    3  7.3550E-01  1.3011E+00 -1.6331E-15  0.0000E+00  0.0000E+00  0.0000E+00
    1    3  7.4508E-01  1.1151E+00 -1.6474E-15  0.0000E+00  0.0000E+00  0.0000E+00
    1    3  7.5465E-01  9.2912E-01 -1.6617E-15  0.0000E+00  0.0000E+00  0.0000E+00
    1    3  7.6422E-01  7.4312E-01 -1.6760E-15  0.0000E+00  0.0000E+00  0.0000E+00
    1    3  7.7380E-01  5.5711E-01 -1.6903E-15  0.0000E+00  0.0000E+00  0.0000E+00
    1    3  7.8337E-01  3.7111E-01 -1.7046E-15  0.0000E+00  0.0000E+00  0.0000E+00
    1    3  7.9295E-01  1.8510E-01 -1.7189E-15  0.0000E+00  0.0000E+00  0.0000E+00
    1    3  8.0252E-01 -9.0020E-04 -1.7332E-15  0.0000E+00  0.0000E+00  0.0000E+00
    1    3  8.1209E-01 -1.8691E-01 -1.7475E-15  0.0000E+00  0.0000E+00  0.0000E+00
    1    3  8.2167E-01 -3.7291E-01 -1.7618E-15  0.0000E+00  0.0000E+00  0.0000E+00
    1    3  8.3124E-01 -5.5891E-01 -1.7761E-15  0.0000E+00  0.0000E+00  0.0000E+00
    1    3  8.4081E-01 -7.4492E-01 -1.7904E-15  0.0000E+00  0.0000E+00  0.0000E+00
    1    3  8.5039E-01 -9.3092E-01 -1.8047E-15  0.0000E+00  0.0000E+00  0.0000E+00
    1    3  8.5996E-01 -1.1169E+00 -1.8190E-15  0.0000E+00  0.0000E+00  0.0000E+00
    1    3  8.6953E-01 -1.3029E+00 -1.8333E-15  0.0000E+00  0.0000E+00  0.0000E+00
    1    3  8.7911E-01 -1.4889E+00 -1.8476E-15  0.0000E+00  0.0000E+00  0.0000E+00
    1    3  8.8868E-01 -1.6749E+00 -1.8619E-15  0.0000E+00  0.0000E+00  0.0000E+00
    1    3  8.9825E-01 -1.8609E+00 -1.8762E-15  0.0000E+00  0.0000E+00  0.0000E+00
    1    3  9.0783E-01 -2.0470E+00 -1.8905E-15  0.0000E+00  0.0000E+00  0.0000E+00
    1    3  9.1740E-01 -2.2330E+00 -1.9047E-15  0.0000E+00  0.0000E+00  0.0000E+00
    1    3  9.2697E-01 -2.4190E+00 -1.9190E-15  0.0000E+00  0.0000E+00  0.0000E+00
    1    3  9.3655E-01 -2.6050E+00 -1.9333E-15  0.0000E+00  0.0000E+00  0.0000E+00
    1    3  9.4612E-01 -2.7910E+00 -1.9476E-15  0.0000E+00  0.0000E+00  0.0000E+00
    1    3  9.5569E-01 -2.9770E+00 -1.9619E-15  0.0000E+00  0.0000E+00  0.0000E+00
    1    3  9.6527E-01 -3.1630E+00 -1.9762E-15  0.0000E+00  0.0000E+00  0.0000E+00
    1    3  9.7484E-01 -3.3490E+00 -1.9905E-15  0.0000E+00  0.0000E+00  0.0000E+00
    1    3  9.8442E-01 -3.5350E+00 -2.0048E-15  0.0000E+00  0.0000E+00  0.0000E+00
    1    3  9.9399E-01 -3.7210E+00 -2.0191E-15  0.0000E+00  0.0000E+00  0.0000E+00
    1    3  1.0036E+00 -3.9070E+00 -2.0334E-15  0.0000E+00  0.0000E+00  0.0000E+00
    1    3  1.0131E+00 -4.0930E+00 -2.0477E-15  0.0000E+00  0.0000E+00  0.0000E+00
    1    3  1.0227E+00 -4.2790E+00 -2.0620E-15  0.0000E+00  0.0000E+00  0.0000E+00
    1    3  1.0323E+00 -4.4650E+00 -2.0763E-15  0.0000E+00  0.0000E+00  0.0000E+00
    1    3  1.0419E+00 -4.6510E+00 -2.0906E-15  0.0000E+00  0.0000E+00  0.0000E+00
    1    3  1.0514E+00 -4.8370E+00 -2.1049E-15  0.0000E+00  0.0000E+00  0.0000E+00
    1    3  1.0610E+00 -5.0230E+00 -2.1192E-15  0.0000E+00  0.0000E+00  0.0000E+00
    1    3  1.0706E+00 -5.2090E+00 -2.1335E-15  0.0000E+00  0.0000E+00  0.0000E+00
    1    3  1.0802E+00 -5.3950E+00 -2.1478E-15  0.0000E+00  0.0000E+00  0.0000E+00
    1    3  1.0897E+00 -5.5810E+00 -2.1621E-15  0.0000E+00  0.0000E+00  0.0000E+00
    1    3  1.0993E+00 -5.7671E+00 -2.1764E-15  0.0000E+00  0.0000E+00  0.0000E+00
    1    3  1.1089E+00 -5.9531E+00 -2.1907E-15  0.0000E+00  0.0000E+00  0.0000E+00
    1    3  1.1184E+00 -6.1391E+00 -2.2050E-15  0.0000E+00  0.0000E+00  0.0000E+00
    1    3  1.1280E+00 -6.3251E+00 -2.2193E-15  0.0000E+00  0.0000E+00  0.0000E+00
    1    3  1.1376E+00 -6.5111E+00 -2.2336E-15  0.0000E+00  0.0000E+00  0.0000E+00
    1    3  1.1472E+00 -6.6971E+00 -2.2479E-15  0.0000E+00  0.0000E+00  0.0000E+00
    1    3  1.1567E+00 -6.8831E+00 -2.2621E-15  0.0000E+00  0.0000E+00  0.0000E+00
    1    3  1.1663E+00 -7.0691E+00 -2.2764E-15  0.0000E+00  0.0000E+00  0.0000E+00
    1    3  1.1759E+00 -7.2551E+00 -2.2907E-15  0.0000E+00  0.0000E+00  0.0000E+00
    1    3  1.1855E+00 -7.4411E+00 -2.3050E-15  0.0000E+00  0.0000E+00  0.0000E+00
    1    3  1.1950E+00 -7.6271E+00 -2.3193E-15  0.0000E+00  0.0000E+00  0.0000E+00
    1    3  1.2046E+00 -7.8131E+00 -2.3336E-15  0.0000E+00  0.0000E+00  0.0000E+00
    1    3  1.2142E+00 -7.9991E+00 -2.3479E-15  0.0000E+00  0.0000E+00  0.0000E+00
    1    3  1.2238E+00 -8.1851E+00 -2.3622E-15  0.0000E+00  0.0000E+00  0.0000E+00
    1    3  1.2333E+00 -8.3711E+00 -2.3765E-15  0.0000E+00  0.0000E+00  0.0000E+00
    1    3  1.2429E+00 -8.5571E+00 -2.3908E-15  0.0000E+00  0.0000E+00  0.0000E+00
    1    3  1.2525E+00 -8.7431E+00 -2.4051E-15  0.0000E+00  0.0000E+00  0.0000E+00
    1    3  1.2620E+00 -8.9291E+00 -2.4194E-15  0.0000E+00  0.0000E+00  0.0000E+00
    1    3  1.2716E+00 -9.1151E+00 -2.4337E-15  0.0000E+00  0.0000E+00  0.0000E+00
    1    3  1.2812E+00 -9.3011E+00 -2.4480E-15  0.0000E+00  0.0000E+00  0.0000E+00
    1    3  1.2908E+00 -9.4871E+00 -2.4623E-15  0.0000E+00  0.0000E+00  0.0000E+00
    1    3  1.3003E+00 -9.6732E+00 -2.4766E-15  0.0000E+00  0.0000E+00  0.0000E+00
    1    3  1.3099E+00 -9.8592E+00 -2.4909E-15  0.0000E+00  0.0000E+00  0.0000E+00
    1    3  1.3195E+00 -1.0045E+01 -2.5052E-15  0.0000E+00  0.0000E+00  0.0000E+00
    1    3  1.3291E+00 -1.0231E+01 -2.5195E-15  0.0000E+00  0.0000E+00  0.0000E+00
    1    3  1.3386E+00 -1.0417E+01 -2.5338E-15  0.0000E+00  0.0000E+00  0.0000E+00
    1    3  1.3482E+00 -1.0603E+01 -2.5481E-15  0.0000E+00  0.0000E+00  0.0000E+00
    1    3  1.3578E+00 -1.0789E+01 -2.5624E-15  0.0000E+00  0.0000E+00  0.0000E+00
    1    3  1.3674E+00 -1.0975E+01 -2.5767E-15  0.0000E+00  0.0000E+00  0.0000E+00
    1    3  1.3769E+00 -1.1161E+01 -2.5910E-15  0.0000E+00  0.0000E+00  0.0000E+00
    1    3  1.3865E+00 -1.1347E+01 -2.6053E-15  0.0000E+00  0.0000E+00  0.0000E+00
    1    3  1.3961E+00 -1.1533E+01 -2.6195E-15  0.0000E+00  0.0000E+00  0.0000E+00
    1    3  1.4056E+00 -1.1719E+01 -2.6338E-15  0.0000E+00  0.0000E+00  0.0000E+00
    1    3  1.4152E+00 -1.1905E+01 -2.6481E-15  0.0000E+00  0.0000E+00  0.0000E+00
    1    3  1.4248E+00 -1.2091E+01 -2.6624E-15  0.0000E+00  0.0000E+00  0.0000E+00
    1    3  1.4344E+00 -1.2277E+01 -2.6767E-15  0.0000E+00  0.0000E+00  0.0000E+00
    1    3  1.4439E+00 -1.2463E+01 -2.6910E-15  0.0000E+00  0.0000E+00  0.0000E+00
    1    3  1.4535E+00 -1.2649E+01 -2.7053E-15  0.0000E+00  0.0000E+00  0.0000E+00
    1    3  1.4631E+00 -1.2835E+01 -2.7196E-15  0.0000E+00  0.0000E+00  0.0000E+00
    1    3  1.4727E+00 -1.3021E+01 -2.7339E-15  0.0000E+00  0.0000E+00  0.0000E+00
    1    3  1.4822E+00 -1.3207E+01 -2.7482E-15  0.0000E+00  0.0000E+00  0.0000E+00
    1    3  1.4918E+00 -1.3393E+01 -2.7625E-15  0.0000E+00  0.0000E+00  0.0000E+00
    1    3  1.5014E+00 -1.3579E+01 -2.7768E-15  0.0000E+00  0.0000E+00  0.0000E+00
    1    3  1.5110E+00 -1.3765E+01 -2.7911E-15  0.0000E+00  0.0000E+00  0.0000E+00
    1    3  1.5205E+00 -1.3951E+01 -2.8054E-15  0.0000E+00  0.0000E+00  0.0000E+00
    1    3  1.5301E+00 -1.4137E+01 -2.8197E-15  0.0000E+00  0.0000E+00  0.0000E+00
    1    3  1.5397E+00 -1.4323E+01 -2.8340E-15  0.0000E+00  0.0000E+00  0.0000E+00
    1    3  1.5493E+00 -1.4509E+01 -2.8483E-15  0.0000E+00  0.0000E+00  0.0000E+00
    1    3  1.5588E+00 -1.4695E+01 -2.8626E-15  0.0000E+00  0.0000E+00  0.0000E+00
    1    3  1.5684E+00 -1.4881E+01 -2.8769E-15  0.0000E+00  0.0000E+00  0.0000E+00
    1    3  1.5780E+00 -1.5067E+01 -2.8912E-15  0.0000E+00  0.0000E+00  0.0000E+00
    1    3  1.5875E+00 -1.5253E+01 -2.9055E-15  0.0000E+00  0.0000E+00  0.0000E+00
    1    3  1.5971E+00 -1.5439E+01 -2.9198E-15  0.0000E+00  0.0000E+00  0.0000E+00
    1    3  1.6067E+00 -1.5625E+01 -2.9341E-15  0.0000E+00  0.0000E+00  0.0000E+00
    1    3  1.6163E+00 -1.5811E+01 -2.9484E-15  0.0000E+00  0.0000E+00  0.0000E+00
    1    3  1.6258E+00 -1.5997E+01 -2.9627E-15  0.0000E+00  0.0000E+00  0.0000E+00
    1    3  1.6354E+00 -1.6183E+01 -2.9769E-15  0.0000E+00  0.0000E+00  0.0000E+00
    1    3  1.6450E+00 -1.6369E+01 -2.9912E-15  0.0000E+00  0.0000E+00  0.0000E+00
    1    3  1.6546E+00 -1.6555E+01 -3.0055E-15  0.0000E+00  0.0000E+00  0.0000E+00
    1    3  1.6641E+00 -1.6741E+01 -3.0198E-15  0.0000E+00  0.0000E+00  0.0000E+00
    1    3  1.6737E+00 -1.6927E+01 -3.0341E-15  0.0000E+00  0.0000E+00  0.0000E+00
    1    3  1.6833E+00 -1.7113E+01 -3.0484E-15  0.0000E+00  0.0000E+00  0.0000E+00
    1    3  1.6929E+00 -1.7299E+01 -3.0627E-15  0.0000E+00  0.0000E+00  0.0000E+00
    1    3  1.7024E+00 -1.7485E+01 -3.0770E-15  0.0000E+00  0.0000E+00  0.0000E+00
    1    3  1.7120E+00 -1.7671E+01 -3.0913E-15  0.0000E+00  0.0000E+00  0.0000E+00
    1    3  1.7216E+00 -1.7857E+01 -3.1056E-15  0.0000E+00  0.0000E+00  0.0000E+00
    1    3  1.7311E+00 -1.8043E+01 -3.1199E-15  0.0000E+00  0.0000E+00  0.0000E+00
    1    3  1.7407E+00 -1.8229E+01 -3.1342E-15  0.0000E+00  0.0000E+00  0.0000E+00
    1    3  1.7503E+00 -1.8415E+01 -3.1485E-15  0.0000E+00  0.0000E+00  0.0000E+00
    1    3  1.7599E+00 -1.8601E+01 -3.1628E-15  0.0000E+00  0.0000E+00  0.0000E+00
    1    3  1.7694E+00 -1.8787E+01 -3.1771E-15  0.0000E+00  0.0000E+00  0.0000E+00
    1    3  1.7790E+00 -1.8973E+01 -3.1914E-15  0.0000E+00  0.0000E+00  0.0000E+00
    1    3  1.7886E+00 -1.9159E+01 -3.2057E-15  0.0000E+00  0.0000E+00  0.0000E+00
    1    3  1.7982E+00 -1.9345E+01 -3.2200E-15  0.0000E+00  0.0000E+00  0.0000E+00
    1    3  1.8077E+00 -1.9531E+01 -3.2343E-15  0.0000E+00  0.0000E+00  0.0000E+00
    1    3  1.8173E+00 -1.9717E+01 -3.2486E-15  0.0000E+00  0.0000E+00  0.0000E+00
    1    3  1.8269E+00 -1.9903E+01 -3.2629E-15  0.0000E+00  0.0000E+00  0.0000E+00
    1    3  1.8365E+00 -2.0089E+01 -3.2772E-15  0.0000E+00  0.0000E+00  0.0000E+00
    1    3  1.8460E+00 -2.0275E+01 -3.2915E-15  0.0000E+00  0.0000E+00  0.0000E+00
    1    3  1.8556E+00 -2.0461E+01 -3.3058E-15  0.0000E+00  0.0000E+00  0.0000E+00
    1    3  1.8652E+00 -2.0647E+01 -3.3201E-15  0.0000E+00  0.0000E+00  0.0000E+00
    1    3  1.8748E+00 -2.0833E+01 -3.3343E-15  0.0000E+00  0.0000E+00  0.0000E+00
    1    3  1.8843E+00 -2.1019E+01 -3.3486E-15  0.0000E+00  0.0000E+00  0.0000E+00
    1    3  1.8939E+00 -2.1205E+01 -3.3629E-15  0.0000E+00  0.0000E+00  0.0000E+00
    1    3  1.9035E+00 -2.1391E+01 -3.3772E-15  0.0000E+00  0.0000E+00  0.0000E+00
    1    3  1.9130E+00 -2.1577E+01 -3.3915E-15  0.0000E+00  0.0000E+00  0.0000E+00
    1    3  1.9226E+00 -2.1763E+01 -3.4058E-15  0.0000E+00  0.0000E+00  0.0000E+00
    1    3  1.9322E+00 -2.1949E+01 -3.4201E-15  0.0000E+00  0.0000E+00  0.0000E+00
    1    3  1.9418E+00 -2.2135E+01 -3.4344E-15  0.0000E+00  0.0000E+00  0.0000E+00
    1    3  1.9513E+00 -2.2321E+01 -3.4487E-15  0.0000E+00  0.0000E+00  0.0000E+00
    1    3  1.9609E+00 -2.2507E+01 -3.4630E-15  0.0000E+00  0.0000E+00  0.0000E+00
    1    3  1.9705E+00 -2.2693E+01 -3.4773E-15  0.0000E+00  0.0000E+00  0.0000E+00
    1    3  1.9801E+00 -2.2879E+01 -3.4916E-15  0.0000E+00  0.0000E+00  0.0000E+00
    1    3  1.9896E+00 -2.3066E+01 -3.5059E-15  0.0000E+00  0.0000E+00  0.0000E+00
