    1    3  4.9016E-03  3.1846E+01 -1.3268E-15  0.0000E+00  0.0000E+00  0.0000E+00
    1    3  9.3505E-03  3.0533E+01 -1.2714E-15  0.0000E+00  0.0000E+00  0.0000E+00
    1    3  3.0150E-02  2.4793E+01 -1.0810E-15  0.0000E+00  0.0000E+00  0.0000E+00
    1    3  8.5012E-02  1.5680E+01 -7.8965E-16  0.0000E+00  0.0000E+00  0.0000E+00
    1    3  1.5948E-01  1.1917E+01 -7.7438E-16  0.0000E+00  0.0000E+00  0.0000E+00
    1    3  2.3576E-01  9.5348E+00 -8.4487E-16  0.0000E+00  0.0000E+00  0.0000E+00
    1    3  3.1211E-01  7.1987E+00 -9.1894E-16  0.0000E+00  0.0000E+00  0.0000E+00
    1    3  3.8846E-01  4.8636E+00 -9.9310E-16  0.0000E+00  0.0000E+00  0.0000E+00
    1    3  4.6481E-01  2.5285E+00 -1.0673E-15  0.0000E+00  0.0000E+00  0.0000E+00
    1    3  5.4116E-01  1.9339E-01 -1.1414E-15  0.0000E+00  0.0000E+00  0.0000E+00
    1    3  6.1751E-01 -2.1417E+00 -1.2156E-15  0.0000E+00  0.0000E+00  0.0000E+00
    1    3  6.9386E-01 -4.4768E+00 -1.2898E-15  0.0000E+00  0.0000E+00  0.0000E+00
    1    3  7.7021E-01 -6.8119E+00 -1.3639E-15  0.0000E+00  0.0000E+00  0.0000E+00
    1    3  8.4655E-01 -9.1470E+00 -1.4381E-15  0.0000E+00  0.0000E+00  0.0000E+00
    1    3  9.2290E-01 -1.1482E+01 -1.5122E-15  0.0000E+00  0.0000E+00  0.0000E+00
    1    3  9.9925E-01 -1.3817E+01 -1.5864E-15  0.0000E+00  0.0000E+00  0.0000E+00
    1    3  1.0756E+00 -1.6152E+01 -1.6606E-15  0.0000E+00  0.0000E+00  0.0000E+00
    1    3  1.1520E+00 -1.8487E+01 -1.7347E-15  0.0000E+00  0.0000E+00  0.0000E+00
    1    3  1.2283E+00 -2.0823E+01 -1.8089E-15  0.0000E+00  0.0000E+00  0.0000E+00
    1    3  1.3046E+00 -2.3158E+01 -1.8831E-15  0.0000E+00  0.0000E+00  0.0000E+00
    1    3  1.3810E+00 -2.5493E+01 -1.9572E-15  0.0000E+00  0.0000E+00  0.0000E+00
    1    3  1.4573E+00 -2.7828E+01 -2.0314E-15  0.0000E+00  0.0000E+00  0.0000E+00
    1    3  1.5337E+00 -3.0163E+01 -2.1055E-15  0.0000E+00  0.0000E+00  0.0000E+00
    1    3  1.6100E+00 -3.2498E+01 -2.1797E-15  0.0000E+00  0.0000E+00  0.0000E+00
    1    3  1.6864E+00 -3.4833E+01 -2.2539E-15  0.0000E+00  0.0000E+00  0.0000E+00
    1    3  1.7627E+00 -3.7168E+01 -2.3280E-15  0.0000E+00  0.0000E+00  0.0000E+00
    1    3  1.8391E+00 -3.9503E+01 -2.4022E-15  0.0000E+00  0.0000E+00  0.0000E+00
    1    3  1.9154E+00 -4.1838E+01 -2.4764E-15  0.0000E+00  0.0000E+00  0.0000E+00
