    1    3  4.9016E-03  3.1846E+01 -1.3268E-15  0.0000E+00  0.0000E+00  0.0000E+00
    1    3  4.9282E-03  3.1838E+01 -1.3264E-15  0.0000E+00  0.0000E+00  0.0000E+00
    1    3  5.0084E-03  3.1813E+01 -1.3255E-15  0.0000E+00  0.0000E+00  0.0000E+00
    1    3  5.1429E-03  3.1771E+01 -1.3238E-15  0.0000E+00  0.0000E+00  0.0000E+00
    1    3  5.3333E-03  3.1712E+01 -1.3215E-15  0.0000E+00  0.0000E+00  0.0000E+00
    1    3  5.5815E-03  3.1634E+01 -1.3184E-15  0.0000E+00  0.0000E+00  0.0000E+00
    1    3  5.8903E-03  3.1538E+01 -1.3146E-15  0.0000E+00  0.0000E+00  0.0000E+00
    1    3  6.2630E-03  3.1422E+01 -1.3101E-15  0.0000E+00  0.0000E+00  0.0000E+00
    1    3  6.7036E-03  3.1285E+01 -1.3047E-15  0.0000E+00  0.0000E+00  0.0000E+00
    1    3  7.2168E-03  3.1127E+01 -1.2984E-15  0.0000E+00  0.0000E+00  0.0000E+00
    1    3  7.8081E-03  3.0944E+01 -1.2912E-15  0.0000E+00  0.0000E+00  0.0000E+00
    1    3  8.4837E-03  3.0736E+01 -1.2829E-15  0.0000E+00  0.0000E+00  0.0000E+00
    1    3  9.2509E-03  3.0500E+01 -1.2735E-15  0.0000E+00  0.0000E+00  0.0000E+00
    1    3  1.0118E-02  3.0235E+01 -1.2629E-15  0.0000E+00  0.0000E+00  0.0000E+00
    1    3  1.1093E-02  2.9938E+01 -1.2510E-15  0.0000E+00  0.0000E+00  0.0000E+00
    1    3  1.2187E-02  2.9606E+01 -1.2377E-15  0.0000E+00  0.0000E+00  0.0000E+00
    1    3  1.3410E-02  2.9238E+01 -1.2228E-15  0.0000E+00  0.0000E+00  0.0000E+00
    1    3  1.4767E-02  2.8832E+01 -1.2062E-15  0.0000E+00  0.0000E+00  0.0000E+00
    1    3  1.6259E-02  2.8389E+01 -1.1881E-15  0.0000E+00  0.0000E+00  0.0000E+00
    1    3  1.7888E-02  2.7910E+01 -1.1684E-15  0.0000E+00  0.0000E+00  0.0000E+00
    1    3  1.9654E-02  2.7395E+01 -1.1471E-15  0.0000E+00  0.0000E+00  0.0000E+00
    1    3  2.1561E-02  2.6845E+01 -1.1242E-15  0.0000E+00  0.0000E+00  0.0000E+00
    1    3  2.3608E-02  2.6262E+01 -1.0997E-15  0.0000E+00  0.0000E+00  0.0000E+00
    1    3  2.5797E-02  2.5647E+01 -1.0736E-15  0.0000E+00  0.0000E+00  0.0000E+00
    1    3  2.8131E-02  2.5000E+01 -1.0464E-15  0.0000E+00  0.0000E+00  0.0000E+00
    1    3  3.0612E-02  2.4326E+01 -1.0183E-15  0.0000E+00  0.0000E+00  0.0000E+00
    1    3  3.3240E-02  2.3625E+01 -9.8930E-16  0.0000E+00  0.0000E+00  0.0000E+00
    1    3  3.6018E-02  2.2903E+01 -9.5954E-16  0.0000E+00  0.0000E+00  0.0000E+00
    1    3  3.8948E-02  2.2160E+01 -9.2907E-16  0.0000E+00  0.0000E+00  0.0000E+00
    1    3  4.2029E-02  2.1403E+01 -8.9806E-16  0.0000E+00  0.0000E+00  0.0000E+00
    1    3  4.5263E-02  2.0636E+01 -8.6671E-16  0.0000E+00  0.0000E+00  0.0000E+00
    1    3  4.8649E-02  1.9867E+01 -8.3524E-16  0.0000E+00  0.0000E+00  0.0000E+00
    1    3  5.2186E-02  1.9101E+01 -8.0390E-16  0.0000E+00  0.0000E+00  0.0000E+00
    1    3  5.5870E-02  1.8346E+01 -7.7300E-16  0.0000E+00  0.0000E+00  0.0000E+00
    1    3  5.9695E-02  1.7610E+01 -7.4295E-16  0.0000E+00  0.0000E+00  0.0000E+00
    1    3  6.3656E-02  1.6900E+01 -7.1412E-16  0.0000E+00  0.0000E+00  0.0000E+00
    1    3  6.7745E-02  1.6223E+01 -6.8688E-16  0.0000E+00  0.0000E+00  0.0000E+00
    1    3  7.1949E-02  1.5584E+01 -6.6151E-16  0.0000E+00  0.0000E+00  0.0000E+00
    1    3  7.6257E-02  1.4985E+01 -6.3794E-16  0.0000E+00  0.0000E+00  0.0000E+00
    1    3  8.0658E-02  1.4430E+01 -6.1559E-16  0.0000E+00  0.0000E+00  0.0000E+00
    1    3  8.5138E-02  1.3915E+01 -5.9446E-16  0.0000E+00  0.0000E+00  0.0000E+00
    1    3  8.9686E-02  1.3438E+01 -5.7449E-16  0.0000E+00  0.0000E+00  0.0000E+00
    1    3  9.4291E-02  1.2996E+01 -5.5563E-16  0.0000E+00  0.0000E+00  0.0000E+00
    1    3  9.8945E-02  1.2584E+01 -5.3776E-16  0.0000E+00  0.0000E+00  0.0000E+00
    1    3  1.0364E-01  1.2199E+01 -5.2075E-16  0.0000E+00  0.0000E+00  0.0000E+00
    1    3  1.0837E-01  1.1835E+01 -5.0451E-16  0.0000E+00  0.0000E+00  0.0000E+00
    1    3  1.1312E-01  1.1490E+01 -4.8893E-16  0.0000E+00  0.0000E+00  0.0000E+00
    1    3  1.1790E-01  1.1160E+01 -4.7389E-16  0.0000E+00  0.0000E+00  0.0000E+00
    1    3  1.2270E-01  1.0843E+01 -4.5932E-16  0.0000E+00  0.0000E+00  0.0000E+00
    1    3  1.2751E-01  1.0536E+01 -4.4515E-16  0.0000E+00  0.0000E+00  0.0000E+00
    1    3  1.3234E-01  1.0237E+01 -4.3129E-16  0.0000E+00  0.0000E+00  0.0000E+00
    1    3  1.3718E-01  9.9441E+00 -4.1771E-16  0.0000E+00  0.0000E+00  0.0000E+00
    1    3  1.4202E-01  9.6569E+00 -4.0435E-16  0.0000E+00  0.0000E+00  0.0000E+00
    1    3  1.4688E-01  9.3741E+00 -3.9118E-16  0.0000E+00  0.0000E+00  0.0000E+00
    1    3  1.5174E-01  9.0946E+00 -3.7815E-16  0.0000E+00  0.0000E+00  0.0000E+00
    1    3  1.5660E-01  8.8179E+00 -3.6525E-16  0.0000E+00  0.0000E+00  0.0000E+00
    1    3  1.6147E-01  8.5434E+00 -3.5246E-16  0.0000E+00  0.0000E+00  0.0000E+00
    1    3  1.6634E-01  8.2706E+00 -3.3975E-16  0.0000E+00  0.0000E+00  0.0000E+00
    1    3  1.7121E-01  7.9991E+00 -3.2710E-16  0.0000E+00  0.0000E+00  0.0000E+00
    1    3  1.7609E-01  7.7287E+00 -3.1451E-16  0.0000E+00  0.0000E+00  0.0000E+00
    1    3  1.8096E-01  7.4592E+00 -3.0197E-16  0.0000E+00  0.0000E+00  0.0000E+00
    1    3  1.8584E-01  7.1904E+00 -2.8947E-16  0.0000E+00  0.0000E+00  0.0000E+00
    1    3  1.9072E-01  6.9221E+00 -2.7699E-16  0.0000E+00  0.0000E+00  0.0000E+00
    1    3  1.9560E-01  6.6542E+00 -2.6454E-16  0.0000E+00  0.0000E+00  0.0000E+00
    1    3  2.0048E-01  6.3866E+00 -2.5211E-16  0.0000E+00  0.0000E+00  0.0000E+00
    1    3  2.0536E-01  6.1192E+00 -2.3969E-16  0.0000E+00  0.0000E+00  0.0000E+00
    1    3  2.1025E-01  5.8520E+00 -2.2729E-16  0.0000E+00  0.0000E+00  0.0000E+00
    1    3  2.1513E-01  5.5850E+00 -2.1489E-16  0.0000E+00  0.0000E+00  0.0000E+00
    1    3  2.2001E-01  5.3181E+00 -2.0250E-16  0.0000E+00  0.0000E+00  0.0000E+00
    1    3  2.2489E-01  5.0513E+00 -1.9011E-16  0.0000E+00  0.0000E+00  0.0000E+00
    1    3  2.2978E-01  4.7845E+00 -1.7772E-16  0.0000E+00  0.0000E+00  0.0000E+00
    1    3  2.3466E-01  4.5178E+00 -1.6533E-16  0.0000E+00  0.0000E+00  0.0000E+00
    1    3  2.3954E-01  4.2512E+00 -1.5294E-16  0.0000E+00  0.0000E+00  0.0000E+00
    1    3  2.4443E-01  3.9845E+00 -1.4055E-16  0.0000E+00  0.0000E+00  0.0000E+00
    1    3  2.4931E-01  3.7179E+00 -1.2816E-16  0.0000E+00  0.0000E+00  0.0000E+00
    1    3  2.5420E-01  3.4513E+00 -1.1577E-16  0.0000E+00  0.0000E+00  0.0000E+00
    1    3  2.5908E-01  3.1847E+00 -1.0338E-16  0.0000E+00  0.0000E+00  0.0000E+00
    1    3  2.6396E-01  2.9181E+00 -9.0991E-17  0.0000E+00  0.0000E+00  0.0000E+00
    1    3  2.6885E-01  2.6515E+00 -7.8602E-17  0.0000E+00  0.0000E+00  0.0000E+00
    1    3  2.7373E-01  2.3849E+00 -6.6212E-17  0.0000E+00  0.0000E+00  0.0000E+00
    1    3  2.7861E-01  2.1183E+00 -5.3822E-17  0.0000E+00  0.0000E+00  0.0000E+00
    1    3  2.8350E-01  1.8518E+00 -4.1432E-17  0.0000E+00  0.0000E+00  0.0000E+00
    1    3  2.8838E-01  1.5852E+00 -2.9043E-17  0.0000E+00  0.0000E+00  0.0000E+00
    1    3  2.9327E-01  1.3186E+00 -1.6653E-17  0.0000E+00  0.0000E+00  0.0000E+00
    1    3  2.9815E-01  1.0520E+00 -4.2632E-18  0.0000E+00  0.0000E+00  0.0000E+00
    1    3  3.0303E-01  7.8545E-01  8.1265E-18  0.0000E+00  0.0000E+00  0.0000E+00
    1    3  3.0792E-01  5.1887E-01  2.0516E-17  0.0000E+00  0.0000E+00  0.0000E+00
    1    3  3.1280E-01  2.5230E-01  3.2906E-17  0.0000E+00  0.0000E+00  0.0000E+00
    1    3  3.1768E-01 -1.4279E-02  4.5296E-17  0.0000E+00  0.0000E+00  0.0000E+00
    1    3  3.2257E-01 -2.8085E-01  5.7685E-17  0.0000E+00  0.0000E+00  0.0000E+00
    1    3  3.2745E-01 -5.4743E-01  7.0075E-17  0.0000E+00  0.0000E+00  0.0000E+00
    1    3  3.3234E-01 -8.1400E-01  8.2465E-17  0.0000E+00  0.0000E+00  0.0000E+00
    1    3  3.3722E-01 -1.0806E+00  9.4854E-17  0.0000E+00  0.0000E+00  0.0000E+00
    1    3  3.4210E-01 -1.3472E+00  1.0724E-16  0.0000E+00  0.0000E+00  0.0000E+00
    1    3  3.4699E-01 -1.6137E+00  1.1963E-16  0.0000E+00  0.0000E+00  0.0000E+00
    1    3  3.5187E-01 -1.8803E+00  1.3202E-16  0.0000E+00  0.0000E+00  0.0000E+00
    1    3  3.5676E-01 -2.1469E+00  1.4441E-16  0.0000E+00  0.0000E+00  0.0000E+00
    1    3  3.6164E-01 -2.4135E+00  1.5680E-16  0.0000E+00  0.0000E+00  0.0000E+00
    1    3  3.6652E-01 -2.6800E+00  1.6919E-16  0.0000E+00  0.0000E+00  0.0000E+00
    1    3  3.7141E-01 -2.9466E+00  1.8158E-16  0.0000E+00  0.0000E+00  0.0000E+00
    1    3  3.7629E-01 -3.2132E+00  1.9397E-16  0.0000E+00  0.0000E+00  0.0000E+00
    1    3  3.8117E-01 -3.4797E+00  2.0636E-16  0.0000E+00  0.0000E+00  0.0000E+00
    1    3  3.8606E-01 -3.7463E+00  2.1875E-16  0.0000E+00  0.0000E+00  0.0000E+00
    1    3  3.9094E-01 -4.0129E+00  2.3114E-16  0.0000E+00  0.0000E+00  0.0000E+00
    1    3  3.9583E-01 -4.2795E+00  2.4353E-16  0.0000E+00  0.0000E+00  0.0000E+00
    1    3  4.0071E-01 -4.5460E+00  2.5592E-16  0.0000E+00  0.0000E+00  0.0000E+00
    1    3  4.0559E-01 -4.8126E+00  2.6831E-16  0.0000E+00  0.0000E+00  0.0000E+00
    1    3  4.1048E-01 -5.0792E+00  2.8070E-16  0.0000E+00  0.0000E+00  0.0000E+00
    1    3  4.1536E-01 -5.3458E+00  2.9309E-16  0.0000E+00  0.0000E+00  0.0000E+00
    1    3  4.2025E-01 -5.6123E+00  3.0548E-16  0.0000E+00  0.0000E+00  0.0000E+00
    1    3  4.2513E-01 -5.8789E+00  3.1787E-16  0.0000E+00  0.0000E+00  0.0000E+00
    1    3  4.3001E-01 -6.1455E+00  3.3026E-16  0.0000E+00  0.0000E+00  0.0000E+00
    1    3  4.3490E-01 -6.4121E+00  3.4265E-16  0.0000E+00  0.0000E+00  0.0000E+00
    1    3  4.3978E-01 -6.6786E+00  3.5504E-16  0.0000E+00  0.0000E+00  0.0000E+00
    1    3  4.4466E-01 -6.9452E+00  3.6743E-16  0.0000E+00  0.0000E+00  0.0000E+00
    1    3  4.4955E-01 -7.2118E+00  3.7982E-16  0.0000E+00  0.0000E+00  0.0000E+00
    1    3  4.5443E-01 -7.4784E+00  3.9221E-16  0.0000E+00  0.0000E+00  0.0000E+00
    1    3  4.5932E-01 -7.7449E+00  4.0460E-16  0.0000E+00  0.0000E+00  0.0000E+00
    1    3  4.6420E-01 -8.0115E+00  4.1699E-16  0.0000E+00  0.0000E+00  0.0000E+00
    1    3  4.6908E-01 -8.2781E+00  4.2938E-16  0.0000E+00  0.0000E+00  0.0000E+00
    1    3  4.7397E-01 -8.5447E+00  4.4177E-16  0.0000E+00  0.0000E+00  0.0000E+00
    1    3  4.7885E-01 -8.8112E+00  4.5416E-16  0.0000E+00  0.0000E+00  0.0000E+00
    1    3  4.8374E-01 -9.0778E+00  4.6655E-16  0.0000E+00  0.0000E+00  0.0000E+00
    1    3  4.8862E-01 -9.3444E+00  4.7894E-16  0.0000E+00  0.0000E+00  0.0000E+00
    1    3  4.9350E-01 -9.6110E+00  4.9133E-16  0.0000E+00  0.0000E+00  0.0000E+00
    1    3  4.9839E-01 -9.8775E+00  5.0372E-16  0.0000E+00  0.0000E+00  0.0000E+00
    1    3  5.0327E-01 -1.0144E+01  5.1611E-16  0.0000E+00  0.0000E+00  0.0000E+00
    1    3  5.0815E-01 -1.0411E+01  5.2850E-16  0.0000E+00  0.0000E+00  0.0000E+00
    1    3  5.1304E-01 -1.0677E+01  5.4088E-16  0.0000E+00  0.0000E+00  0.0000E+00
    1    3  5.1792E-01 -1.0944E+01  5.5327E-16  0.0000E+00  0.0000E+00  0.0000E+00
    1    3  5.2281E-01 -1.1210E+01  5.6566E-16  0.0000E+00  0.0000E+00  0.0000E+00
    1    3  5.2769E-01 -1.1477E+01  5.7805E-16  0.0000E+00  0.0000E+00  0.0000E+00
    1    3  5.3257E-01 -1.1744E+01  5.9044E-16  0.0000E+00  0.0000E+00  0.0000E+00
    1    3  5.3746E-01 -1.2010E+01  6.0283E-16  0.0000E+00  0.0000E+00  0.0000E+00
    1    3  5.4234E-01 -1.2277E+01  6.1522E-16  0.0000E+00  0.0000E+00  0.0000E+00
    1    3  5.4723E-01 -1.2543E+01  6.2761E-16  0.0000E+00  0.0000E+00  0.0000E+00
    1    3  5.5211E-01 -1.2810E+01  6.4000E-16  0.0000E+00  0.0000E+00  0.0000E+00
    1    3  5.5699E-01 -1.3076E+01  6.5239E-16  0.0000E+00  0.0000E+00  0.0000E+00
    1    3  5.6188E-01 -1.3343E+01  6.6478E-16  0.0000E+00  0.0000E+00  0.0000E+00
    1    3  5.6676E-01 -1.3610E+01  6.7717E-16  0.0000E+00  0.0000E+00  0.0000E+00
    1    3  5.7164E-01 -1.3876E+01  6.8956E-16  0.0000E+00  0.0000E+00  0.0000E+00
    1    3  5.7653E-01 -1.4143E+01  7.0195E-16  0.0000E+00  0.0000E+00  0.0000E+00
    1    3  5.8141E-01 -1.4409E+01  7.1434E-16  0.0000E+00  0.0000E+00  0.0000E+00
    1    3  5.8630E-01 -1.4676E+01  7.2673E-16  0.0000E+00  0.0000E+00  0.0000E+00
    1    3  5.9118E-01 -1.4942E+01  7.3912E-16  0.0000E+00  0.0000E+00  0.0000E+00
    1    3  5.9606E-01 -1.5209E+01  7.5151E-16  0.0000E+00  0.0000E+00  0.0000E+00
    1    3  6.0095E-01 -1.5476E+01  7.6390E-16  0.0000E+00  0.0000E+00  0.0000E+00
    1    3  6.0583E-01 -1.5742E+01  7.7629E-16  0.0000E+00  0.0000E+00  0.0000E+00
    1    3  6.1072E-01 -1.6009E+01  7.8868E-16  0.0000E+00  0.0000E+00  0.0000E+00
    1    3  6.1560E-01 -1.6275E+01  8.0107E-16  0.0000E+00  0.0000E+00  0.0000E+00
    1    3  6.2048E-01 -1.6542E+01  8.1346E-16  0.0000E+00  0.0000E+00  0.0000E+00
    1    3  6.2537E-01 -1.6808E+01  8.2585E-16  0.0000E+00  0.0000E+00  0.0000E+00
    1    3  6.3025E-01 -1.7075E+01  8.3824E-16  0.0000E+00  0.0000E+00  0.0000E+00
    1    3  6.3513E-01 -1.7342E+01  8.5063E-16  0.0000E+00  0.0000E+00  0.0000E+00
    1    3  6.4002E-01 -1.7608E+01  8.6302E-16  0.0000E+00  0.0000E+00  0.0000E+00
    1    3  6.4490E-01 -1.7875E+01  8.7541E-16  0.0000E+00  0.0000E+00  0.0000E+00
    1    3  6.4979E-01 -1.8141E+01  8.8780E-16  0.0000E+00  0.0000E+00  0.0000E+00
    1    3  6.5467E-01 -1.8408E+01  9.0019E-16  0.0000E+00  0.0000E+00  0.0000E+00
    1    3  6.5955E-01 -1.8675E+01  9.1258E-16  0.0000E+00  0.0000E+00  0.0000E+00
    1    3  6.6444E-01 -1.8941E+01  9.2497E-16  0.0000E+00  0.0000E+00  0.0000E+00
    1    3  6.6932E-01 -1.9208E+01  9.3736E-16  0.0000E+00  0.0000E+00  0.0000E+00
    1    3  6.7421E-01 -1.9474E+01  9.4975E-16  0.0000E+00  0.0000E+00  0.0000E+00
    1    3  6.7909E-01 -1.9741E+01  9.6214E-16  0.0000E+00  0.0000E+00  0.0000E+00
    1    3  6.8397E-01 -2.0007E+01  9.7453E-16  0.0000E+00  0.0000E+00  0.0000E+00
    1    3  6.8886E-01 -2.0274E+01  9.8692E-16  0.0000E+00  0.0000E+00  0.0000E+00
    1    3  6.9374E-01 -2.0541E+01  9.9931E-16  0.0000E+00  0.0000E+00  0.0000E+00
    1    3  6.9862E-01 -2.0807E+01  1.0117E-15  0.0000E+00  0.0000E+00  0.0000E+00
    1    3  7.0351E-01 -2.1074E+01  1.0241E-15  0.0000E+00  0.0000E+00  0.0000E+00
    1    3  7.0839E-01 -2.1340E+01  1.0365E-15  0.0000E+00  0.0000E+00  0.0000E+00
    1    3  7.1328E-01 -2.1607E+01  1.0489E-15  0.0000E+00  0.0000E+00  0.0000E+00
    1    3  7.1816E-01 -2.1873E+01  1.0613E-15  0.0000E+00  0.0000E+00  0.0000E+00
    1    3  7.2304E-01 -2.2140E+01  1.0736E-15  0.0000E+00  0.0000E+00  0.0000E+00
    1    3  7.2793E-01 -2.2407E+01  1.0860E-15  0.0000E+00  0.0000E+00  0.0000E+00
    1    3  7.3281E-01 -2.2673E+01  1.0984E-15  0.0000E+00  0.0000E+00  0.0000E+00
    1    3  7.3770E-01 -2.2940E+01  1.1108E-15  0.0000E+00  0.0000E+00  0.0000E+00
    1    3  7.4258E-01 -2.3206E+01  1.1232E-15  0.0000E+00  0.0000E+00  0.0000E+00
    1    3  7.4746E-01 -2.3473E+01  1.1356E-15  0.0000E+00  0.0000E+00  0.0000E+00
    1    3  7.5235E-01 -2.3739E+01  1.1480E-15  0.0000E+00  0.0000E+00  0.0000E+00
    1    3  7.5723E-01 -2.4006E+01  1.1604E-15  0.0000E+00  0.0000E+00  0.0000E+00
    1    3  7.6211E-01 -2.4273E+01  1.1728E-15  0.0000E+00  0.0000E+00  0.0000E+00
    1    3  7.6700E-01 -2.4539E+01  1.1852E-15  0.0000E+00  0.0000E+00  0.0000E+00
    1    3  7.7188E-01 -2.4806E+01  1.1975E-15  0.0000E+00  0.0000E+00  0.0000E+00
    1    3  7.7677E-01 -2.5072E+01  1.2099E-15  0.0000E+00  0.0000E+00  0.0000E+00
    1    3  7.8165E-01 -2.5339E+01  1.2223E-15  0.0000E+00  0.0000E+00  0.0000E+00
    1    3  7.8653E-01 -2.5605E+01  1.2347E-15  0.0000E+00  0.0000E+00  0.0000E+00
    1    3  7.9142E-01 -2.5872E+01  1.2471E-15  0.0000E+00  0.0000E+00  0.0000E+00
    1    3  7.9630E-01 -2.6139E+01  1.2595E-15  0.0000E+00  0.0000E+00  0.0000E+00
    1    3  8.0119E-01 -2.6405E+01  1.2719E-15  0.0000E+00  0.0000E+00  0.0000E+00
    1    3  8.0607E-01 -2.6672E+01  1.2843E-15  0.0000E+00  0.0000E+00  0.0000E+00
    1    3  8.1095E-01 -2.6938E+01  1.2967E-15  0.0000E+00  0.0000E+00  0.0000E+00
    1    3  8.1584E-01 -2.7205E+01  1.3090E-15  0.0000E+00  0.0000E+00  0.0000E+00
    1    3  8.2072E-01 -2.7471E+01  1.3214E-15  0.0000E+00  0.0000E+00  0.0000E+00
    1    3  8.2560E-01 -2.7738E+01  1.3338E-15  0.0000E+00  0.0000E+00  0.0000E+00
    1    3  8.3049E-01 -2.8005E+01  1.3462E-15  0.0000E+00  0.0000E+00  0.0000E+00
    1    3  8.3537E-01 -2.8271E+01  1.3586E-15  0.0000E+00  0.0000E+00  0.0000E+00
    1    3  8.4026E-01 -2.8538E+01  1.3710E-15  0.0000E+00  0.0000E+00  0.0000E+00
    1    3  8.4514E-01 -2.8804E+01  1.3834E-15  0.0000E+00  0.0000E+00  0.0000E+00
    1    3  8.5002E-01 -2.9071E+01  1.3958E-15  0.0000E+00  0.0000E+00  0.0000E+00
    1    3  8.5491E-01 -2.9338E+01  1.4082E-15  0.0000E+00  0.0000E+00  0.0000E+00
    1    3  8.5979E-01 -2.9604E+01  1.4206E-15  0.0000E+00  0.0000E+00  0.0000E+00
    1    3  8.6468E-01 -2.9871E+01  1.4329E-15  0.0000E+00  0.0000E+00  0.0000E+00
    1    3  8.6956E-01 -3.0137E+01  1.4453E-15  0.0000E+00  0.0000E+00  0.0000E+00
    1    3  8.7444E-01 -3.0404E+01  1.4577E-15  0.0000E+00  0.0000E+00  0.0000E+00
    1    3  8.7933E-01 -3.0670E+01  1.4701E-15  0.0000E+00  0.0000E+00  0.0000E+00
    1    3  8.8421E-01 -3.0937E+01  1.4825E-15  0.0000E+00  0.0000E+00  0.0000E+00
    1    3  8.8909E-01 -3.1204E+01  1.4949E-15  0.0000E+00  0.0000E+00  0.0000E+00
    1    3  8.9398E-01 -3.1470E+01  1.5073E-15  0.0000E+00  0.0000E+00  0.0000E+00
    1    3  8.9886E-01 -3.1737E+01  1.5197E-15  0.0000E+00  0.0000E+00  0.0000E+00
    1    3  9.0375E-01 -3.2003E+01  1.5321E-15  0.0000E+00  0.0000E+00  0.0000E+00
    1    3  9.0863E-01 -3.2270E+01  1.5445E-15  0.0000E+00  0.0000E+00  0.0000E+00
    1    3  9.1351E-01 -3.2536E+01  1.5568E-15  0.0000E+00  0.0000E+00  0.0000E+00
    1    3  9.1840E-01 -3.2803E+01  1.5692E-15  0.0000E+00  0.0000E+00  0.0000E+00
    1    3  9.2328E-01 -3.3070E+01  1.5816E-15  0.0000E+00  0.0000E+00  0.0000E+00
    1    3  9.2816E-01 -3.3336E+01  1.5940E-15  0.0000E+00  0.0000E+00  0.0000E+00
    1    3  9.3305E-01 -3.3603E+01  1.6064E-15  0.0000E+00  0.0000E+00  0.0000E+00
    1    3  9.3793E-01 -3.3869E+01  1.6188E-15  0.0000E+00  0.0000E+00  0.0000E+00
    1    3  9.4282E-01 -3.4136E+01  1.6312E-15  0.0000E+00  0.0000E+00  0.0000E+00
    1    3  9.4770E-01 -3.4402E+01  1.6436E-15  0.0000E+00  0.0000E+00  0.0000E+00
    1    3  9.5258E-01 -3.4669E+01  1.6560E-15  0.0000E+00  0.0000E+00  0.0000E+00
    1    3  9.5747E-01 -3.4936E+01  1.6684E-15  0.0000E+00  0.0000E+00  0.0000E+00
    1    3  9.6235E-01 -3.5202E+01  1.6807E-15  0.0000E+00  0.0000E+00  0.0000E+00
    1    3  9.6724E-01 -3.5469E+01  1.6931E-15  0.0000E+00  0.0000E+00  0.0000E+00
    1    3  9.7212E-01 -3.5735E+01  1.7055E-15  0.0000E+00  0.0000E+00  0.0000E+00
    1    3  9.7700E-01 -3.6002E+01  1.7179E-15  0.0000E+00  0.0000E+00  0.0000E+00
    1    3  9.8189E-01 -3.6268E+01  1.7303E-15  0.0000E+00  0.0000E+00  0.0000E+00
    1    3  9.8677E-01 -3.6535E+01  1.7427E-15  0.0000E+00  0.0000E+00  0.0000E+00
    1    3  9.9165E-01 -3.6802E+01  1.7551E-15  0.0000E+00  0.0000E+00  0.0000E+00
    1    3  9.9654E-01 -3.7068E+01  1.7675E-15  0.0000E+00  0.0000E+00  0.0000E+00
    1    3  1.0014E+00 -3.7335E+01  1.7799E-15  0.0000E+00  0.0000E+00  0.0000E+00
    1    3  1.0063E+00 -3.7601E+01  1.7922E-15  0.0000E+00  0.0000E+00  0.0000E+00
    1    3  1.0112E+00 -3.7868E+01  1.8046E-15  0.0000E+00  0.0000E+00  0.0000E+00
    1    3  1.0161E+00 -3.8134E+01  1.8170E-15  0.0000E+00  0.0000E+00  0.0000E+00
    1    3  1.0210E+00 -3.8401E+01  1.8294E-15  0.0000E+00  0.0000E+00  0.0000E+00
    1    3  1.0258E+00 -3.8668E+01  1.8418E-15  0.0000E+00  0.0000E+00  0.0000E+00
    1    3  1.0307E+00 -3.8934E+01  1.8542E-15  0.0000E+00  0.0000E+00  0.0000E+00
    1    3  1.0356E+00 -3.9201E+01  1.8666E-15  0.0000E+00  0.0000E+00  0.0000E+00
    1    3  1.0405E+00 -3.9467E+01  1.8790E-15  0.0000E+00  0.0000E+00  0.0000E+00
    1    3  1.0454E+00 -3.9734E+01  1.8914E-15  0.0000E+00  0.0000E+00  0.0000E+00
    1    3  1.0503E+00 -4.0001E+01  1.9038E-15  0.0000E+00  0.0000E+00  0.0000E+00
    1    3  1.0551E+00 -4.0267E+01  1.9161E-15  0.0000E+00  0.0000E+00  0.0000E+00
    1    3  1.0600E+00 -4.0534E+01  1.9285E-15  0.0000E+00  0.0000E+00  0.0000E+00
    1    3  1.0649E+00 -4.0800E+01  1.9409E-15  0.0000E+00  0.0000E+00  0.0000E+00
    1    3  1.0698E+00 -4.1067E+01  1.9533E-15  0.0000E+00  0.0000E+00  0.0000E+00
    1    3  1.0747E+00 -4.1333E+01  1.9657E-15  0.0000E+00  0.0000E+00  0.0000E+00
    1    3  1.0796E+00 -4.1600E+01  1.9781E-15  0.0000E+00  0.0000E+00  0.0000E+00
    1    3  1.0844E+00 -4.1867E+01  1.9905E-15  0.0000E+00  0.0000E+00  0.0000E+00
    1    3  1.0893E+00 -4.2133E+01  2.0029E-15  0.0000E+00  0.0000E+00  0.0000E+00
    1    3  1.0942E+00 -4.2400E+01  2.0153E-15  0.0000E+00  0.0000E+00  0.0000E+00
    1    3  1.0991E+00 -4.2666E+01  2.0277E-15  0.0000E+00  0.0000E+00  0.0000E+00
    1    3  1.1040E+00 -4.2933E+01  2.0400E-15  0.0000E+00  0.0000E+00  0.0000E+00
    1    3  1.1089E+00 -4.3199E+01  2.0524E-15  0.0000E+00  0.0000E+00  0.0000E+00
    1    3  1.1138E+00 -4.3466E+01  2.0648E-15  0.0000E+00  0.0000E+00  0.0000E+00
    1    3  1.1186E+00 -4.3733E+01  2.0772E-15  0.0000E+00  0.0000E+00  0.0000E+00
    1    3  1.1235E+00 -4.3999E+01  2.0896E-15  0.0000E+00  0.0000E+00  0.0000E+00
    1    3  1.1284E+00 -4.4266E+01  2.1020E-15  0.0000E+00  0.0000E+00  0.0000E+00
    1    3  1.1333E+00 -4.4532E+01  2.1144E-15  0.0000E+00  0.0000E+00  0.0000E+00
    1    3  1.1382E+00 -4.4799E+01  2.1268E-15  0.0000E+00  0.0000E+00  0.0000E+00
    1    3  1.1431E+00 -4.5065E+01  2.1392E-15  0.0000E+00  0.0000E+00  0.0000E+00
    1    3  1.1479E+00 -4.5332E+01  2.1516E-15  0.0000E+00  0.0000E+00  0.0000E+00
    1    3  1.1528E+00 -4.5599E+01  2.1639E-15  0.0000E+00  0.0000E+00  0.0000E+00
    1    3  1.1577E+00 -4.5865E+01  2.1763E-15  0.0000E+00  0.0000E+00  0.0000E+00
    1    3  1.1626E+00 -4.6132E+01  2.1887E-15  0.0000E+00  0.0000E+00  0.0000E+00
    1    3  1.1675E+00 -4.6398E+01  2.2011E-15  0.0000E+00  0.0000E+00  0.0000E+00
    1    3  1.1724E+00 -4.6665E+01  2.2135E-15  0.0000E+00  0.0000E+00  0.0000E+00
    1    3  1.1772E+00 -4.6931E+01  2.2259E-15  0.0000E+00  0.0000E+00  0.0000E+00
    1    3  1.1821E+00 -4.7198E+01  2.2383E-15  0.0000E+00  0.0000E+00  0.0000E+00
    1    3  1.1870E+00 -4.7465E+01  2.2507E-15  0.0000E+00  0.0000E+00  0.0000E+00
    1    3  1.1919E+00 -4.7731E+01  2.2631E-15  0.0000E+00  0.0000E+00  0.0000E+00
    1    3  1.1968E+00 -4.7998E+01  2.2754E-15  0.0000E+00  0.0000E+00  0.0000E+00
    1    3  1.2017E+00 -4.8264E+01  2.2878E-15  0.0000E+00  0.0000E+00  0.0000E+00
    1    3  1.2065E+00 -4.8531E+01  2.3002E-15  0.0000E+00  0.0000E+00  0.0000E+00
    1    3  1.2114E+00 -4.8797E+01  2.3126E-15  0.0000E+00  0.0000E+00  0.0000E+00
    1    3  1.2163E+00 -4.9064E+01  2.3250E-15  0.0000E+00  0.0000E+00  0.0000E+00
    1    3  1.2212E+00 -4.9331E+01  2.3374E-15  0.0000E+00  0.0000E+00  0.0000E+00
    1    3  1.2261E+00 -4.9597E+01  2.3498E-15  0.0000E+00  0.0000E+00  0.0000E+00
    1    3  1.2310E+00 -4.9864E+01  2.3622E-15  0.0000E+00  0.0000E+00  0.0000E+00
    1    3  1.2358E+00 -5.0130E+01  2.3746E-15  0.0000E+00  0.0000E+00  0.0000E+00
    1    3  1.2407E+00 -5.0397E+01  2.3870E-15  0.0000E+00  0.0000E+00  0.0000E+00
    1    3  1.2456E+00 -5.0664E+01  2.3993E-15  0.0000E+00  0.0000E+00  0.0000E+00
    1    3  1.2505E+00 -5.0930E+01  2.4117E-15  0.0000E+00  0.0000E+00  0.0000E+00
    1    3  1.2554E+00 -5.1197E+01  2.4241E-15  0.0000E+00  0.0000E+00  0.0000E+00
    1    3  1.2603E+00 -5.1463E+01  2.4365E-15  0.0000E+00  0.0000E+00  0.0000E+00
    1    3  1.2652E+00 -5.1730E+01  2.4489E-15  0.0000E+00  0.0000E+00  0.0000E+00
    1    3  1.2700E+00 -5.1996E+01  2.4613E-15  0.0000E+00  0.0000E+00  0.0000E+00
    1    3  1.2749E+00 -5.2263E+01  2.4737E-15  0.0000E+00  0.0000E+00  0.0000E+00
    1    3  1.2798E+00 -5.2530E+01  2.4861E-15  0.0000E+00  0.0000E+00  0.0000E+00
    1    3  1.2847E+00 -5.2796E+01  2.4985E-15  0.0000E+00  0.0000E+00  0.0000E+00
    1    3  1.2896E+00 -5.3063E+01  2.5109E-15  0.0000E+00  0.0000E+00  0.0000E+00
    1    3  1.2945E+00 -5.3329E+01  2.5232E-15  0.0000E+00  0.0000E+00  0.0000E+00
    1    3  1.2993E+00 -5.3596E+01  2.5356E-15  0.0000E+00  0.0000E+00  0.0000E+00
    1    3  1.3042E+00 -5.3862E+01  2.5480E-15  0.0000E+00  0.0000E+00  0.0000E+00
    1    3  1.3091E+00 -5.4129E+01  2.5604E-15  0.0000E+00  0.0000E+00  0.0000E+00
    1    3  1.3140E+00 -5.4396E+01  2.5728E-15  0.0000E+00  0.0000E+00  0.0000E+00
    1    3  1.3189E+00 -5.4662E+01  2.5852E-15  0.0000E+00  0.0000E+00  0.0000E+00
    1    3  1.3238E+00 -5.4929E+01  2.5976E-15  0.0000E+00  0.0000E+00  0.0000E+00
    1    3  1.3286E+00 -5.5195E+01  2.6100E-15  0.0000E+00  0.0000E+00  0.0000E+00
    1    3  1.3335E+00 -5.5462E+01  2.6224E-15  0.0000E+00  0.0000E+00  0.0000E+00
    1    3  1.3384E+00 -5.5728E+01  2.6348E-15  0.0000E+00  0.0000E+00  0.0000E+00
    1    3  1.3433E+00 -5.5995E+01  2.6471E-15  0.0000E+00  0.0000E+00  0.0000E+00
    1    3  1.3482E+00 -5.6262E+01  2.6595E-15  0.0000E+00  0.0000E+00  0.0000E+00
    1    3  1.3531E+00 -5.6528E+01  2.6719E-15  0.0000E+00  0.0000E+00  0.0000E+00
    1    3  1.3579E+00 -5.6795E+01  2.6843E-15  0.0000E+00  0.0000E+00  0.0000E+00
    1    3  1.3628E+00 -5.7061E+01  2.6967E-15  0.0000E+00  0.0000E+00  0.0000E+00
    1    3  1.3677E+00 -5.7328E+01  2.7091E-15  0.0000E+00  0.0000E+00  0.0000E+00
    1    3  1.3726E+00 -5.7594E+01  2.7215E-15  0.0000E+00  0.0000E+00  0.0000E+00
    1    3  1.3775E+00 -5.7861E+01  2.7339E-15  0.0000E+00  0.0000E+00  0.0000E+00
    1    3  1.3824E+00 -5.8128E+01  2.7463E-15  0.0000E+00  0.0000E+00  0.0000E+00
    1    3  1.3872E+00 -5.8394E+01  2.7586E-15  0.0000E+00  0.0000E+00  0.0000E+00
    1    3  1.3921E+00 -5.8661E+01  2.7710E-15  0.0000E+00  0.0000E+00  0.0000E+00
    1    3  1.3970E+00 -5.8927E+01  2.7834E-15  0.0000E+00  0.0000E+00  0.0000E+00
    1    3  1.4019E+00 -5.9194E+01  2.7958E-15  0.0000E+00  0.0000E+00  0.0000E+00
    1    3  1.4068E+00 -5.9460E+01  2.8082E-15  0.0000E+00  0.0000E+00  0.0000E+00
    1    3  1.4117E+00 -5.9727E+01  2.8206E-15  0.0000E+00  0.0000E+00  0.0000E+00
    1    3  1.4165E+00 -5.9994E+01  2.8330E-15  0.0000E+00  0.0000E+00  0.0000E+00
    1    3  1.4214E+00 -6.0260E+01  2.8454E-15  0.0000E+00  0.0000E+00  0.0000E+00
    1    3  1.4263E+00 -6.0527E+01  2.8578E-15  0.0000E+00  0.0000E+00  0.0000E+00
    1    3  1.4312E+00 -6.0793E+01  2.8702E-15  0.0000E+00  0.0000E+00  0.0000E+00
    1    3  1.4361E+00 -6.1060E+01  2.8825E-15  0.0000E+00  0.0000E+00  0.0000E+00
    1    3  1.4410E+00 -6.1327E+01  2.8949E-15  0.0000E+00  0.0000E+00  0.0000E+00
    1    3  1.4459E+00 -6.1593E+01  2.9073E-15  0.0000E+00  0.0000E+00  0.0000E+00
    1    3  1.4507E+00 -6.1860E+01  2.9197E-15  0.0000E+00  0.0000E+00  0.0000E+00
    1    3  1.4556E+00 -6.2126E+01  2.9321E-15  0.0000E+00  0.0000E+00  0.0000E+00
    1    3  1.4605E+00 -6.2393E+01  2.9445E-15  0.0000E+00  0.0000E+00  0.0000E+00
    1    3  1.4654E+00 -6.2659E+01  2.9569E-15  0.0000E+00  0.0000E+00  0.0000E+00
    1    3  1.4703E+00 -6.2926E+01  2.9693E-15  0.0000E+00  0.0000E+00  0.0000E+00
    1    3  1.4752E+00 -6.3193E+01  2.9817E-15  0.0000E+00  0.0000E+00  0.0000E+00
    1    3  1.4800E+00 -6.3459E+01  2.9941E-15  0.0000E+00  0.0000E+00  0.0000E+00
    1    3  1.4849E+00 -6.3726E+01  3.0064E-15  0.0000E+00  0.0000E+00  0.0000E+00
    1    3  1.4898E+00 -6.3992E+01  3.0188E-15  0.0000E+00  0.0000E+00  0.0000E+00
    1    3  1.4947E+00 -6.4259E+01  3.0312E-15  0.0000E+00  0.0000E+00  0.0000E+00
    1    3  1.4996E+00 -6.4525E+01  3.0436E-15  0.0000E+00  0.0000E+00  0.0000E+00
    1    3  1.5045E+00 -6.4792E+01  3.0560E-15  0.0000E+00  0.0000E+00  0.0000E+00
    1    3  1.5093E+00 -6.5059E+01  3.0684E-15  0.0000E+00  0.0000E+00  0.0000E+00
    1    3  1.5142E+00 -6.5325E+01  3.0808E-15  0.0000E+00  0.0000E+00  0.0000E+00
    1    3  1.5191E+00 -6.5592E+01  3.0932E-15  0.0000E+00  0.0000E+00  0.0000E+00
    1    3  1.5240E+00 -6.5858E+01  3.1056E-15  0.0000E+00  0.0000E+00  0.0000E+00
    1    3  1.5289E+00 -6.6125E+01  3.1180E-15  0.0000E+00  0.0000E+00  0.0000E+00
    1    3  1.5338E+00 -6.6391E+01  3.1303E-15  0.0000E+00  0.0000E+00  0.0000E+00
    1    3  1.5386E+00 -6.6658E+01  3.1427E-15  0.0000E+00  0.0000E+00  0.0000E+00
    1    3  1.5435E+00 -6.6925E+01  3.1551E-15  0.0000E+00  0.0000E+00  0.0000E+00
    1    3  1.5484E+00 -6.7191E+01  3.1675E-15  0.0000E+00  0.0000E+00  0.0000E+00
    1    3  1.5533E+00 -6.7458E+01  3.1799E-15  0.0000E+00  0.0000E+00  0.0000E+00
    1    3  1.5582E+00 -6.7724E+01  3.1923E-15  0.0000E+00  0.0000E+00  0.0000E+00
    1    3  1.5631E+00 -6.7991E+01  3.2047E-15  0.0000E+00  0.0000E+00  0.0000E+00
    1    3  1.5679E+00 -6.8257E+01  3.2171E-15  0.0000E+00  0.0000E+00  0.0000E+00
    1    3  1.5728E+00 -6.8524E+01  3.2295E-15  0.0000E+00  0.0000E+00  0.0000E+00
    1    3  1.5777E+00 -6.8791E+01  3.2418E-15  0.0000E+00  0.0000E+00  0.0000E+00
    1    3  1.5826E+00 -6.9057E+01  3.2542E-15  0.0000E+00  0.0000E+00  0.0000E+00
    1    3  1.5875E+00 -6.9324E+01  3.2666E-15  0.0000E+00  0.0000E+00  0.0000E+00
    1    3  1.5924E+00 -6.9590E+01  3.2790E-15  0.0000E+00  0.0000E+00  0.0000E+00
    1    3  1.5973E+00 -6.9857E+01  3.2914E-15  0.0000E+00  0.0000E+00  0.0000E+00
    1    3  1.6021E+00 -7.0123E+01  3.3038E-15  0.0000E+00  0.0000E+00  0.0000E+00
    1    3  1.6070E+00 -7.0390E+01  3.3162E-15  0.0000E+00  0.0000E+00  0.0000E+00
    1    3  1.6119E+00 -7.0657E+01  3.3286E-15  0.0000E+00  0.0000E+00  0.0000E+00
    1    3  1.6168E+00 -7.0923E+01  3.3410E-15  0.0000E+00  0.0000E+00  0.0000E+00
    1    3  1.6217E+00 -7.1190E+01  3.3534E-15  0.0000E+00  0.0000E+00  0.0000E+00
    1    3  1.6266E+00 -7.1456E+01  3.3657E-15  0.0000E+00  0.0000E+00  0.0000E+00
    1    3  1.6314E+00 -7.1723E+01  3.3781E-15  0.0000E+00  0.0000E+00  0.0000E+00
    1    3  1.6363E+00 -7.1990E+01  3.3905E-15  0.0000E+00  0.0000E+00  0.0000E+00
    1    3  1.6412E+00 -7.2256E+01  3.4029E-15  0.0000E+00  0.0000E+00  0.0000E+00
    1    3  1.6461E+00 -7.2523E+01  3.4153E-15  0.0000E+00  0.0000E+00  0.0000E+00
    1    3  1.6510E+00 -7.2789E+01  3.4277E-15  0.0000E+00  0.0000E+00  0.0000E+00
    1    3  1.6559E+00 -7.3056E+01  3.4401E-15  0.0000E+00  0.0000E+00  0.0000E+00
    1    3  1.6607E+00 -7.3322E+01  3.4525E-15  0.0000E+00  0.0000E+00  0.0000E+00
    1    3  1.6656E+00 -7.3589E+01  3.4649E-15  0.0000E+00  0.0000E+00  0.0000E+00
    1    3  1.6705E+00 -7.3856E+01  3.4773E-15  0.0000E+00  0.0000E+00  0.0000E+00
    1    3  1.6754E+00 -7.4122E+01  3.4896E-15  0.0000E+00  0.0000E+00  0.0000E+00
    1    3  1.6803E+00 -7.4389E+01  3.5020E-15  0.0000E+00  0.0000E+00  0.0000E+00
    1    3  1.6852E+00 -7.4655E+01  3.5144E-15  0.0000E+00  0.0000E+00  0.0000E+00
    1    3  1.6900E+00 -7.4922E+01  3.5268E-15  0.0000E+00  0.0000E+00  0.0000E+00
    1    3  1.6949E+00 -7.5188E+01  3.5392E-15  0.0000E+00  0.0000E+00  0.0000E+00
    1    3  1.6998E+00 -7.5455E+01  3.5516E-15  0.0000E+00  0.0000E+00  0.0000E+00
    1    3  1.7047E+00 -7.5722E+01  3.5640E-15  0.0000E+00  0.0000E+00  0.0000E+00
    1    3  1.7096E+00 -7.5988E+01  3.5764E-15  0.0000E+00  0.0000E+00  0.0000E+00
    1    3  1.7145E+00 -7.6255E+01  3.5888E-15  0.0000E+00  0.0000E+00  0.0000E+00
    1    3  1.7193E+00 -7.6521E+01  3.6011E-15  0.0000E+00  0.0000E+00  0.0000E+00
    1    3  1.7242E+00 -7.6788E+01  3.6135E-15  0.0000E+00  0.0000E+00  0.0000E+00
    1    3  1.7291E+00 -7.7054E+01  3.6259E-15  0.0000E+00  0.0000E+00  0.0000E+00
    1    3  1.7340E+00 -7.7321E+01  3.6383E-15  0.0000E+00  0.0000E+00  0.0000E+00
    1    3  1.7389E+00 -7.7588E+01  3.6507E-15  0.0000E+00  0.0000E+00  0.0000E+00
    1    3  1.7438E+00 -7.7854E+01  3.6631E-15  0.0000E+00  0.0000E+00  0.0000E+00
    1    3  1.7487E+00 -7.8121E+01  3.6755E-15  0.0000E+00  0.0000E+00  0.0000E+00
    1    3  1.7535E+00 -7.8387E+01  3.6879E-15  0.0000E+00  0.0000E+00  0.0000E+00
    1    3  1.7584E+00 -7.8654E+01  3.7003E-15  0.0000E+00  0.0000E+00  0.0000E+00
    1    3  1.7633E+00 -7.8920E+01  3.7127E-15  0.0000E+00  0.0000E+00  0.0000E+00
    1    3  1.7682E+00 -7.9187E+01  3.7250E-15  0.0000E+00  0.0000E+00  0.0000E+00
    1    3  1.7731E+00 -7.9454E+01  3.7374E-15  0.0000E+00  0.0000E+00  0.0000E+00
    1    3  1.7780E+00 -7.9720E+01  3.7498E-15  0.0000E+00  0.0000E+00  0.0000E+00
    1    3  1.7828E+00 -7.9987E+01  3.7622E-15  0.0000E+00  0.0000E+00  0.0000E+00
    1    3  1.7877E+00 -8.0253E+01  3.7746E-15  0.0000E+00  0.0000E+00  0.0000E+00
    1    3  1.7926E+00 -8.0520E+01  3.7870E-15  0.0000E+00  0.0000E+00  0.0000E+00
    1    3  1.7975E+00 -8.0786E+01  3.7994E-15  0.0000E+00  0.0000E+00  0.0000E+00
    1    3  1.8024E+00 -8.1053E+01  3.8118E-15  0.0000E+00  0.0000E+00  0.0000E+00
    1    3  1.8073E+00 -8.1320E+01  3.8242E-15  0.0000E+00  0.0000E+00  0.0000E+00
    1    3  1.8121E+00 -8.1586E+01  3.8366E-15  0.0000E+00  0.0000E+00  0.0000E+00
    1    3  1.8170E+00 -8.1853E+01  3.8489E-15  0.0000E+00  0.0000E+00  0.0000E+00
    1    3  1.8219E+00 -8.2119E+01  3.8613E-15  0.0000E+00  0.0000E+00  0.0000E+00
    1    3  1.8268E+00 -8.2386E+01  3.8737E-15  0.0000E+00  0.0000E+00  0.0000E+00
    1    3  1.8317E+00 -8.2653E+01  3.8861E-15  0.0000E+00  0.0000E+00  0.0000E+00
    1    3  1.8366E+00 -8.2919E+01  3.8985E-15  0.0000E+00  0.0000E+00  0.0000E+00
    1    3  1.8414E+00 -8.3186E+01  3.9109E-15  0.0000E+00  0.0000E+00  0.0000E+00
    1    3  1.8463E+00 -8.3452E+01  3.9233E-15  0.0000E+00  0.0000E+00  0.0000E+00
    1    3  1.8512E+00 -8.3719E+01  3.9357E-15  0.0000E+00  0.0000E+00  0.0000E+00
    1    3  1.8561E+00 -8.3985E+01  3.9481E-15  0.0000E+00  0.0000E+00  0.0000E+00
    1    3  1.8610E+00 -8.4252E+01  3.9605E-15  0.0000E+00  0.0000E+00  0.0000E+00
    1    3  1.8659E+00 -8.4519E+01  3.9728E-15  0.0000E+00  0.0000E+00  0.0000E+00
    1    3  1.8707E+00 -8.4785E+01  3.9852E-15  0.0000E+00  0.0000E+00  0.0000E+00
    1    3  1.8756E+00 -8.5052E+01  3.9976E-15  0.0000E+00  0.0000E+00  0.0000E+00
    1    3  1.8805E+00 -8.5318E+01  4.0100E-15  0.0000E+00  0.0000E+00  0.0000E+00
    1    3  1.8854E+00 -8.5585E+01  4.0224E-15  0.0000E+00  0.0000E+00  0.0000E+00
    1    3  1.8903E+00 -8.5851E+01  4.0348E-15  0.0000E+00  0.0000E+00  0.0000E+00
    1    3  1.8952E+00 -8.6118E+01  4.0472E-15  0.0000E+00  0.0000E+00  0.0000E+00
    1    3  1.9000E+00 -8.6385E+01  4.0596E-15  0.0000E+00  0.0000E+00  0.0000E+00
    1    3  1.9049E+00 -8.6651E+01  4.0720E-15  0.0000E+00  0.0000E+00  0.0000E+00
    1    3  1.9098E+00 -8.6918E+01  4.0843E-15  0.0000E+00  0.0000E+00  0.0000E+00
    1    3  1.9147E+00 -8.7184E+01  4.0967E-15  0.0000E+00  0.0000E+00  0.0000E+00
    1    3  1.9196E+00 -8.7451E+01  4.1091E-15  0.0000E+00  0.0000E+00  0.0000E+00
    1    3  1.9245E+00 -8.7717E+01  4.1215E-15  0.0000E+00  0.0000E+00  0.0000E+00
    1    3  1.9294E+00 -8.7984E+01  4.1339E-15  0.0000E+00  0.0000E+00  0.0000E+00
    1    3  1.9342E+00 -8.8251E+01  4.1463E-15  0.0000E+00  0.0000E+00  0.0000E+00
    1    3  1.9391E+00 -8.8517E+01  4.1587E-15  0.0000E+00  0.0000E+00  0.0000E+00
    1    3  1.9440E+00 -8.8784E+01  4.1711E-15  0.0000E+00  0.0000E+00  0.0000E+00
    1    3  1.9489E+00 -8.9050E+01  4.1835E-15  0.0000E+00  0.0000E+00  0.0000E+00
    1    3  1.9538E+00 -8.9317E+01  4.1959E-15  0.0000E+00  0.0000E+00  0.0000E+00
    1    3  1.9587E+00 -8.9583E+01  4.2082E-15  0.0000E+00  0.0000E+00  0.0000E+00
    1    3  1.9635E+00 -8.9850E+01  4.2206E-15  0.0000E+00  0.0000E+00  0.0000E+00
    1    3  1.9684E+00 -9.0117E+01  4.2330E-15  0.0000E+00  0.0000E+00  0.0000E+00
    1    3  1.9733E+00 -9.0383E+01  4.2454E-15  0.0000E+00  0.0000E+00  0.0000E+00
    1    3  1.9782E+00 -9.0650E+01  4.2578E-15  0.0000E+00  0.0000E+00  0.0000E+00
    1    3  1.9831E+00 -9.0916E+01  4.2702E-15  0.0000E+00  0.0000E+00  0.0000E+00
    1    3  1.9880E+00 -9.1183E+01  4.2826E-15  0.0000E+00  0.0000E+00  0.0000E+00
    1    3  1.9928E+00 -9.1449E+01  4.2950E-15  0.0000E+00  0.0000E+00  0.0000E+00
