    1    3  4.9016E-03  3.1846E+01 -1.3268E-15  0.0000E+00  0.0000E+00  0.0000E+00
    1    3  8.3797E-03  3.0759E+01 -1.2838E-15  0.0000E+00  0.0000E+00  0.0000E+00
    1    3  1.9833E-02  2.7294E+01 -1.1436E-15  0.0000E+00  0.0000E+00  0.0000E+00
    1    3  4.0150E-02  2.1708E+01 -9.1644E-16  0.0000E+00  0.0000E+00  0.0000E+00
    1    3  6.9885E-02  1.5561E+01 -6.6714E-16  0.0000E+00  0.0000E+00  0.0000E+00
    1    3  1.0635E-01  1.1344E+01 -5.0139E-16  0.0000E+00  0.0000E+00  0.0000E+00
    1    3  1.4505E-01  8.4650E+00 -3.9350E-16  0.0000E+00  0.0000E+00  0.0000E+00
    1    3  1.8425E-01  5.8590E+00 -2.9796E-16  0.0000E+00  0.0000E+00  0.0000E+00
    1    3  2.2354E-01  3.2932E+00 -2.0447E-16  0.0000E+00  0.0000E+00  0.0000E+00
    1    3  2.6284E-01  7.3190E-01 -1.1119E-16  0.0000E+00  0.0000E+00  0.0000E+00
    1    3  3.0215E-01 -1.8292E+00 -1.7954E-17  0.0000E+00  0.0000E+00  0.0000E+00
    1    3  3.4146E-01 -4.3902E+00  7.5287E-17  0.0000E+00  0.0000E+00  0.0000E+00
    1    3  3.8077E-01 -6.9513E+00  1.6853E-16  0.0000E+00  0.0000E+00  0.0000E+00
    1    3  4.2007E-01 -9.5124E+00  2.6177E-16  0.0000E+00  0.0000E+00  0.0000E+00
    1    3  4.5938E-01 -1.2073E+01  3.5501E-16  0.0000E+00  0.0000E+00  0.0000E+00
    1    3  4.9869E-01 -1.4635E+01  4.4825E-16  0.0000E+00  0.0000E+00  0.0000E+00
    1    3  5.3800E-01 -1.7196E+01  5.4149E-16  0.0000E+00  0.0000E+00  0.0000E+00
    1    3  5.7730E-01 -1.9757E+01  6.3473E-16  0.0000E+00  0.0000E+00  0.0000E+00
    1    3  6.1661E-01 -2.2318E+01  7.2797E-16  0.0000E+00  0.0000E+00  0.0000E+00
    1    3  6.5592E-01 -2.4879E+01  8.2121E-16  0.0000E+00  0.0000E+00  0.0000E+00
    1    3  6.9523E-01 -2.7440E+01  9.1445E-16  0.0000E+00  0.0000E+00  0.0000E+00
    1    3  7.3453E-01 -3.0001E+01  1.0077E-15  0.0000E+00  0.0000E+00  0.0000E+00
    1    3  7.7384E-01 -3.2562E+01  1.1009E-15  0.0000E+00  0.0000E+00  0.0000E+00
    1    3  8.1315E-01 -3.5123E+01  1.1942E-15  0.0000E+00  0.0000E+00  0.0000E+00
    1    3  8.5246E-01 -3.7684E+01  1.2874E-15  0.0000E+00  0.0000E+00  0.0000E+00
    1    3  8.9176E-01 -4.0245E+01  1.3807E-15  0.0000E+00  0.0000E+00  0.0000E+00
    1    3  9.3107E-01 -4.2806E+01  1.4739E-15  0.0000E+00  0.0000E+00  0.0000E+00
    1    3  9.7038E-01 -4.5368E+01  1.5671E-15  0.0000E+00  0.0000E+00  0.0000E+00
    1    3  1.0097E+00 -4.7929E+01  1.6604E-15  0.0000E+00  0.0000E+00  0.0000E+00
    1    3  1.0490E+00 -5.0490E+01  1.7536E-15  0.0000E+00  0.0000E+00  0.0000E+00
    1    3  1.0883E+00 -5.3051E+01  1.8469E-15  0.0000E+00  0.0000E+00  0.0000E+00
    1    3  1.1276E+00 -5.5612E+01  1.9401E-15  0.0000E+00  0.0000E+00  0.0000E+00
    1    3  1.1669E+00 -5.8173E+01  2.0333E-15  0.0000E+00  0.0000E+00  0.0000E+00
    1    3  1.2062E+00 -6.0734E+01  2.1266E-15  0.0000E+00  0.0000E+00  0.0000E+00
    1    3  1.2455E+00 -6.3295E+01  2.2198E-15  0.0000E+00  0.0000E+00  0.0000E+00
    1    3  1.2848E+00 -6.5856E+01  2.3131E-15  0.0000E+00  0.0000E+00  0.0000E+00
    1    3  1.3241E+00 -6.8417E+01  2.4063E-15  0.0000E+00  0.0000E+00  0.0000E+00
    1    3  1.3635E+00 -7.0978E+01  2.4995E-15  0.0000E+00  0.0000E+00  0.0000E+00
    1    3  1.4028E+00 -7.3539E+01  2.5928E-15  0.0000E+00  0.0000E+00  0.0000E+00
    1    3  1.4421E+00 -7.6101E+01  2.6860E-15  0.0000E+00  0.0000E+00  0.0000E+00
    1    3  1.4814E+00 -7.8662E+01  2.7793E-15  0.0000E+00  0.0000E+00  0.0000E+00
    1    3  1.5207E+00 -8.1223E+01  2.8725E-15  0.0000E+00  0.0000E+00  0.0000E+00
    1    3  1.5600E+00 -8.3784E+01  2.9658E-15  0.0000E+00  0.0000E+00  0.0000E+00
    1    3  1.5993E+00 -8.6345E+01  3.0590E-15  0.0000E+00  0.0000E+00  0.0000E+00
    1    3  1.6386E+00 -8.8906E+01  3.1522E-15  0.0000E+00  0.0000E+00  0.0000E+00
    1    3  1.6779E+00 -9.1467E+01  3.2455E-15  0.0000E+00  0.0000E+00  0.0000E+00
    1    3  1.7172E+00 -9.4028E+01  3.3387E-15  0.0000E+00  0.0000E+00  0.0000E+00
    1    3  1.7565E+00 -9.6589E+01  3.4320E-15  0.0000E+00  0.0000E+00  0.0000E+00
    1    3  1.7958E+00 -9.9150E+01  3.5252E-15  0.0000E+00  0.0000E+00  0.0000E+00
    1    3  1.8351E+00 -1.0171E+02  3.6184E-15  0.0000E+00  0.0000E+00  0.0000E+00
    1    3  1.8745E+00 -1.0427E+02  3.7117E-15  0.0000E+00  0.0000E+00  0.0000E+00
    1    3  1.9138E+00 -1.0683E+02  3.8049E-15  0.0000E+00  0.0000E+00  0.0000E+00
    1    3  1.9531E+00 -1.0939E+02  3.8982E-15  0.0000E+00  0.0000E+00  0.0000E+00
