    1    3  4.9016E-03  3.1846E+01 -1.3268E-15  0.0000E+00  0.0000E+00  0.0000E+00
    1    3  4.5208E-02  2.0541E+01 -8.4901E-16  0.0000E+00  0.0000E+00  0.0000E+00
    1    3  1.8006E-01  5.7139E-01 -5.7685E-17  0.0000E+00  0.0000E+00  0.0000E+00
    1    3  3.2836E-01 -1.4964E+01  5.1224E-16  0.0000E+00  0.0000E+00  0.0000E+00
    1    3  4.7667E-01 -3.0506E+01  1.0824E-15  0.0000E+00  0.0000E+00  0.0000E+00
    1    3  6.2498E-01 -4.6048E+01  1.6525E-15  0.0000E+00  0.0000E+00  0.0000E+00
    1    3  7.7330E-01 -6.1590E+01  2.2226E-15  0.0000E+00  0.0000E+00  0.0000E+00
    1    3  9.2161E-01 -7.7132E+01  2.7927E-15  0.0000E+00  0.0000E+00  0.0000E+00
    1    3  1.0699E+00 -9.2674E+01  3.3628E-15  0.0000E+00  0.0000E+00  0.0000E+00
    1    3  1.2182E+00 -1.0822E+02  3.9329E-15  0.0000E+00  0.0000E+00  0.0000E+00
    1    3  1.3665E+00 -1.2376E+02  4.5030E-15  0.0000E+00  0.0000E+00  0.0000E+00
    1    3  1.5149E+00 -1.3930E+02  5.0731E-15  0.0000E+00  0.0000E+00  0.0000E+00
    1    3  1.6632E+00 -1.5484E+02  5.6432E-15  0.0000E+00  0.0000E+00  0.0000E+00
    1    3  1.8115E+00 -1.7038E+02  6.2134E-15  0.0000E+00  0.0000E+00  0.0000E+00
