x y c
0.286803399007669  0.081042439967906  1  1  1  1  1  1  1  1  1
0.2975779741317104  0.08193544650729338  1  1  1  1  1  1  1  1  1
0.3083525492557517  0.08282845304668075  1  1  1  1  1  1  1  1  1
0.3191271243797931  0.08372145958606812  1  1  1  1  1  1  1  1  1
0.3299016995038345  0.08461446612545551  1  1  1  1  1  1  1  1  1
0.3406762746278759  0.08550747266484288  1  1  1  1  1  1  1  1  1
0.3514508497519173  0.08640047920423025  1  1  1  1  1  1  1  1  1
0.3622254248759586  0.08729348574361762  1  1  1  1  1  1  1  1  1
0.373  0.088186492283005  1  1  1  1  1  1  1  1  1

0.2875476342309435  0.08491213497191775  1  1  1  1  1  1  1  1  1
0.2982291799520755  0.08569351569388171  1  1  1  1  1  1  1  1  1
0.3089107256732076  0.08647489641584566  1  1  1  1  1  1  1  1  1
0.3195922713943397  0.08725627713780962  1  1  1  1  1  1  1  1  1
0.3302738171154718  0.08803765785977356  1  1  1  1  1  1  1  1  1
0.3409553628366038  0.08881903858173751  1  1  1  1  1  1  1  1  1
0.3516369085577359  0.08960041930370147  1  1  1  1  1  1  1  1  1
0.3623184542788679  0.09038180002566541  1  1  1  1  1  1  1  1  1
0.373  0.09116318074762937  1  1  1  1  1  1  1  1  1

0.288291869454218  0.0887818299759295  1  1  1  1  1  1  1  1  1
0.2988803857724407  0.08945158488047002  1  1  1  1  1  1  1  1  1
0.3094689020906635  0.09012133978501057  1  1  1  1  1  1  1  1  1
0.3200574184088862  0.09079109468955109  1  1  1  1  1  1  1  1  1
0.330645934727109  0.09146084959409162  1  1  1  1  1  1  1  1  1
0.3412344510453317  0.09213060449863215  1  1  1  1  1  1  1  1  1
0.3518229673635545  0.09280035940317267  1  1  1  1  1  1  1  1  1
0.3624114836817772  0.09347011430771322  1  1  1  1  1  1  1  1  1
0.373  0.09413986921225374  1  1  1  1  1  1  1  1  1

0.2890361046774925  0.09265152497994125  1  1  1  1  1  1  1  1  1
0.299531591592806  0.09320965406705836  1  1  1  1  1  1  1  1  1
0.3100270785081194  0.09376778315417547  1  1  1  1  1  1  1  1  1
0.3205225654234328  0.09432591224129258  1  1  1  1  1  1  1  1  1
0.3310180523387463  0.09488404132840969  1  1  1  1  1  1  1  1  1
0.3415135392540597  0.0954421704155268  1  1  1  1  1  1  1  1  1
0.3520090261693731  0.09600029950264391  1  1  1  1  1  1  1  1  1
0.3625045130846866  0.09655842858976102  1  1  1  1  1  1  1  1  1
0.373  0.09711655767687813  1  1  1  1  1  1  1  1  1

0.289780339900767  0.09652121998395299  1  1  1  1  1  1  1  1  1
0.3001827974131711  0.09696772325364668  1  1  1  1  1  1  1  1  1
0.3105852549255753  0.09741422652334036  1  1  1  1  1  1  1  1  1
0.3209877124379794  0.09786072979303406  1  1  1  1  1  1  1  1  1
0.3313901699503835  0.09830723306272775  1  1  1  1  1  1  1  1  1
0.3417926274627876  0.09875373633242143  1  1  1  1  1  1  1  1  1
0.3521950849751918  0.09920023960211513  1  1  1  1  1  1  1  1  1
0.3625975424875958  0.09964674287180882  1  1  1  1  1  1  1  1  1
0.373  0.1000932461415025  1  1  1  1  1  1  1  1  1

0.2905245751240415  0.1003909149879648  1  1  1  1  1  1  1  1  1
0.3008340032335364  0.100725792440235  1  1  1  1  1  1  1  1  1
0.3111434313430311  0.1010606698925053  1  1  1  1  1  1  1  1  1
0.3214528594525259  0.1013955473447755  1  1  1  1  1  1  1  1  1
0.3317622875620208  0.1017304247970458  1  1  1  1  1  1  1  1  1
0.3420717156715156  0.1020653022493161  1  1  1  1  1  1  1  1  1
0.3523811437810104  0.1024001797015863  1  1  1  1  1  1  1  1  1
0.3626905718905051  0.1027350571538566  1  1  1  1  1  1  1  1  1
0.373  0.1030699346061269  1  1  1  1  1  1  1  1  1

0.291268810347316  0.1042606099919765  1  1  1  1  1  1  1  1  1
0.3014852090539015  0.1044838616268234  1  1  1  1  1  1  1  1  1
0.311701607760487  0.1047071132616702  1  1  1  1  1  1  1  1  1
0.3219180064670725  0.104930364896517  1  1  1  1  1  1  1  1  1
0.332134405173658  0.1051536165313639  1  1  1  1  1  1  1  1  1
0.3423508038802435  0.1053768681662107  1  1  1  1  1  1  1  1  1
0.352567202586829  0.1056001198010576  1  1  1  1  1  1  1  1  1
0.3627836012934145  0.1058233714359044  1  1  1  1  1  1  1  1  1
0.373  0.1060466230707513  1  1  1  1  1  1  1  1  1

0.2920130455705905  0.1081303049959882  1  1  1  1  1  1  1  1  1
0.3021364148742667  0.1082419308134117  1  1  1  1  1  1  1  1  1
0.3122597841779429  0.1083535566308351  1  1  1  1  1  1  1  1  1
0.3223831534816191  0.1084651824482585  1  1  1  1  1  1  1  1  1
0.3325065227852952  0.1085768082656819  1  1  1  1  1  1  1  1  1
0.3426298920889714  0.1086884340831054  1  1  1  1  1  1  1  1  1
0.3527532613926476  0.1088000599005288  1  1  1  1  1  1  1  1  1
0.3628766306963238  0.1089116857179522  1  1  1  1  1  1  1  1  1
0.373  0.1090233115353756  1  1  1  1  1  1  1  1  1

0.292757280793865  0.112  1  1  1  1  1  1  1  1  1
0.3027876206946318  0.112  1  1  1  1  1  1  1  1  1
0.3128179605953987  0.112  1  1  1  1  1  1  1  1  1
0.3228483004961656  0.112  1  1  1  1  1  1  1  1  1
0.3328786403969325  0.112  1  1  1  1  1  1  1  1  1
0.3429089802976993  0.112  1  1  1  1  1  1  1  1  1
0.3529393201984662  0.112  1  1  1  1  1  1  1  1  1
0.3629696600992331  0.112  1  1  1  1  1  1  1  1  1
0.373  0.112  1  1  1  1  1  1  1  1  1

