    1    3  9.5709E-03  0.0000E+00  4.3996E+01  0.0000E+00  0.0000E+00  0.0000E+00
    1    3  9.7458E-03  0.0000E+00  4.3917E+01  0.0000E+00  0.0000E+00  0.0000E+00
    1    3  1.0294E-02  0.0000E+00  4.3670E+01  0.0000E+00  0.0000E+00  0.0000E+00
    1    3  1.1281E-02  0.0000E+00  4.3225E+01  0.0000E+00  0.0000E+00  0.0000E+00
    1    3  1.2770E-02  0.0000E+00  4.2555E+01  0.0000E+00  0.0000E+00  0.0000E+00
    1    3  1.4771E-02  0.0000E+00  4.1657E+01  0.0000E+00  0.0000E+00  0.0000E+00
    1    3  1.7294E-02  0.0000E+00  4.0532E+01  0.0000E+00  0.0000E+00  0.0000E+00
    1    3  2.0349E-02  0.0000E+00  3.9184E+01  0.0000E+00  0.0000E+00  0.0000E+00
    1    3  2.3951E-02  0.0000E+00  3.7615E+01  0.0000E+00  0.0000E+00  0.0000E+00
    1    3  2.8119E-02  0.0000E+00  3.5835E+01  0.0000E+00  0.0000E+00  0.0000E+00
    1    3  3.2877E-02  0.0000E+00  3.3856E+01  0.0000E+00  0.0000E+00  0.0000E+00
    1    3  3.8252E-02  0.0000E+00  3.1705E+01  0.0000E+00  0.0000E+00  0.0000E+00
    1    3  4.4270E-02  0.0000E+00  2.9422E+01  0.0000E+00  0.0000E+00  0.0000E+00
    1    3  5.0953E-02  0.0000E+00  2.7072E+01  0.0000E+00  0.0000E+00  0.0000E+00
    1    3  5.8301E-02  0.0000E+00  2.4745E+01  0.0000E+00  0.0000E+00  0.0000E+00
    1    3  6.6270E-02  0.0000E+00  2.2545E+01  0.0000E+00  0.0000E+00  0.0000E+00
    1    3  7.4768E-02  0.0000E+00  2.0562E+01  0.0000E+00  0.0000E+00  0.0000E+00
    1    3  8.3670E-02  0.0000E+00  1.8826E+01  0.0000E+00  0.0000E+00  0.0000E+00
    1    3  9.2860E-02  0.0000E+00  1.7311E+01  0.0000E+00  0.0000E+00  0.0000E+00
    1    3  1.0225E-01  0.0000E+00  1.5968E+01  0.0000E+00  0.0000E+00  0.0000E+00
    1    3  1.1177E-01  0.0000E+00  1.4746E+01  0.0000E+00  0.0000E+00  0.0000E+00
    1    3  1.2138E-01  0.0000E+00  1.3606E+01  0.0000E+00  0.0000E+00  0.0000E+00
    1    3  1.3106E-01  0.0000E+00  1.2520E+01  0.0000E+00  0.0000E+00  0.0000E+00
    1    3  1.4078E-01  0.0000E+00  1.1467E+01  0.0000E+00  0.0000E+00  0.0000E+00
    1    3  1.5053E-01  0.0000E+00  1.0436E+01  0.0000E+00  0.0000E+00  0.0000E+00
    1    3  1.6029E-01  0.0000E+00  9.4191E+00  0.0000E+00  0.0000E+00  0.0000E+00
    1    3  1.7008E-01  0.0000E+00  8.4099E+00  0.0000E+00  0.0000E+00  0.0000E+00
    1    3  1.7987E-01  0.0000E+00  7.4056E+00  0.0000E+00  0.0000E+00  0.0000E+00
    1    3  1.8967E-01  0.0000E+00  6.4042E+00  0.0000E+00  0.0000E+00  0.0000E+00
    1    3  1.9947E-01  0.0000E+00  5.4044E+00  0.0000E+00  0.0000E+00  0.0000E+00
    1    3  2.0927E-01  0.0000E+00  4.4055E+00  0.0000E+00  0.0000E+00  0.0000E+00
    1    3  2.1908E-01  0.0000E+00  3.4071E+00  0.0000E+00  0.0000E+00  0.0000E+00
    1    3  2.2888E-01  0.0000E+00  2.4089E+00  0.0000E+00  0.0000E+00  0.0000E+00
    1    3  2.3869E-01  0.0000E+00  1.4108E+00  0.0000E+00  0.0000E+00  0.0000E+00
    1    3  2.4849E-01  0.0000E+00  4.1280E-01  0.0000E+00  0.0000E+00  0.0000E+00
    1    3  2.5830E-01  0.0000E+00 -5.8518E-01  0.0000E+00  0.0000E+00  0.0000E+00
    1    3  2.6810E-01  0.0000E+00 -1.5832E+00  0.0000E+00  0.0000E+00  0.0000E+00
    1    3  2.7791E-01  0.0000E+00 -2.5812E+00  0.0000E+00  0.0000E+00  0.0000E+00
    1    3  2.8772E-01  0.0000E+00 -3.5792E+00  0.0000E+00  0.0000E+00  0.0000E+00
    1    3  2.9752E-01  0.0000E+00 -4.5772E+00  0.0000E+00  0.0000E+00  0.0000E+00
    1    3  3.0733E-01  0.0000E+00 -5.5753E+00  0.0000E+00  0.0000E+00  0.0000E+00
    1    3  3.1714E-01  0.0000E+00 -6.5733E+00  0.0000E+00  0.0000E+00  0.0000E+00
    1    3  3.2694E-01  0.0000E+00 -7.5713E+00  0.0000E+00  0.0000E+00  0.0000E+00
    1    3  3.3675E-01  0.0000E+00 -8.5692E+00  0.0000E+00  0.0000E+00  0.0000E+00
    1    3  3.4656E-01  0.0000E+00 -9.5671E+00  0.0000E+00  0.0000E+00  0.0000E+00
    1    3  3.5637E-01  0.0000E+00 -1.0565E+01  0.0000E+00  0.0000E+00  0.0000E+00
    1    3  3.6617E-01  0.0000E+00 -1.1563E+01  0.0000E+00  0.0000E+00  0.0000E+00
    1    3  3.7598E-01  0.0000E+00 -1.2560E+01  0.0000E+00  0.0000E+00  0.0000E+00
    1    3  3.8579E-01  0.0000E+00 -1.3558E+01  0.0000E+00  0.0000E+00  0.0000E+00
    1    3  3.9559E-01  0.0000E+00 -1.4555E+01  0.0000E+00  0.0000E+00  0.0000E+00
    1    3  4.0540E-01  0.0000E+00 -1.5553E+01  0.0000E+00  0.0000E+00  0.0000E+00
    1    3  4.1521E-01  0.0000E+00 -1.6550E+01  0.0000E+00  0.0000E+00  0.0000E+00
    1    3  4.2501E-01  0.0000E+00 -1.7547E+01  0.0000E+00  0.0000E+00  0.0000E+00
    1    3  4.3482E-01  0.0000E+00 -1.8545E+01  0.0000E+00  0.0000E+00  0.0000E+00
    1    3  4.4463E-01  0.0000E+00 -1.9542E+01  0.0000E+00  0.0000E+00  0.0000E+00
    1    3  4.5444E-01  0.0000E+00 -2.0539E+01  0.0000E+00  0.0000E+00  0.0000E+00
    1    3  4.6424E-01  0.0000E+00 -2.1537E+01  0.0000E+00  0.0000E+00  0.0000E+00
    1    3  4.7405E-01  0.0000E+00 -2.2534E+01  0.0000E+00  0.0000E+00  0.0000E+00
    1    3  4.8386E-01  0.0000E+00 -2.3532E+01  0.0000E+00  0.0000E+00  0.0000E+00
    1    3  4.9366E-01  0.0000E+00 -2.4530E+01  0.0000E+00  0.0000E+00  0.0000E+00
    1    3  5.0347E-01  0.0000E+00 -2.5527E+01  0.0000E+00  0.0000E+00  0.0000E+00
    1    3  5.1328E-01  0.0000E+00 -2.6525E+01  0.0000E+00  0.0000E+00  0.0000E+00
    1    3  5.2308E-01  0.0000E+00 -2.7523E+01  0.0000E+00  0.0000E+00  0.0000E+00
    1    3  5.3289E-01  0.0000E+00 -2.8521E+01  0.0000E+00  0.0000E+00  0.0000E+00
    1    3  5.4270E-01  0.0000E+00 -2.9519E+01  0.0000E+00  0.0000E+00  0.0000E+00
    1    3  5.5250E-01  0.0000E+00 -3.0517E+01  0.0000E+00  0.0000E+00  0.0000E+00
    1    3  5.6231E-01  0.0000E+00 -3.1515E+01  0.0000E+00  0.0000E+00  0.0000E+00
    1    3  5.7212E-01  0.0000E+00 -3.2513E+01  0.0000E+00  0.0000E+00  0.0000E+00
    1    3  5.8192E-01  0.0000E+00 -3.3512E+01  0.0000E+00  0.0000E+00  0.0000E+00
    1    3  5.9173E-01  0.0000E+00 -3.4510E+01  0.0000E+00  0.0000E+00  0.0000E+00
    1    3  6.0154E-01  0.0000E+00 -3.5508E+01  0.0000E+00  0.0000E+00  0.0000E+00
    1    3  6.1134E-01  0.0000E+00 -3.6506E+01  0.0000E+00  0.0000E+00  0.0000E+00
    1    3  6.2115E-01  0.0000E+00 -3.7504E+01  0.0000E+00  0.0000E+00  0.0000E+00
    1    3  6.3096E-01  0.0000E+00 -3.8502E+01  0.0000E+00  0.0000E+00  0.0000E+00
    1    3  6.4077E-01  0.0000E+00 -3.9500E+01  0.0000E+00  0.0000E+00  0.0000E+00
    1    3  6.5057E-01  0.0000E+00 -4.0498E+01  0.0000E+00  0.0000E+00  0.0000E+00
    1    3  6.6038E-01  0.0000E+00 -4.1496E+01  0.0000E+00  0.0000E+00  0.0000E+00
    1    3  6.7019E-01  0.0000E+00 -4.2494E+01  0.0000E+00  0.0000E+00  0.0000E+00
    1    3  6.7999E-01  0.0000E+00 -4.3492E+01  0.0000E+00  0.0000E+00  0.0000E+00
    1    3  6.8980E-01  0.0000E+00 -4.4490E+01  0.0000E+00  0.0000E+00  0.0000E+00
    1    3  6.9961E-01  0.0000E+00 -4.5489E+01  0.0000E+00  0.0000E+00  0.0000E+00
    1    3  7.0941E-01  0.0000E+00 -4.6487E+01  0.0000E+00  0.0000E+00  0.0000E+00
    1    3  7.1922E-01  0.0000E+00 -4.7485E+01  0.0000E+00  0.0000E+00  0.0000E+00
    1    3  7.2903E-01  0.0000E+00 -4.8483E+01  0.0000E+00  0.0000E+00  0.0000E+00
    1    3  7.3883E-01  0.0000E+00 -4.9481E+01  0.0000E+00  0.0000E+00  0.0000E+00
    1    3  7.4864E-01  0.0000E+00 -5.0479E+01  0.0000E+00  0.0000E+00  0.0000E+00
    1    3  7.5845E-01  0.0000E+00 -5.1477E+01  0.0000E+00  0.0000E+00  0.0000E+00
    1    3  7.6825E-01  0.0000E+00 -5.2475E+01  0.0000E+00  0.0000E+00  0.0000E+00
    1    3  7.7806E-01  0.0000E+00 -5.3473E+01  0.0000E+00  0.0000E+00  0.0000E+00
    1    3  7.8787E-01  0.0000E+00 -5.4471E+01  0.0000E+00  0.0000E+00  0.0000E+00
    1    3  7.9767E-01  0.0000E+00 -5.5469E+01  0.0000E+00  0.0000E+00  0.0000E+00
    1    3  8.0748E-01  0.0000E+00 -5.6467E+01  0.0000E+00  0.0000E+00  0.0000E+00
    1    3  8.1729E-01  0.0000E+00 -5.7466E+01  0.0000E+00  0.0000E+00  0.0000E+00
    1    3  8.2709E-01  0.0000E+00 -5.8464E+01  0.0000E+00  0.0000E+00  0.0000E+00
    1    3  8.3690E-01  0.0000E+00 -5.9462E+01  0.0000E+00  0.0000E+00  0.0000E+00
    1    3  8.4671E-01  0.0000E+00 -6.0460E+01  0.0000E+00  0.0000E+00  0.0000E+00
    1    3  8.5652E-01  0.0000E+00 -6.1458E+01  0.0000E+00  0.0000E+00  0.0000E+00
    1    3  8.6632E-01  0.0000E+00 -6.2456E+01  0.0000E+00  0.0000E+00  0.0000E+00
    1    3  8.7613E-01  0.0000E+00 -6.3454E+01  0.0000E+00  0.0000E+00  0.0000E+00
    1    3  8.8594E-01  0.0000E+00 -6.4452E+01  0.0000E+00  0.0000E+00  0.0000E+00
    1    3  8.9574E-01  0.0000E+00 -6.5450E+01  0.0000E+00  0.0000E+00  0.0000E+00
    1    3  9.0555E-01  0.0000E+00 -6.6448E+01  0.0000E+00  0.0000E+00  0.0000E+00
    1    3  9.1536E-01  0.0000E+00 -6.7446E+01  0.0000E+00  0.0000E+00  0.0000E+00
    1    3  9.2516E-01  0.0000E+00 -6.8444E+01  0.0000E+00  0.0000E+00  0.0000E+00
    1    3  9.3497E-01  0.0000E+00 -6.9443E+01  0.0000E+00  0.0000E+00  0.0000E+00
    1    3  9.4478E-01  0.0000E+00 -7.0441E+01  0.0000E+00  0.0000E+00  0.0000E+00
    1    3  9.5458E-01  0.0000E+00 -7.1439E+01  0.0000E+00  0.0000E+00  0.0000E+00
    1    3  9.6439E-01  0.0000E+00 -7.2437E+01  0.0000E+00  0.0000E+00  0.0000E+00
    1    3  9.7420E-01  0.0000E+00 -7.3435E+01  0.0000E+00  0.0000E+00  0.0000E+00
    1    3  9.8400E-01  0.0000E+00 -7.4433E+01  0.0000E+00  0.0000E+00  0.0000E+00
    1    3  9.9381E-01  0.0000E+00 -7.5431E+01  0.0000E+00  0.0000E+00  0.0000E+00
    1    3  1.0036E+00  0.0000E+00 -7.6429E+01  0.0000E+00  0.0000E+00  0.0000E+00
    1    3  1.0134E+00  0.0000E+00 -7.7427E+01  0.0000E+00  0.0000E+00  0.0000E+00
    1    3  1.0232E+00  0.0000E+00 -7.8425E+01  0.0000E+00  0.0000E+00  0.0000E+00
    1    3  1.0330E+00  0.0000E+00 -7.9423E+01  0.0000E+00  0.0000E+00  0.0000E+00
    1    3  1.0428E+00  0.0000E+00 -8.0422E+01  0.0000E+00  0.0000E+00  0.0000E+00
    1    3  1.0527E+00  0.0000E+00 -8.1420E+01  0.0000E+00  0.0000E+00  0.0000E+00
    1    3  1.0625E+00  0.0000E+00 -8.2418E+01  0.0000E+00  0.0000E+00  0.0000E+00
    1    3  1.0723E+00  0.0000E+00 -8.3416E+01  0.0000E+00  0.0000E+00  0.0000E+00
    1    3  1.0821E+00  0.0000E+00 -8.4414E+01  0.0000E+00  0.0000E+00  0.0000E+00
    1    3  1.0919E+00  0.0000E+00 -8.5412E+01  0.0000E+00  0.0000E+00  0.0000E+00
    1    3  1.1017E+00  0.0000E+00 -8.6410E+01  0.0000E+00  0.0000E+00  0.0000E+00
    1    3  1.1115E+00  0.0000E+00 -8.7408E+01  0.0000E+00  0.0000E+00  0.0000E+00
    1    3  1.1213E+00  0.0000E+00 -8.8406E+01  0.0000E+00  0.0000E+00  0.0000E+00
    1    3  1.1311E+00  0.0000E+00 -8.9404E+01  0.0000E+00  0.0000E+00  0.0000E+00
    1    3  1.1409E+00  0.0000E+00 -9.0402E+01  0.0000E+00  0.0000E+00  0.0000E+00
    1    3  1.1507E+00  0.0000E+00 -9.1400E+01  0.0000E+00  0.0000E+00  0.0000E+00
    1    3  1.1605E+00  0.0000E+00 -9.2399E+01  0.0000E+00  0.0000E+00  0.0000E+00
    1    3  1.1703E+00  0.0000E+00 -9.3397E+01  0.0000E+00  0.0000E+00  0.0000E+00
    1    3  1.1801E+00  0.0000E+00 -9.4395E+01  0.0000E+00  0.0000E+00  0.0000E+00
    1    3  1.1899E+00  0.0000E+00 -9.5393E+01  0.0000E+00  0.0000E+00  0.0000E+00
    1    3  1.1998E+00  0.0000E+00 -9.6391E+01  0.0000E+00  0.0000E+00  0.0000E+00
    1    3  1.2096E+00  0.0000E+00 -9.7389E+01  0.0000E+00  0.0000E+00  0.0000E+00
    1    3  1.2194E+00  0.0000E+00 -9.8387E+01  0.0000E+00  0.0000E+00  0.0000E+00
    1    3  1.2292E+00  0.0000E+00 -9.9385E+01  0.0000E+00  0.0000E+00  0.0000E+00
    1    3  1.2390E+00  0.0000E+00 -1.0038E+02  0.0000E+00  0.0000E+00  0.0000E+00
    1    3  1.2488E+00  0.0000E+00 -1.0138E+02  0.0000E+00  0.0000E+00  0.0000E+00
    1    3  1.2586E+00  0.0000E+00 -1.0238E+02  0.0000E+00  0.0000E+00  0.0000E+00
    1    3  1.2684E+00  0.0000E+00 -1.0338E+02  0.0000E+00  0.0000E+00  0.0000E+00
    1    3  1.2782E+00  0.0000E+00 -1.0438E+02  0.0000E+00  0.0000E+00  0.0000E+00
    1    3  1.2880E+00  0.0000E+00 -1.0537E+02  0.0000E+00  0.0000E+00  0.0000E+00
    1    3  1.2978E+00  0.0000E+00 -1.0637E+02  0.0000E+00  0.0000E+00  0.0000E+00
    1    3  1.3076E+00  0.0000E+00 -1.0737E+02  0.0000E+00  0.0000E+00  0.0000E+00
    1    3  1.3174E+00  0.0000E+00 -1.0837E+02  0.0000E+00  0.0000E+00  0.0000E+00
    1    3  1.3272E+00  0.0000E+00 -1.0937E+02  0.0000E+00  0.0000E+00  0.0000E+00
    1    3  1.3370E+00  0.0000E+00 -1.1036E+02  0.0000E+00  0.0000E+00  0.0000E+00
    1    3  1.3469E+00  0.0000E+00 -1.1136E+02  0.0000E+00  0.0000E+00  0.0000E+00
    1    3  1.3567E+00  0.0000E+00 -1.1236E+02  0.0000E+00  0.0000E+00  0.0000E+00
    1    3  1.3665E+00  0.0000E+00 -1.1336E+02  0.0000E+00  0.0000E+00  0.0000E+00
    1    3  1.3763E+00  0.0000E+00 -1.1436E+02  0.0000E+00  0.0000E+00  0.0000E+00
    1    3  1.3861E+00  0.0000E+00 -1.1535E+02  0.0000E+00  0.0000E+00  0.0000E+00
    1    3  1.3959E+00  0.0000E+00 -1.1635E+02  0.0000E+00  0.0000E+00  0.0000E+00
    1    3  1.4057E+00  0.0000E+00 -1.1735E+02  0.0000E+00  0.0000E+00  0.0000E+00
    1    3  1.4155E+00  0.0000E+00 -1.1835E+02  0.0000E+00  0.0000E+00  0.0000E+00
    1    3  1.4253E+00  0.0000E+00 -1.1935E+02  0.0000E+00  0.0000E+00  0.0000E+00
    1    3  1.4351E+00  0.0000E+00 -1.2034E+02  0.0000E+00  0.0000E+00  0.0000E+00
    1    3  1.4449E+00  0.0000E+00 -1.2134E+02  0.0000E+00  0.0000E+00  0.0000E+00
    1    3  1.4547E+00  0.0000E+00 -1.2234E+02  0.0000E+00  0.0000E+00  0.0000E+00
    1    3  1.4645E+00  0.0000E+00 -1.2334E+02  0.0000E+00  0.0000E+00  0.0000E+00
    1    3  1.4743E+00  0.0000E+00 -1.2434E+02  0.0000E+00  0.0000E+00  0.0000E+00
    1    3  1.4842E+00  0.0000E+00 -1.2534E+02  0.0000E+00  0.0000E+00  0.0000E+00
    1    3  1.4940E+00  0.0000E+00 -1.2633E+02  0.0000E+00  0.0000E+00  0.0000E+00
    1    3  1.5038E+00  0.0000E+00 -1.2733E+02  0.0000E+00  0.0000E+00  0.0000E+00
    1    3  1.5136E+00  0.0000E+00 -1.2833E+02  0.0000E+00  0.0000E+00  0.0000E+00
    1    3  1.5234E+00  0.0000E+00 -1.2933E+02  0.0000E+00  0.0000E+00  0.0000E+00
    1    3  1.5332E+00  0.0000E+00 -1.3033E+02  0.0000E+00  0.0000E+00  0.0000E+00
    1    3  1.5430E+00  0.0000E+00 -1.3132E+02  0.0000E+00  0.0000E+00  0.0000E+00
    1    3  1.5528E+00  0.0000E+00 -1.3232E+02  0.0000E+00  0.0000E+00  0.0000E+00
    1    3  1.5626E+00  0.0000E+00 -1.3332E+02  0.0000E+00  0.0000E+00  0.0000E+00
    1    3  1.5724E+00  0.0000E+00 -1.3432E+02  0.0000E+00  0.0000E+00  0.0000E+00
    1    3  1.5822E+00  0.0000E+00 -1.3532E+02  0.0000E+00  0.0000E+00  0.0000E+00
    1    3  1.5920E+00  0.0000E+00 -1.3631E+02  0.0000E+00  0.0000E+00  0.0000E+00
    1    3  1.6018E+00  0.0000E+00 -1.3731E+02  0.0000E+00  0.0000E+00  0.0000E+00
    1    3  1.6116E+00  0.0000E+00 -1.3831E+02  0.0000E+00  0.0000E+00  0.0000E+00
    1    3  1.6214E+00  0.0000E+00 -1.3931E+02  0.0000E+00  0.0000E+00  0.0000E+00
    1    3  1.6313E+00  0.0000E+00 -1.4031E+02  0.0000E+00  0.0000E+00  0.0000E+00
    1    3  1.6411E+00  0.0000E+00 -1.4130E+02  0.0000E+00  0.0000E+00  0.0000E+00
    1    3  1.6509E+00  0.0000E+00 -1.4230E+02  0.0000E+00  0.0000E+00  0.0000E+00
    1    3  1.6607E+00  0.0000E+00 -1.4330E+02  0.0000E+00  0.0000E+00  0.0000E+00
    1    3  1.6705E+00  0.0000E+00 -1.4430E+02  0.0000E+00  0.0000E+00  0.0000E+00
    1    3  1.6803E+00  0.0000E+00 -1.4530E+02  0.0000E+00  0.0000E+00  0.0000E+00
    1    3  1.6901E+00  0.0000E+00 -1.4630E+02  0.0000E+00  0.0000E+00  0.0000E+00
    1    3  1.6999E+00  0.0000E+00 -1.4729E+02  0.0000E+00  0.0000E+00  0.0000E+00
    1    3  1.7097E+00  0.0000E+00 -1.4829E+02  0.0000E+00  0.0000E+00  0.0000E+00
    1    3  1.7195E+00  0.0000E+00 -1.4929E+02  0.0000E+00  0.0000E+00  0.0000E+00
    1    3  1.7293E+00  0.0000E+00 -1.5029E+02  0.0000E+00  0.0000E+00  0.0000E+00
    1    3  1.7391E+00  0.0000E+00 -1.5129E+02  0.0000E+00  0.0000E+00  0.0000E+00
    1    3  1.7489E+00  0.0000E+00 -1.5228E+02  0.0000E+00  0.0000E+00  0.0000E+00
    1    3  1.7587E+00  0.0000E+00 -1.5328E+02  0.0000E+00  0.0000E+00  0.0000E+00
    1    3  1.7686E+00  0.0000E+00 -1.5428E+02  0.0000E+00  0.0000E+00  0.0000E+00
    1    3  1.7784E+00  0.0000E+00 -1.5528E+02  0.0000E+00  0.0000E+00  0.0000E+00
    1    3  1.7882E+00  0.0000E+00 -1.5628E+02  0.0000E+00  0.0000E+00  0.0000E+00
    1    3  1.7980E+00  0.0000E+00 -1.5727E+02  0.0000E+00  0.0000E+00  0.0000E+00
    1    3  1.8078E+00  0.0000E+00 -1.5827E+02  0.0000E+00  0.0000E+00  0.0000E+00
    1    3  1.8176E+00  0.0000E+00 -1.5927E+02  0.0000E+00  0.0000E+00  0.0000E+00
    1    3  1.8274E+00  0.0000E+00 -1.6027E+02  0.0000E+00  0.0000E+00  0.0000E+00
    1    3  1.8372E+00  0.0000E+00 -1.6127E+02  0.0000E+00  0.0000E+00  0.0000E+00
    1    3  1.8470E+00  0.0000E+00 -1.6226E+02  0.0000E+00  0.0000E+00  0.0000E+00
    1    3  1.8568E+00  0.0000E+00 -1.6326E+02  0.0000E+00  0.0000E+00  0.0000E+00
    1    3  1.8666E+00  0.0000E+00 -1.6426E+02  0.0000E+00  0.0000E+00  0.0000E+00
    1    3  1.8764E+00  0.0000E+00 -1.6526E+02  0.0000E+00  0.0000E+00  0.0000E+00
    1    3  1.8862E+00  0.0000E+00 -1.6626E+02  0.0000E+00  0.0000E+00  0.0000E+00
    1    3  1.8960E+00  0.0000E+00 -1.6725E+02  0.0000E+00  0.0000E+00  0.0000E+00
    1    3  1.9058E+00  0.0000E+00 -1.6825E+02  0.0000E+00  0.0000E+00  0.0000E+00
    1    3  1.9157E+00  0.0000E+00 -1.6925E+02  0.0000E+00  0.0000E+00  0.0000E+00
    1    3  1.9255E+00  0.0000E+00 -1.7025E+02  0.0000E+00  0.0000E+00  0.0000E+00
    1    3  1.9353E+00  0.0000E+00 -1.7125E+02  0.0000E+00  0.0000E+00  0.0000E+00
    1    3  1.9451E+00  0.0000E+00 -1.7225E+02  0.0000E+00  0.0000E+00  0.0000E+00
    1    3  1.9549E+00  0.0000E+00 -1.7324E+02  0.0000E+00  0.0000E+00  0.0000E+00
    1    3  1.9647E+00  0.0000E+00 -1.7424E+02  0.0000E+00  0.0000E+00  0.0000E+00
    1    3  1.9745E+00  0.0000E+00 -1.7524E+02  0.0000E+00  0.0000E+00  0.0000E+00
    1    3  1.9843E+00  0.0000E+00 -1.7624E+02  0.0000E+00  0.0000E+00  0.0000E+00
