    1    3  9.5709E-03 -1.2926E+01 -4.2054E+01  0.0000E+00  0.0000E+00  0.0000E+00
    1    3  9.6698E-03 -1.2916E+01 -4.2018E+01  0.0000E+00  0.0000E+00  0.0000E+00
    1    3  9.9685E-03 -1.2883E+01 -4.1911E+01  0.0000E+00  0.0000E+00  0.0000E+00
    1    3  1.0473E-02 -1.2829E+01 -4.1730E+01  0.0000E+00  0.0000E+00  0.0000E+00
    1    3  1.1193E-02 -1.2752E+01 -4.1472E+01  0.0000E+00  0.0000E+00  0.0000E+00
    1    3  1.2142E-02 -1.2651E+01 -4.1135E+01  0.0000E+00  0.0000E+00  0.0000E+00
    1    3  1.3338E-02 -1.2524E+01 -4.0713E+01  0.0000E+00  0.0000E+00  0.0000E+00
    1    3  1.4805E-02 -1.2371E+01 -4.0202E+01  0.0000E+00  0.0000E+00  0.0000E+00
    1    3  1.6569E-02 -1.2190E+01 -3.9594E+01  0.0000E+00  0.0000E+00  0.0000E+00
    1    3  1.8661E-02 -1.1979E+01 -3.8886E+01  0.0000E+00  0.0000E+00  0.0000E+00
    1    3  2.1119E-02 -1.1737E+01 -3.8070E+01  0.0000E+00  0.0000E+00  0.0000E+00
    1    3  2.3983E-02 -1.1462E+01 -3.7142E+01  0.0000E+00  0.0000E+00  0.0000E+00
    1    3  2.7300E-02 -1.1153E+01 -3.6099E+01  0.0000E+00  0.0000E+00  0.0000E+00
    1    3  3.1118E-02 -1.0810E+01 -3.4941E+01  0.0000E+00  0.0000E+00  0.0000E+00
    1    3  3.5490E-02 -1.0435E+01 -3.3670E+01  0.0000E+00  0.0000E+00  0.0000E+00
    1    3  4.0471E-02 -1.0029E+01 -3.2296E+01  0.0000E+00  0.0000E+00  0.0000E+00
    1    3  4.6116E-02 -9.5942E+00 -3.0832E+01  0.0000E+00  0.0000E+00  0.0000E+00
    1    3  5.2478E-02 -9.1361E+00 -2.9301E+01  0.0000E+00  0.0000E+00  0.0000E+00
    1    3  5.9531E-02 -8.6643E+00 -2.7737E+01  0.0000E+00  0.0000E+00  0.0000E+00
    1    3  6.7155E-02 -8.1940E+00 -2.6184E+01  0.0000E+00  0.0000E+00  0.0000E+00
    1    3  7.5236E-02 -7.7387E+00 -2.4683E+01  0.0000E+00  0.0000E+00  0.0000E+00
    1    3  8.3673E-02 -7.3098E+00 -2.3268E+01  0.0000E+00  0.0000E+00  0.0000E+00
    1    3  9.2373E-02 -6.9172E+00 -2.1970E+01  0.0000E+00  0.0000E+00  0.0000E+00
    1    3  1.0125E-01 -6.5692E+00 -2.0814E+01  0.0000E+00  0.0000E+00  0.0000E+00
    1    3  1.1026E-01 -6.2689E+00 -1.9810E+01  0.0000E+00  0.0000E+00  0.0000E+00
    1    3  1.1936E-01 -6.0085E+00 -1.8931E+01  0.0000E+00  0.0000E+00  0.0000E+00
    1    3  1.2854E-01 -5.7792E+00 -1.8151E+01  0.0000E+00  0.0000E+00  0.0000E+00
    1    3  1.3779E-01 -5.5728E+00 -1.7443E+01  0.0000E+00  0.0000E+00  0.0000E+00
    1    3  1.4708E-01 -5.3817E+00 -1.6783E+01  0.0000E+00  0.0000E+00  0.0000E+00
    1    3  1.5639E-01 -5.1991E+00 -1.6150E+01  0.0000E+00  0.0000E+00  0.0000E+00
    1    3  1.6571E-01 -5.0216E+00 -1.5534E+01  0.0000E+00  0.0000E+00  0.0000E+00
    1    3  1.7505E-01 -4.8482E+00 -1.4931E+01  0.0000E+00  0.0000E+00  0.0000E+00
    1    3  1.8440E-01 -4.6779E+00 -1.4337E+01  0.0000E+00  0.0000E+00  0.0000E+00
    1    3  1.9376E-01 -4.5096E+00 -1.3751E+01  0.0000E+00  0.0000E+00  0.0000E+00
    1    3  2.0311E-01 -4.3425E+00 -1.3168E+01  0.0000E+00  0.0000E+00  0.0000E+00
    1    3  2.1247E-01 -4.1759E+00 -1.2586E+01  0.0000E+00  0.0000E+00  0.0000E+00
    1    3  2.2184E-01 -4.0098E+00 -1.2006E+01  0.0000E+00  0.0000E+00  0.0000E+00
    1    3  2.3120E-01 -3.8440E+00 -1.1428E+01  0.0000E+00  0.0000E+00  0.0000E+00
    1    3  2.4056E-01 -3.6785E+00 -1.0849E+01  0.0000E+00  0.0000E+00  0.0000E+00
    1    3  2.4993E-01 -3.5131E+00 -1.0272E+01  0.0000E+00  0.0000E+00  0.0000E+00
    1    3  2.5929E-01 -3.3479E+00 -9.6946E+00  0.0000E+00  0.0000E+00  0.0000E+00
    1    3  2.6865E-01 -3.1827E+00 -9.1176E+00  0.0000E+00  0.0000E+00  0.0000E+00
    1    3  2.7802E-01 -3.0175E+00 -8.5407E+00  0.0000E+00  0.0000E+00  0.0000E+00
    1    3  2.8738E-01 -2.8524E+00 -7.9640E+00  0.0000E+00  0.0000E+00  0.0000E+00
    1    3  2.9675E-01 -2.6874E+00 -7.3873E+00  0.0000E+00  0.0000E+00  0.0000E+00
    1    3  3.0611E-01 -2.5223E+00 -6.8106E+00  0.0000E+00  0.0000E+00  0.0000E+00
    1    3  3.1548E-01 -2.3572E+00 -6.2339E+00  0.0000E+00  0.0000E+00  0.0000E+00
    1    3  3.2484E-01 -2.1921E+00 -5.6572E+00  0.0000E+00  0.0000E+00  0.0000E+00
    1    3  3.3421E-01 -2.0270E+00 -5.0805E+00  0.0000E+00  0.0000E+00  0.0000E+00
    1    3  3.4357E-01 -1.8619E+00 -4.5038E+00  0.0000E+00  0.0000E+00  0.0000E+00
    1    3  3.5294E-01 -1.6968E+00 -3.9270E+00  0.0000E+00  0.0000E+00  0.0000E+00
    1    3  3.6230E-01 -1.5317E+00 -3.3502E+00  0.0000E+00  0.0000E+00  0.0000E+00
    1    3  3.7167E-01 -1.3666E+00 -2.7733E+00  0.0000E+00  0.0000E+00  0.0000E+00
    1    3  3.8103E-01 -1.2014E+00 -2.1965E+00  0.0000E+00  0.0000E+00  0.0000E+00
    1    3  3.9040E-01 -1.0363E+00 -1.6196E+00  0.0000E+00  0.0000E+00  0.0000E+00
    1    3  3.9977E-01 -8.7112E-01 -1.0428E+00  0.0000E+00  0.0000E+00  0.0000E+00
    1    3  4.0913E-01 -7.0597E-01 -4.6589E-01  0.0000E+00  0.0000E+00  0.0000E+00
    1    3  4.1850E-01 -5.4080E-01  1.1099E-01  0.0000E+00  0.0000E+00  0.0000E+00
    1    3  4.2786E-01 -3.7564E-01  6.8786E-01  0.0000E+00  0.0000E+00  0.0000E+00
    1    3  4.3723E-01 -2.1048E-01  1.2647E+00  0.0000E+00  0.0000E+00  0.0000E+00
    1    3  4.4659E-01 -4.5322E-02  1.8416E+00  0.0000E+00  0.0000E+00  0.0000E+00
    1    3  4.5596E-01  1.1984E-01  2.4185E+00  0.0000E+00  0.0000E+00  0.0000E+00
    1    3  4.6532E-01  2.8500E-01  2.9954E+00  0.0000E+00  0.0000E+00  0.0000E+00
    1    3  4.7469E-01  4.5016E-01  3.5723E+00  0.0000E+00  0.0000E+00  0.0000E+00
    1    3  4.8405E-01  6.1533E-01  4.1492E+00  0.0000E+00  0.0000E+00  0.0000E+00
    1    3  4.9342E-01  7.8049E-01  4.7261E+00  0.0000E+00  0.0000E+00  0.0000E+00
    1    3  5.0278E-01  9.4566E-01  5.3031E+00  0.0000E+00  0.0000E+00  0.0000E+00
    1    3  5.1215E-01  1.1108E+00  5.8800E+00  0.0000E+00  0.0000E+00  0.0000E+00
    1    3  5.2151E-01  1.2760E+00  6.4570E+00  0.0000E+00  0.0000E+00  0.0000E+00
    1    3  5.3087E-01  1.4412E+00  7.0340E+00  0.0000E+00  0.0000E+00  0.0000E+00
    1    3  5.4024E-01  1.6064E+00  7.6110E+00  0.0000E+00  0.0000E+00  0.0000E+00
    1    3  5.4960E-01  1.7715E+00  8.1880E+00  0.0000E+00  0.0000E+00  0.0000E+00
    1    3  5.5897E-01  1.9367E+00  8.7650E+00  0.0000E+00  0.0000E+00  0.0000E+00
    1    3  5.6833E-01  2.1019E+00  9.3421E+00  0.0000E+00  0.0000E+00  0.0000E+00
    1    3  5.7770E-01  2.2671E+00  9.9191E+00  0.0000E+00  0.0000E+00  0.0000E+00
    1    3  5.8706E-01  2.4323E+00  1.0496E+01  0.0000E+00  0.0000E+00  0.0000E+00
    1    3  5.9643E-01  2.5975E+00  1.1073E+01  0.0000E+00  0.0000E+00  0.0000E+00
    1    3  6.0579E-01  2.7627E+00  1.1650E+01  0.0000E+00  0.0000E+00  0.0000E+00
    1    3  6.1516E-01  2.9279E+00  1.2227E+01  0.0000E+00  0.0000E+00  0.0000E+00
    1    3  6.2452E-01  3.0930E+00  1.2804E+01  0.0000E+00  0.0000E+00  0.0000E+00
    1    3  6.3389E-01  3.2582E+00  1.3381E+01  0.0000E+00  0.0000E+00  0.0000E+00
    1    3  6.4325E-01  3.4234E+00  1.3958E+01  0.0000E+00  0.0000E+00  0.0000E+00
    1    3  6.5262E-01  3.5886E+00  1.4535E+01  0.0000E+00  0.0000E+00  0.0000E+00
    1    3  6.6199E-01  3.7537E+00  1.5112E+01  0.0000E+00  0.0000E+00  0.0000E+00
    1    3  6.7135E-01  3.9189E+00  1.5689E+01  0.0000E+00  0.0000E+00  0.0000E+00
    1    3  6.8072E-01  4.0840E+00  1.6266E+01  0.0000E+00  0.0000E+00  0.0000E+00
    1    3  6.9008E-01  4.2492E+00  1.6843E+01  0.0000E+00  0.0000E+00  0.0000E+00
    1    3  6.9945E-01  4.4143E+00  1.7420E+01  0.0000E+00  0.0000E+00  0.0000E+00
    1    3  7.0881E-01  4.5795E+00  1.7997E+01  0.0000E+00  0.0000E+00  0.0000E+00
    1    3  7.1818E-01  4.7446E+00  1.8573E+01  0.0000E+00  0.0000E+00  0.0000E+00
    1    3  7.2754E-01  4.9098E+00  1.9150E+01  0.0000E+00  0.0000E+00  0.0000E+00
    1    3  7.3691E-01  5.0749E+00  1.9727E+01  0.0000E+00  0.0000E+00  0.0000E+00
    1    3  7.4627E-01  5.2401E+00  2.0304E+01  0.0000E+00  0.0000E+00  0.0000E+00
    1    3  7.5564E-01  5.4052E+00  2.0881E+01  0.0000E+00  0.0000E+00  0.0000E+00
    1    3  7.6500E-01  5.5703E+00  2.1458E+01  0.0000E+00  0.0000E+00  0.0000E+00
    1    3  7.7437E-01  5.7355E+00  2.2035E+01  0.0000E+00  0.0000E+00  0.0000E+00
    1    3  7.8373E-01  5.9006E+00  2.2611E+01  0.0000E+00  0.0000E+00  0.0000E+00
    1    3  7.9310E-01  6.0658E+00  2.3188E+01  0.0000E+00  0.0000E+00  0.0000E+00
    1    3  8.0246E-01  6.2309E+00  2.3765E+01  0.0000E+00  0.0000E+00  0.0000E+00
    1    3  8.1183E-01  6.3961E+00  2.4342E+01  0.0000E+00  0.0000E+00  0.0000E+00
    1    3  8.2119E-01  6.5612E+00  2.4919E+01  0.0000E+00  0.0000E+00  0.0000E+00
    1    3  8.3056E-01  6.7264E+00  2.5496E+01  0.0000E+00  0.0000E+00  0.0000E+00
    1    3  8.3992E-01  6.8915E+00  2.6073E+01  0.0000E+00  0.0000E+00  0.0000E+00
    1    3  8.4929E-01  7.0567E+00  2.6650E+01  0.0000E+00  0.0000E+00  0.0000E+00
    1    3  8.5865E-01  7.2218E+00  2.7226E+01  0.0000E+00  0.0000E+00  0.0000E+00
    1    3  8.6802E-01  7.3870E+00  2.7803E+01  0.0000E+00  0.0000E+00  0.0000E+00
    1    3  8.7738E-01  7.5521E+00  2.8380E+01  0.0000E+00  0.0000E+00  0.0000E+00
    1    3  8.8675E-01  7.7173E+00  2.8957E+01  0.0000E+00  0.0000E+00  0.0000E+00
    1    3  8.9611E-01  7.8824E+00  2.9534E+01  0.0000E+00  0.0000E+00  0.0000E+00
    1    3  9.0548E-01  8.0476E+00  3.0111E+01  0.0000E+00  0.0000E+00  0.0000E+00
    1    3  9.1484E-01  8.2128E+00  3.0688E+01  0.0000E+00  0.0000E+00  0.0000E+00
    1    3  9.2421E-01  8.3779E+00  3.1265E+01  0.0000E+00  0.0000E+00  0.0000E+00
    1    3  9.3357E-01  8.5431E+00  3.1842E+01  0.0000E+00  0.0000E+00  0.0000E+00
    1    3  9.4294E-01  8.7082E+00  3.2419E+01  0.0000E+00  0.0000E+00  0.0000E+00
    1    3  9.5230E-01  8.8734E+00  3.2996E+01  0.0000E+00  0.0000E+00  0.0000E+00
    1    3  9.6167E-01  9.0385E+00  3.3573E+01  0.0000E+00  0.0000E+00  0.0000E+00
    1    3  9.7103E-01  9.2037E+00  3.4150E+01  0.0000E+00  0.0000E+00  0.0000E+00
    1    3  9.8040E-01  9.3688E+00  3.4726E+01  0.0000E+00  0.0000E+00  0.0000E+00
    1    3  9.8976E-01  9.5340E+00  3.5303E+01  0.0000E+00  0.0000E+00  0.0000E+00
    1    3  9.9913E-01  9.6991E+00  3.5880E+01  0.0000E+00  0.0000E+00  0.0000E+00
    1    3  1.0085E+00  9.8643E+00  3.6457E+01  0.0000E+00  0.0000E+00  0.0000E+00
    1    3  1.0179E+00  1.0029E+01  3.7034E+01  0.0000E+00  0.0000E+00  0.0000E+00
    1    3  1.0272E+00  1.0195E+01  3.7611E+01  0.0000E+00  0.0000E+00  0.0000E+00
    1    3  1.0366E+00  1.0360E+01  3.8188E+01  0.0000E+00  0.0000E+00  0.0000E+00
    1    3  1.0460E+00  1.0525E+01  3.8765E+01  0.0000E+00  0.0000E+00  0.0000E+00
    1    3  1.0553E+00  1.0690E+01  3.9342E+01  0.0000E+00  0.0000E+00  0.0000E+00
    1    3  1.0647E+00  1.0855E+01  3.9919E+01  0.0000E+00  0.0000E+00  0.0000E+00
    1    3  1.0740E+00  1.1020E+01  4.0496E+01  0.0000E+00  0.0000E+00  0.0000E+00
    1    3  1.0834E+00  1.1186E+01  4.1072E+01  0.0000E+00  0.0000E+00  0.0000E+00
    1    3  1.0928E+00  1.1351E+01  4.1649E+01  0.0000E+00  0.0000E+00  0.0000E+00
    1    3  1.1021E+00  1.1516E+01  4.2226E+01  0.0000E+00  0.0000E+00  0.0000E+00
    1    3  1.1115E+00  1.1681E+01  4.2803E+01  0.0000E+00  0.0000E+00  0.0000E+00
    1    3  1.1209E+00  1.1846E+01  4.3380E+01  0.0000E+00  0.0000E+00  0.0000E+00
    1    3  1.1302E+00  1.2011E+01  4.3957E+01  0.0000E+00  0.0000E+00  0.0000E+00
    1    3  1.1396E+00  1.2176E+01  4.4534E+01  0.0000E+00  0.0000E+00  0.0000E+00
    1    3  1.1490E+00  1.2342E+01  4.5111E+01  0.0000E+00  0.0000E+00  0.0000E+00
    1    3  1.1583E+00  1.2507E+01  4.5688E+01  0.0000E+00  0.0000E+00  0.0000E+00
    1    3  1.1677E+00  1.2672E+01  4.6265E+01  0.0000E+00  0.0000E+00  0.0000E+00
    1    3  1.1771E+00  1.2837E+01  4.6841E+01  0.0000E+00  0.0000E+00  0.0000E+00
    1    3  1.1864E+00  1.3002E+01  4.7418E+01  0.0000E+00  0.0000E+00  0.0000E+00
    1    3  1.1958E+00  1.3167E+01  4.7995E+01  0.0000E+00  0.0000E+00  0.0000E+00
    1    3  1.2052E+00  1.3333E+01  4.8572E+01  0.0000E+00  0.0000E+00  0.0000E+00
    1    3  1.2145E+00  1.3498E+01  4.9149E+01  0.0000E+00  0.0000E+00  0.0000E+00
    1    3  1.2239E+00  1.3663E+01  4.9726E+01  0.0000E+00  0.0000E+00  0.0000E+00
    1    3  1.2333E+00  1.3828E+01  5.0303E+01  0.0000E+00  0.0000E+00  0.0000E+00
    1    3  1.2426E+00  1.3993E+01  5.0880E+01  0.0000E+00  0.0000E+00  0.0000E+00
    1    3  1.2520E+00  1.4158E+01  5.1457E+01  0.0000E+00  0.0000E+00  0.0000E+00
    1    3  1.2613E+00  1.4323E+01  5.2034E+01  0.0000E+00  0.0000E+00  0.0000E+00
    1    3  1.2707E+00  1.4489E+01  5.2611E+01  0.0000E+00  0.0000E+00  0.0000E+00
    1    3  1.2801E+00  1.4654E+01  5.3187E+01  0.0000E+00  0.0000E+00  0.0000E+00
    1    3  1.2894E+00  1.4819E+01  5.3764E+01  0.0000E+00  0.0000E+00  0.0000E+00
    1    3  1.2988E+00  1.4984E+01  5.4341E+01  0.0000E+00  0.0000E+00  0.0000E+00
    1    3  1.3082E+00  1.5149E+01  5.4918E+01  0.0000E+00  0.0000E+00  0.0000E+00
    1    3  1.3175E+00  1.5314E+01  5.5495E+01  0.0000E+00  0.0000E+00  0.0000E+00
    1    3  1.3269E+00  1.5480E+01  5.6072E+01  0.0000E+00  0.0000E+00  0.0000E+00
    1    3  1.3363E+00  1.5645E+01  5.6649E+01  0.0000E+00  0.0000E+00  0.0000E+00
    1    3  1.3456E+00  1.5810E+01  5.7226E+01  0.0000E+00  0.0000E+00  0.0000E+00
    1    3  1.3550E+00  1.5975E+01  5.7803E+01  0.0000E+00  0.0000E+00  0.0000E+00
    1    3  1.3644E+00  1.6140E+01  5.8380E+01  0.0000E+00  0.0000E+00  0.0000E+00
    1    3  1.3737E+00  1.6305E+01  5.8957E+01  0.0000E+00  0.0000E+00  0.0000E+00
    1    3  1.3831E+00  1.6470E+01  5.9533E+01  0.0000E+00  0.0000E+00  0.0000E+00
    1    3  1.3925E+00  1.6636E+01  6.0110E+01  0.0000E+00  0.0000E+00  0.0000E+00
    1    3  1.4018E+00  1.6801E+01  6.0687E+01  0.0000E+00  0.0000E+00  0.0000E+00
    1    3  1.4112E+00  1.6966E+01  6.1264E+01  0.0000E+00  0.0000E+00  0.0000E+00
    1    3  1.4206E+00  1.7131E+01  6.1841E+01  0.0000E+00  0.0000E+00  0.0000E+00
    1    3  1.4299E+00  1.7296E+01  6.2418E+01  0.0000E+00  0.0000E+00  0.0000E+00
    1    3  1.4393E+00  1.7461E+01  6.2995E+01  0.0000E+00  0.0000E+00  0.0000E+00
    1    3  1.4486E+00  1.7627E+01  6.3572E+01  0.0000E+00  0.0000E+00  0.0000E+00
    1    3  1.4580E+00  1.7792E+01  6.4149E+01  0.0000E+00  0.0000E+00  0.0000E+00
    1    3  1.4674E+00  1.7957E+01  6.4726E+01  0.0000E+00  0.0000E+00  0.0000E+00
    1    3  1.4767E+00  1.8122E+01  6.5303E+01  0.0000E+00  0.0000E+00  0.0000E+00
    1    3  1.4861E+00  1.8287E+01  6.5879E+01  0.0000E+00  0.0000E+00  0.0000E+00
    1    3  1.4955E+00  1.8452E+01  6.6456E+01  0.0000E+00  0.0000E+00  0.0000E+00
    1    3  1.5048E+00  1.8617E+01  6.7033E+01  0.0000E+00  0.0000E+00  0.0000E+00
    1    3  1.5142E+00  1.8783E+01  6.7610E+01  0.0000E+00  0.0000E+00  0.0000E+00
    1    3  1.5236E+00  1.8948E+01  6.8187E+01  0.0000E+00  0.0000E+00  0.0000E+00
    1    3  1.5329E+00  1.9113E+01  6.8764E+01  0.0000E+00  0.0000E+00  0.0000E+00
    1    3  1.5423E+00  1.9278E+01  6.9341E+01  0.0000E+00  0.0000E+00  0.0000E+00
    1    3  1.5517E+00  1.9443E+01  6.9918E+01  0.0000E+00  0.0000E+00  0.0000E+00
    1    3  1.5610E+00  1.9608E+01  7.0495E+01  0.0000E+00  0.0000E+00  0.0000E+00
    1    3  1.5704E+00  1.9774E+01  7.1072E+01  0.0000E+00  0.0000E+00  0.0000E+00
    1    3  1.5798E+00  1.9939E+01  7.1649E+01  0.0000E+00  0.0000E+00  0.0000E+00
    1    3  1.5891E+00  2.0104E+01  7.2225E+01  0.0000E+00  0.0000E+00  0.0000E+00
    1    3  1.5985E+00  2.0269E+01  7.2802E+01  0.0000E+00  0.0000E+00  0.0000E+00
    1    3  1.6079E+00  2.0434E+01  7.3379E+01  0.0000E+00  0.0000E+00  0.0000E+00
    1    3  1.6172E+00  2.0599E+01  7.3956E+01  0.0000E+00  0.0000E+00  0.0000E+00
    1    3  1.6266E+00  2.0764E+01  7.4533E+01  0.0000E+00  0.0000E+00  0.0000E+00
    1    3  1.6359E+00  2.0930E+01  7.5110E+01  0.0000E+00  0.0000E+00  0.0000E+00
    1    3  1.6453E+00  2.1095E+01  7.5687E+01  0.0000E+00  0.0000E+00  0.0000E+00
    1    3  1.6547E+00  2.1260E+01  7.6264E+01  0.0000E+00  0.0000E+00  0.0000E+00
    1    3  1.6640E+00  2.1425E+01  7.6841E+01  0.0000E+00  0.0000E+00  0.0000E+00
    1    3  1.6734E+00  2.1590E+01  7.7418E+01  0.0000E+00  0.0000E+00  0.0000E+00
    1    3  1.6828E+00  2.1755E+01  7.7994E+01  0.0000E+00  0.0000E+00  0.0000E+00
    1    3  1.6921E+00  2.1921E+01  7.8571E+01  0.0000E+00  0.0000E+00  0.0000E+00
    1    3  1.7015E+00  2.2086E+01  7.9148E+01  0.0000E+00  0.0000E+00  0.0000E+00
    1    3  1.7109E+00  2.2251E+01  7.9725E+01  0.0000E+00  0.0000E+00  0.0000E+00
    1    3  1.7202E+00  2.2416E+01  8.0302E+01  0.0000E+00  0.0000E+00  0.0000E+00
    1    3  1.7296E+00  2.2581E+01  8.0879E+01  0.0000E+00  0.0000E+00  0.0000E+00
    1    3  1.7390E+00  2.2746E+01  8.1456E+01  0.0000E+00  0.0000E+00  0.0000E+00
    1    3  1.7483E+00  2.2911E+01  8.2033E+01  0.0000E+00  0.0000E+00  0.0000E+00
    1    3  1.7577E+00  2.3077E+01  8.2610E+01  0.0000E+00  0.0000E+00  0.0000E+00
    1    3  1.7671E+00  2.3242E+01  8.3187E+01  0.0000E+00  0.0000E+00  0.0000E+00
    1    3  1.7764E+00  2.3407E+01  8.3764E+01  0.0000E+00  0.0000E+00  0.0000E+00
    1    3  1.7858E+00  2.3572E+01  8.4340E+01  0.0000E+00  0.0000E+00  0.0000E+00
    1    3  1.7952E+00  2.3737E+01  8.4917E+01  0.0000E+00  0.0000E+00  0.0000E+00
    1    3  1.8045E+00  2.3902E+01  8.5494E+01  0.0000E+00  0.0000E+00  0.0000E+00
    1    3  1.8139E+00  2.4068E+01  8.6071E+01  0.0000E+00  0.0000E+00  0.0000E+00
    1    3  1.8232E+00  2.4233E+01  8.6648E+01  0.0000E+00  0.0000E+00  0.0000E+00
    1    3  1.8326E+00  2.4398E+01  8.7225E+01  0.0000E+00  0.0000E+00  0.0000E+00
    1    3  1.8420E+00  2.4563E+01  8.7802E+01  0.0000E+00  0.0000E+00  0.0000E+00
    1    3  1.8513E+00  2.4728E+01  8.8379E+01  0.0000E+00  0.0000E+00  0.0000E+00
    1    3  1.8607E+00  2.4893E+01  8.8956E+01  0.0000E+00  0.0000E+00  0.0000E+00
    1    3  1.8701E+00  2.5059E+01  8.9533E+01  0.0000E+00  0.0000E+00  0.0000E+00
    1    3  1.8794E+00  2.5224E+01  9.0110E+01  0.0000E+00  0.0000E+00  0.0000E+00
    1    3  1.8888E+00  2.5389E+01  9.0686E+01  0.0000E+00  0.0000E+00  0.0000E+00
    1    3  1.8982E+00  2.5554E+01  9.1263E+01  0.0000E+00  0.0000E+00  0.0000E+00
    1    3  1.9075E+00  2.5719E+01  9.1840E+01  0.0000E+00  0.0000E+00  0.0000E+00
    1    3  1.9169E+00  2.5884E+01  9.2417E+01  0.0000E+00  0.0000E+00  0.0000E+00
    1    3  1.9263E+00  2.6049E+01  9.2994E+01  0.0000E+00  0.0000E+00  0.0000E+00
    1    3  1.9356E+00  2.6215E+01  9.3571E+01  0.0000E+00  0.0000E+00  0.0000E+00
    1    3  1.9450E+00  2.6380E+01  9.4148E+01  0.0000E+00  0.0000E+00  0.0000E+00
    1    3  1.9544E+00  2.6545E+01  9.4725E+01  0.0000E+00  0.0000E+00  0.0000E+00
    1    3  1.9637E+00  2.6710E+01  9.5302E+01  0.0000E+00  0.0000E+00  0.0000E+00
    1    3  1.9731E+00  2.6875E+01  9.5879E+01  0.0000E+00  0.0000E+00  0.0000E+00
    1    3  1.9825E+00  2.7040E+01  9.6456E+01  0.0000E+00  0.0000E+00  0.0000E+00
    1    3  1.9918E+00  2.7206E+01  9.7032E+01  0.0000E+00  0.0000E+00  0.0000E+00
