    1    3  9.5709E-03 -1.2926E+01 -4.2054E+01  0.0000E+00  0.0000E+00  0.0000E+00
    1    3  9.5956E-03 -1.2924E+01 -4.2045E+01  0.0000E+00  0.0000E+00  0.0000E+00
    1    3  9.6698E-03 -1.2916E+01 -4.2018E+01  0.0000E+00  0.0000E+00  0.0000E+00
    1    3  9.7939E-03 -1.2902E+01 -4.1974E+01  0.0000E+00  0.0000E+00  0.0000E+00
    1    3  9.9685E-03 -1.2883E+01 -4.1911E+01  0.0000E+00  0.0000E+00  0.0000E+00
    1    3  1.0194E-02 -1.2859E+01 -4.1829E+01  0.0000E+00  0.0000E+00  0.0000E+00
    1    3  1.0473E-02 -1.2829E+01 -4.1730E+01  0.0000E+00  0.0000E+00  0.0000E+00
    1    3  1.0805E-02 -1.2793E+01 -4.1611E+01  0.0000E+00  0.0000E+00  0.0000E+00
    1    3  1.1193E-02 -1.2752E+01 -4.1472E+01  0.0000E+00  0.0000E+00  0.0000E+00
    1    3  1.1637E-02 -1.2704E+01 -4.1314E+01  0.0000E+00  0.0000E+00  0.0000E+00
    1    3  1.2142E-02 -1.2651E+01 -4.1135E+01  0.0000E+00  0.0000E+00  0.0000E+00
    1    3  1.2708E-02 -1.2591E+01 -4.0935E+01  0.0000E+00  0.0000E+00  0.0000E+00
    1    3  1.3338E-02 -1.2524E+01 -4.0713E+01  0.0000E+00  0.0000E+00  0.0000E+00
    1    3  1.4036E-02 -1.2451E+01 -4.0469E+01  0.0000E+00  0.0000E+00  0.0000E+00
    1    3  1.4805E-02 -1.2371E+01 -4.0202E+01  0.0000E+00  0.0000E+00  0.0000E+00
    1    3  1.5648E-02 -1.2285E+01 -3.9910E+01  0.0000E+00  0.0000E+00  0.0000E+00
    1    3  1.6569E-02 -1.2190E+01 -3.9594E+01  0.0000E+00  0.0000E+00  0.0000E+00
    1    3  1.7572E-02 -1.2089E+01 -3.9253E+01  0.0000E+00  0.0000E+00  0.0000E+00
    1    3  1.8661E-02 -1.1979E+01 -3.8886E+01  0.0000E+00  0.0000E+00  0.0000E+00
    1    3  1.9842E-02 -1.1862E+01 -3.8491E+01  0.0000E+00  0.0000E+00  0.0000E+00
    1    3  2.1119E-02 -1.1737E+01 -3.8070E+01  0.0000E+00  0.0000E+00  0.0000E+00
    1    3  2.2498E-02 -1.1603E+01 -3.7620E+01  0.0000E+00  0.0000E+00  0.0000E+00
    1    3  2.3983E-02 -1.1462E+01 -3.7142E+01  0.0000E+00  0.0000E+00  0.0000E+00
    1    3  2.5582E-02 -1.1311E+01 -3.6635E+01  0.0000E+00  0.0000E+00  0.0000E+00
    1    3  2.7300E-02 -1.1153E+01 -3.6099E+01  0.0000E+00  0.0000E+00  0.0000E+00
    1    3  2.9143E-02 -1.0986E+01 -3.5534E+01  0.0000E+00  0.0000E+00  0.0000E+00
    1    3  3.1118E-02 -1.0810E+01 -3.4941E+01  0.0000E+00  0.0000E+00  0.0000E+00
    1    3  3.3231E-02 -1.0627E+01 -3.4319E+01  0.0000E+00  0.0000E+00  0.0000E+00
    1    3  3.5490E-02 -1.0435E+01 -3.3670E+01  0.0000E+00  0.0000E+00  0.0000E+00
    1    3  3.7901E-02 -1.0236E+01 -3.2995E+01  0.0000E+00  0.0000E+00  0.0000E+00
    1    3  4.0471E-02 -1.0029E+01 -3.2296E+01  0.0000E+00  0.0000E+00  0.0000E+00
    1    3  4.3208E-02 -9.8147E+00 -3.1574E+01  0.0000E+00  0.0000E+00  0.0000E+00
    1    3  4.6117E-02 -9.5941E+00 -3.0832E+01  0.0000E+00  0.0000E+00  0.0000E+00
    1    3  4.9205E-02 -9.3677E+00 -3.0073E+01  0.0000E+00  0.0000E+00  0.0000E+00
    1    3  5.2476E-02 -9.1361E+00 -2.9301E+01  0.0000E+00  0.0000E+00  0.0000E+00
    1    3  5.5923E-02 -8.9010E+00 -2.8520E+01  0.0000E+00  0.0000E+00  0.0000E+00
    1    3  5.9527E-02 -8.6645E+00 -2.7736E+01  0.0000E+00  0.0000E+00  0.0000E+00
    1    3  6.3274E-02 -8.4283E+00 -2.6956E+01  0.0000E+00  0.0000E+00  0.0000E+00
    1    3  6.7150E-02 -8.1942E+00 -2.6183E+01  0.0000E+00  0.0000E+00  0.0000E+00
    1    3  7.1139E-02 -7.9639E+00 -2.5424E+01  0.0000E+00  0.0000E+00  0.0000E+00
    1    3  7.5230E-02 -7.7389E+00 -2.4682E+01  0.0000E+00  0.0000E+00  0.0000E+00
    1    3  7.9409E-02 -7.5205E+00 -2.3962E+01  0.0000E+00  0.0000E+00  0.0000E+00
    1    3  8.3665E-02 -7.3101E+00 -2.3267E+01  0.0000E+00  0.0000E+00  0.0000E+00
    1    3  8.7986E-02 -7.1087E+00 -2.2602E+01  0.0000E+00  0.0000E+00  0.0000E+00
    1    3  9.2363E-02 -6.9175E+00 -2.1969E+01  0.0000E+00  0.0000E+00  0.0000E+00
    1    3  9.6786E-02 -6.7374E+00 -2.1371E+01  0.0000E+00  0.0000E+00  0.0000E+00
    1    3  1.0124E-01 -6.5695E+00 -2.0812E+01  0.0000E+00  0.0000E+00  0.0000E+00
    1    3  1.0573E-01 -6.4138E+00 -2.0292E+01  0.0000E+00  0.0000E+00  0.0000E+00
    1    3  1.1025E-01 -6.2693E+00 -1.9808E+01  0.0000E+00  0.0000E+00  0.0000E+00
    1    3  1.1478E-01 -6.1348E+00 -1.9355E+01  0.0000E+00  0.0000E+00  0.0000E+00
    1    3  1.1934E-01 -6.0092E+00 -1.8930E+01  0.0000E+00  0.0000E+00  0.0000E+00
    1    3  1.2393E-01 -5.8913E+00 -1.8529E+01  0.0000E+00  0.0000E+00  0.0000E+00
    1    3  1.2853E-01 -5.7802E+00 -1.8150E+01  0.0000E+00  0.0000E+00  0.0000E+00
    1    3  1.3314E-01 -5.6747E+00 -1.7788E+01  0.0000E+00  0.0000E+00  0.0000E+00
    1    3  1.3777E-01 -5.5741E+00 -1.7442E+01  0.0000E+00  0.0000E+00  0.0000E+00
    1    3  1.4241E-01 -5.4772E+00 -1.7108E+01  0.0000E+00  0.0000E+00  0.0000E+00
    1    3  1.4706E-01 -5.3832E+00 -1.6783E+01  0.0000E+00  0.0000E+00  0.0000E+00
    1    3  1.5171E-01 -5.2913E+00 -1.6464E+01  0.0000E+00  0.0000E+00  0.0000E+00
    1    3  1.5637E-01 -5.2008E+00 -1.6150E+01  0.0000E+00  0.0000E+00  0.0000E+00
    1    3  1.6103E-01 -5.1117E+00 -1.5840E+01  0.0000E+00  0.0000E+00  0.0000E+00
    1    3  1.6569E-01 -5.0236E+00 -1.5534E+01  0.0000E+00  0.0000E+00  0.0000E+00
    1    3  1.7036E-01 -4.9366E+00 -1.5231E+01  0.0000E+00  0.0000E+00  0.0000E+00
    1    3  1.7503E-01 -4.8505E+00 -1.4931E+01  0.0000E+00  0.0000E+00  0.0000E+00
    1    3  1.7970E-01 -4.7652E+00 -1.4633E+01  0.0000E+00  0.0000E+00  0.0000E+00
    1    3  1.8438E-01 -4.6805E+00 -1.4338E+01  0.0000E+00  0.0000E+00  0.0000E+00
    1    3  1.8905E-01 -4.5963E+00 -1.4044E+01  0.0000E+00  0.0000E+00  0.0000E+00
    1    3  1.9373E-01 -4.5125E+00 -1.3752E+01  0.0000E+00  0.0000E+00  0.0000E+00
    1    3  1.9841E-01 -4.4290E+00 -1.3460E+01  0.0000E+00  0.0000E+00  0.0000E+00
    1    3  2.0308E-01 -4.3457E+00 -1.3169E+01  0.0000E+00  0.0000E+00  0.0000E+00
    1    3  2.0776E-01 -4.2625E+00 -1.2878E+01  0.0000E+00  0.0000E+00  0.0000E+00
    1    3  2.1244E-01 -4.1794E+00 -1.2588E+01  0.0000E+00  0.0000E+00  0.0000E+00
    1    3  2.1712E-01 -4.0964E+00 -1.2298E+01  0.0000E+00  0.0000E+00  0.0000E+00
    1    3  2.2180E-01 -4.0136E+00 -1.2008E+01  0.0000E+00  0.0000E+00  0.0000E+00
    1    3  2.2648E-01 -3.9308E+00 -1.1719E+01  0.0000E+00  0.0000E+00  0.0000E+00
    1    3  2.3116E-01 -3.8481E+00 -1.1430E+01  0.0000E+00  0.0000E+00  0.0000E+00
    1    3  2.3584E-01 -3.7654E+00 -1.1141E+01  0.0000E+00  0.0000E+00  0.0000E+00
    1    3  2.4053E-01 -3.6828E+00 -1.0852E+01  0.0000E+00  0.0000E+00  0.0000E+00
    1    3  2.4521E-01 -3.6003E+00 -1.0564E+01  0.0000E+00  0.0000E+00  0.0000E+00
    1    3  2.4989E-01 -3.5178E+00 -1.0275E+01  0.0000E+00  0.0000E+00  0.0000E+00
    1    3  2.5457E-01 -3.4353E+00 -9.9866E+00  0.0000E+00  0.0000E+00  0.0000E+00
    1    3  2.5925E-01 -3.3528E+00 -9.6981E+00  0.0000E+00  0.0000E+00  0.0000E+00
    1    3  2.6393E-01 -3.2703E+00 -9.4098E+00  0.0000E+00  0.0000E+00  0.0000E+00
    1    3  2.6861E-01 -3.1879E+00 -9.1215E+00  0.0000E+00  0.0000E+00  0.0000E+00
    1    3  2.7329E-01 -3.1055E+00 -8.8332E+00  0.0000E+00  0.0000E+00  0.0000E+00
    1    3  2.7798E-01 -3.0230E+00 -8.5450E+00  0.0000E+00  0.0000E+00  0.0000E+00
    1    3  2.8266E-01 -2.9406E+00 -8.2568E+00  0.0000E+00  0.0000E+00  0.0000E+00
    1    3  2.8734E-01 -2.8582E+00 -7.9686E+00  0.0000E+00  0.0000E+00  0.0000E+00
    1    3  2.9202E-01 -2.7758E+00 -7.6804E+00  0.0000E+00  0.0000E+00  0.0000E+00
    1    3  2.9670E-01 -2.6935E+00 -7.3923E+00  0.0000E+00  0.0000E+00  0.0000E+00
    1    3  3.0138E-01 -2.6111E+00 -7.1041E+00  0.0000E+00  0.0000E+00  0.0000E+00
    1    3  3.0607E-01 -2.5287E+00 -6.8160E+00  0.0000E+00  0.0000E+00  0.0000E+00
    1    3  3.1075E-01 -2.4463E+00 -6.5278E+00  0.0000E+00  0.0000E+00  0.0000E+00
    1    3  3.1543E-01 -2.3639E+00 -6.2397E+00  0.0000E+00  0.0000E+00  0.0000E+00
    1    3  3.2011E-01 -2.2815E+00 -5.9515E+00  0.0000E+00  0.0000E+00  0.0000E+00
    1    3  3.2479E-01 -2.1991E+00 -5.6633E+00  0.0000E+00  0.0000E+00  0.0000E+00
    1    3  3.2947E-01 -2.1167E+00 -5.3752E+00  0.0000E+00  0.0000E+00  0.0000E+00
    1    3  3.3416E-01 -2.0343E+00 -5.0870E+00  0.0000E+00  0.0000E+00  0.0000E+00
    1    3  3.3884E-01 -1.9519E+00 -4.7988E+00  0.0000E+00  0.0000E+00  0.0000E+00
    1    3  3.4352E-01 -1.8695E+00 -4.5106E+00  0.0000E+00  0.0000E+00  0.0000E+00
    1    3  3.4820E-01 -1.7871E+00 -4.2224E+00  0.0000E+00  0.0000E+00  0.0000E+00
    1    3  3.5288E-01 -1.7047E+00 -3.9342E+00  0.0000E+00  0.0000E+00  0.0000E+00
    1    3  3.5757E-01 -1.6223E+00 -3.6460E+00  0.0000E+00  0.0000E+00  0.0000E+00
    1    3  3.6225E-01 -1.5399E+00 -3.3578E+00  0.0000E+00  0.0000E+00  0.0000E+00
    1    3  3.6693E-01 -1.4575E+00 -3.0695E+00  0.0000E+00  0.0000E+00  0.0000E+00
    1    3  3.7161E-01 -1.3750E+00 -2.7813E+00  0.0000E+00  0.0000E+00  0.0000E+00
    1    3  3.7629E-01 -1.2926E+00 -2.4931E+00  0.0000E+00  0.0000E+00  0.0000E+00
    1    3  3.8097E-01 -1.2102E+00 -2.2048E+00  0.0000E+00  0.0000E+00  0.0000E+00
    1    3  3.8566E-01 -1.1278E+00 -1.9166E+00  0.0000E+00  0.0000E+00  0.0000E+00
    1    3  3.9034E-01 -1.0453E+00 -1.6283E+00  0.0000E+00  0.0000E+00  0.0000E+00
    1    3  3.9502E-01 -9.6289E-01 -1.3401E+00  0.0000E+00  0.0000E+00  0.0000E+00
    1    3  3.9970E-01 -8.8046E-01 -1.0518E+00  0.0000E+00  0.0000E+00  0.0000E+00
    1    3  4.0438E-01 -7.9803E-01 -7.6357E-01  0.0000E+00  0.0000E+00  0.0000E+00
    1    3  4.0907E-01 -7.1559E-01 -4.7532E-01  0.0000E+00  0.0000E+00  0.0000E+00
    1    3  4.1375E-01 -6.3316E-01 -1.8706E-01  0.0000E+00  0.0000E+00  0.0000E+00
    1    3  4.1843E-01 -5.5073E-01  1.0119E-01  0.0000E+00  0.0000E+00  0.0000E+00
    1    3  4.2311E-01 -4.6829E-01  3.8945E-01  0.0000E+00  0.0000E+00  0.0000E+00
    1    3  4.2779E-01 -3.8586E-01  6.7770E-01  0.0000E+00  0.0000E+00  0.0000E+00
    1    3  4.3247E-01 -3.0343E-01  9.6595E-01  0.0000E+00  0.0000E+00  0.0000E+00
    1    3  4.3716E-01 -2.2099E-01  1.2542E+00  0.0000E+00  0.0000E+00  0.0000E+00
    1    3  4.4184E-01 -1.3856E-01  1.5425E+00  0.0000E+00  0.0000E+00  0.0000E+00
    1    3  4.4652E-01 -5.6127E-02  1.8307E+00  0.0000E+00  0.0000E+00  0.0000E+00
    1    3  4.5120E-01  2.6306E-02  2.1190E+00  0.0000E+00  0.0000E+00  0.0000E+00
    1    3  4.5588E-01  1.0874E-01  2.4072E+00  0.0000E+00  0.0000E+00  0.0000E+00
    1    3  4.6056E-01  1.9117E-01  2.6955E+00  0.0000E+00  0.0000E+00  0.0000E+00
    1    3  4.6525E-01  2.7361E-01  2.9838E+00  0.0000E+00  0.0000E+00  0.0000E+00
    1    3  4.6993E-01  3.5604E-01  3.2720E+00  0.0000E+00  0.0000E+00  0.0000E+00
    1    3  4.7461E-01  4.3848E-01  3.5603E+00  0.0000E+00  0.0000E+00  0.0000E+00
    1    3  4.7929E-01  5.2091E-01  3.8486E+00  0.0000E+00  0.0000E+00  0.0000E+00
    1    3  4.8397E-01  6.0335E-01  4.1368E+00  0.0000E+00  0.0000E+00  0.0000E+00
    1    3  4.8865E-01  6.8578E-01  4.4251E+00  0.0000E+00  0.0000E+00  0.0000E+00
    1    3  4.9334E-01  7.6822E-01  4.7134E+00  0.0000E+00  0.0000E+00  0.0000E+00
    1    3  4.9802E-01  8.5065E-01  5.0017E+00  0.0000E+00  0.0000E+00  0.0000E+00
    1    3  5.0270E-01  9.3309E-01  5.2900E+00  0.0000E+00  0.0000E+00  0.0000E+00
    1    3  5.0738E-01  1.0155E+00  5.5782E+00  0.0000E+00  0.0000E+00  0.0000E+00
    1    3  5.1206E-01  1.0980E+00  5.8665E+00  0.0000E+00  0.0000E+00  0.0000E+00
    1    3  5.1674E-01  1.1804E+00  6.1548E+00  0.0000E+00  0.0000E+00  0.0000E+00
    1    3  5.2143E-01  1.2628E+00  6.4432E+00  0.0000E+00  0.0000E+00  0.0000E+00
    1    3  5.2611E-01  1.3453E+00  6.7315E+00  0.0000E+00  0.0000E+00  0.0000E+00
    1    3  5.3079E-01  1.4277E+00  7.0198E+00  0.0000E+00  0.0000E+00  0.0000E+00
    1    3  5.3547E-01  1.5102E+00  7.3081E+00  0.0000E+00  0.0000E+00  0.0000E+00
    1    3  5.4015E-01  1.5926E+00  7.5964E+00  0.0000E+00  0.0000E+00  0.0000E+00
    1    3  5.4483E-01  1.6751E+00  7.8847E+00  0.0000E+00  0.0000E+00  0.0000E+00
    1    3  5.4952E-01  1.7575E+00  8.1731E+00  0.0000E+00  0.0000E+00  0.0000E+00
    1    3  5.5420E-01  1.8400E+00  8.4614E+00  0.0000E+00  0.0000E+00  0.0000E+00
    1    3  5.5888E-01  1.9224E+00  8.7497E+00  0.0000E+00  0.0000E+00  0.0000E+00
    1    3  5.6356E-01  2.0048E+00  9.0381E+00  0.0000E+00  0.0000E+00  0.0000E+00
    1    3  5.6824E-01  2.0873E+00  9.3264E+00  0.0000E+00  0.0000E+00  0.0000E+00
    1    3  5.7292E-01  2.1697E+00  9.6147E+00  0.0000E+00  0.0000E+00  0.0000E+00
    1    3  5.7761E-01  2.2522E+00  9.9031E+00  0.0000E+00  0.0000E+00  0.0000E+00
    1    3  5.8229E-01  2.3346E+00  1.0191E+01  0.0000E+00  0.0000E+00  0.0000E+00
    1    3  5.8697E-01  2.4171E+00  1.0480E+01  0.0000E+00  0.0000E+00  0.0000E+00
    1    3  5.9165E-01  2.4995E+00  1.0768E+01  0.0000E+00  0.0000E+00  0.0000E+00
    1    3  5.9633E-01  2.5820E+00  1.1056E+01  0.0000E+00  0.0000E+00  0.0000E+00
    1    3  6.0101E-01  2.6644E+00  1.1345E+01  0.0000E+00  0.0000E+00  0.0000E+00
    1    3  6.0570E-01  2.7469E+00  1.1633E+01  0.0000E+00  0.0000E+00  0.0000E+00
    1    3  6.1038E-01  2.8293E+00  1.1921E+01  0.0000E+00  0.0000E+00  0.0000E+00
    1    3  6.1506E-01  2.9118E+00  1.2210E+01  0.0000E+00  0.0000E+00  0.0000E+00
    1    3  6.1974E-01  2.9942E+00  1.2498E+01  0.0000E+00  0.0000E+00  0.0000E+00
    1    3  6.2442E-01  3.0766E+00  1.2786E+01  0.0000E+00  0.0000E+00  0.0000E+00
    1    3  6.2910E-01  3.1591E+00  1.3075E+01  0.0000E+00  0.0000E+00  0.0000E+00
    1    3  6.3379E-01  3.2415E+00  1.3363E+01  0.0000E+00  0.0000E+00  0.0000E+00
    1    3  6.3847E-01  3.3240E+00  1.3651E+01  0.0000E+00  0.0000E+00  0.0000E+00
    1    3  6.4315E-01  3.4064E+00  1.3940E+01  0.0000E+00  0.0000E+00  0.0000E+00
    1    3  6.4783E-01  3.4889E+00  1.4228E+01  0.0000E+00  0.0000E+00  0.0000E+00
    1    3  6.5251E-01  3.5713E+00  1.4516E+01  0.0000E+00  0.0000E+00  0.0000E+00
    1    3  6.5719E-01  3.6537E+00  1.4805E+01  0.0000E+00  0.0000E+00  0.0000E+00
    1    3  6.6188E-01  3.7362E+00  1.5093E+01  0.0000E+00  0.0000E+00  0.0000E+00
    1    3  6.6656E-01  3.8186E+00  1.5381E+01  0.0000E+00  0.0000E+00  0.0000E+00
    1    3  6.7124E-01  3.9010E+00  1.5669E+01  0.0000E+00  0.0000E+00  0.0000E+00
    1    3  6.7592E-01  3.9835E+00  1.5958E+01  0.0000E+00  0.0000E+00  0.0000E+00
    1    3  6.8060E-01  4.0659E+00  1.6246E+01  0.0000E+00  0.0000E+00  0.0000E+00
    1    3  6.8528E-01  4.1483E+00  1.6534E+01  0.0000E+00  0.0000E+00  0.0000E+00
    1    3  6.8997E-01  4.2307E+00  1.6822E+01  0.0000E+00  0.0000E+00  0.0000E+00
    1    3  6.9465E-01  4.3132E+00  1.7111E+01  0.0000E+00  0.0000E+00  0.0000E+00
    1    3  6.9933E-01  4.3956E+00  1.7399E+01  0.0000E+00  0.0000E+00  0.0000E+00
    1    3  7.0401E-01  4.4780E+00  1.7687E+01  0.0000E+00  0.0000E+00  0.0000E+00
    1    3  7.0869E-01  4.5605E+00  1.7975E+01  0.0000E+00  0.0000E+00  0.0000E+00
    1    3  7.1338E-01  4.6429E+00  1.8264E+01  0.0000E+00  0.0000E+00  0.0000E+00
    1    3  7.1806E-01  4.7253E+00  1.8552E+01  0.0000E+00  0.0000E+00  0.0000E+00
    1    3  7.2274E-01  4.8077E+00  1.8840E+01  0.0000E+00  0.0000E+00  0.0000E+00
    1    3  7.2742E-01  4.8901E+00  1.9128E+01  0.0000E+00  0.0000E+00  0.0000E+00
    1    3  7.3210E-01  4.9726E+00  1.9417E+01  0.0000E+00  0.0000E+00  0.0000E+00
    1    3  7.3678E-01  5.0550E+00  1.9705E+01  0.0000E+00  0.0000E+00  0.0000E+00
    1    3  7.4147E-01  5.1374E+00  1.9993E+01  0.0000E+00  0.0000E+00  0.0000E+00
    1    3  7.4615E-01  5.2198E+00  2.0281E+01  0.0000E+00  0.0000E+00  0.0000E+00
    1    3  7.5083E-01  5.3023E+00  2.0570E+01  0.0000E+00  0.0000E+00  0.0000E+00
    1    3  7.5551E-01  5.3847E+00  2.0858E+01  0.0000E+00  0.0000E+00  0.0000E+00
    1    3  7.6019E-01  5.4671E+00  2.1146E+01  0.0000E+00  0.0000E+00  0.0000E+00
    1    3  7.6487E-01  5.5495E+00  2.1434E+01  0.0000E+00  0.0000E+00  0.0000E+00
    1    3  7.6956E-01  5.6320E+00  2.1723E+01  0.0000E+00  0.0000E+00  0.0000E+00
    1    3  7.7424E-01  5.7144E+00  2.2011E+01  0.0000E+00  0.0000E+00  0.0000E+00
    1    3  7.7892E-01  5.7968E+00  2.2299E+01  0.0000E+00  0.0000E+00  0.0000E+00
    1    3  7.8360E-01  5.8792E+00  2.2587E+01  0.0000E+00  0.0000E+00  0.0000E+00
    1    3  7.8828E-01  5.9617E+00  2.2875E+01  0.0000E+00  0.0000E+00  0.0000E+00
    1    3  7.9296E-01  6.0441E+00  2.3164E+01  0.0000E+00  0.0000E+00  0.0000E+00
    1    3  7.9765E-01  6.1265E+00  2.3452E+01  0.0000E+00  0.0000E+00  0.0000E+00
    1    3  8.0233E-01  6.2089E+00  2.3740E+01  0.0000E+00  0.0000E+00  0.0000E+00
    1    3  8.0701E-01  6.2914E+00  2.4028E+01  0.0000E+00  0.0000E+00  0.0000E+00
    1    3  8.1169E-01  6.3738E+00  2.4317E+01  0.0000E+00  0.0000E+00  0.0000E+00
    1    3  8.1637E-01  6.4562E+00  2.4605E+01  0.0000E+00  0.0000E+00  0.0000E+00
    1    3  8.2105E-01  6.5387E+00  2.4893E+01  0.0000E+00  0.0000E+00  0.0000E+00
    1    3  8.2574E-01  6.6211E+00  2.5182E+01  0.0000E+00  0.0000E+00  0.0000E+00
    1    3  8.3042E-01  6.7035E+00  2.5470E+01  0.0000E+00  0.0000E+00  0.0000E+00
    1    3  8.3510E-01  6.7859E+00  2.5758E+01  0.0000E+00  0.0000E+00  0.0000E+00
    1    3  8.3978E-01  6.8684E+00  2.6046E+01  0.0000E+00  0.0000E+00  0.0000E+00
    1    3  8.4446E-01  6.9508E+00  2.6335E+01  0.0000E+00  0.0000E+00  0.0000E+00
    1    3  8.4914E-01  7.0332E+00  2.6623E+01  0.0000E+00  0.0000E+00  0.0000E+00
    1    3  8.5383E-01  7.1157E+00  2.6911E+01  0.0000E+00  0.0000E+00  0.0000E+00
    1    3  8.5851E-01  7.1981E+00  2.7199E+01  0.0000E+00  0.0000E+00  0.0000E+00
    1    3  8.6319E-01  7.2805E+00  2.7488E+01  0.0000E+00  0.0000E+00  0.0000E+00
    1    3  8.6787E-01  7.3629E+00  2.7776E+01  0.0000E+00  0.0000E+00  0.0000E+00
    1    3  8.7255E-01  7.4454E+00  2.8064E+01  0.0000E+00  0.0000E+00  0.0000E+00
    1    3  8.7723E-01  7.5278E+00  2.8352E+01  0.0000E+00  0.0000E+00  0.0000E+00
    1    3  8.8192E-01  7.6102E+00  2.8641E+01  0.0000E+00  0.0000E+00  0.0000E+00
    1    3  8.8660E-01  7.6927E+00  2.8929E+01  0.0000E+00  0.0000E+00  0.0000E+00
    1    3  8.9128E-01  7.7751E+00  2.9217E+01  0.0000E+00  0.0000E+00  0.0000E+00
    1    3  8.9596E-01  7.8575E+00  2.9506E+01  0.0000E+00  0.0000E+00  0.0000E+00
    1    3  9.0064E-01  7.9400E+00  2.9794E+01  0.0000E+00  0.0000E+00  0.0000E+00
    1    3  9.0532E-01  8.0224E+00  3.0082E+01  0.0000E+00  0.0000E+00  0.0000E+00
    1    3  9.1001E-01  8.1048E+00  3.0370E+01  0.0000E+00  0.0000E+00  0.0000E+00
    1    3  9.1469E-01  8.1872E+00  3.0659E+01  0.0000E+00  0.0000E+00  0.0000E+00
    1    3  9.1937E-01  8.2697E+00  3.0947E+01  0.0000E+00  0.0000E+00  0.0000E+00
    1    3  9.2405E-01  8.3521E+00  3.1235E+01  0.0000E+00  0.0000E+00  0.0000E+00
    1    3  9.2873E-01  8.4345E+00  3.1524E+01  0.0000E+00  0.0000E+00  0.0000E+00
    1    3  9.3341E-01  8.5170E+00  3.1812E+01  0.0000E+00  0.0000E+00  0.0000E+00
    1    3  9.3810E-01  8.5994E+00  3.2100E+01  0.0000E+00  0.0000E+00  0.0000E+00
    1    3  9.4278E-01  8.6818E+00  3.2388E+01  0.0000E+00  0.0000E+00  0.0000E+00
    1    3  9.4746E-01  8.7643E+00  3.2677E+01  0.0000E+00  0.0000E+00  0.0000E+00
    1    3  9.5214E-01  8.8467E+00  3.2965E+01  0.0000E+00  0.0000E+00  0.0000E+00
    1    3  9.5682E-01  8.9291E+00  3.3253E+01  0.0000E+00  0.0000E+00  0.0000E+00
    1    3  9.6151E-01  9.0115E+00  3.3541E+01  0.0000E+00  0.0000E+00  0.0000E+00
    1    3  9.6619E-01  9.0940E+00  3.3830E+01  0.0000E+00  0.0000E+00  0.0000E+00
    1    3  9.7087E-01  9.1764E+00  3.4118E+01  0.0000E+00  0.0000E+00  0.0000E+00
    1    3  9.7555E-01  9.2588E+00  3.4406E+01  0.0000E+00  0.0000E+00  0.0000E+00
    1    3  9.8023E-01  9.3413E+00  3.4695E+01  0.0000E+00  0.0000E+00  0.0000E+00
    1    3  9.8491E-01  9.4237E+00  3.4983E+01  0.0000E+00  0.0000E+00  0.0000E+00
    1    3  9.8960E-01  9.5061E+00  3.5271E+01  0.0000E+00  0.0000E+00  0.0000E+00
    1    3  9.9428E-01  9.5886E+00  3.5559E+01  0.0000E+00  0.0000E+00  0.0000E+00
    1    3  9.9896E-01  9.6710E+00  3.5848E+01  0.0000E+00  0.0000E+00  0.0000E+00
    1    3  1.0036E+00  9.7534E+00  3.6136E+01  0.0000E+00  0.0000E+00  0.0000E+00
    1    3  1.0083E+00  9.8359E+00  3.6424E+01  0.0000E+00  0.0000E+00  0.0000E+00
    1    3  1.0130E+00  9.9183E+00  3.6712E+01  0.0000E+00  0.0000E+00  0.0000E+00
    1    3  1.0177E+00  1.0001E+01  3.7001E+01  0.0000E+00  0.0000E+00  0.0000E+00
    1    3  1.0224E+00  1.0083E+01  3.7289E+01  0.0000E+00  0.0000E+00  0.0000E+00
    1    3  1.0270E+00  1.0166E+01  3.7577E+01  0.0000E+00  0.0000E+00  0.0000E+00
    1    3  1.0317E+00  1.0248E+01  3.7866E+01  0.0000E+00  0.0000E+00  0.0000E+00
    1    3  1.0364E+00  1.0330E+01  3.8154E+01  0.0000E+00  0.0000E+00  0.0000E+00
    1    3  1.0411E+00  1.0413E+01  3.8442E+01  0.0000E+00  0.0000E+00  0.0000E+00
    1    3  1.0458E+00  1.0495E+01  3.8730E+01  0.0000E+00  0.0000E+00  0.0000E+00
    1    3  1.0505E+00  1.0578E+01  3.9019E+01  0.0000E+00  0.0000E+00  0.0000E+00
    1    3  1.0551E+00  1.0660E+01  3.9307E+01  0.0000E+00  0.0000E+00  0.0000E+00
    1    3  1.0598E+00  1.0743E+01  3.9595E+01  0.0000E+00  0.0000E+00  0.0000E+00
    1    3  1.0645E+00  1.0825E+01  3.9883E+01  0.0000E+00  0.0000E+00  0.0000E+00
    1    3  1.0692E+00  1.0907E+01  4.0172E+01  0.0000E+00  0.0000E+00  0.0000E+00
    1    3  1.0739E+00  1.0990E+01  4.0460E+01  0.0000E+00  0.0000E+00  0.0000E+00
    1    3  1.0785E+00  1.1072E+01  4.0748E+01  0.0000E+00  0.0000E+00  0.0000E+00
    1    3  1.0832E+00  1.1155E+01  4.1037E+01  0.0000E+00  0.0000E+00  0.0000E+00
    1    3  1.0879E+00  1.1237E+01  4.1325E+01  0.0000E+00  0.0000E+00  0.0000E+00
    1    3  1.0926E+00  1.1320E+01  4.1613E+01  0.0000E+00  0.0000E+00  0.0000E+00
    1    3  1.0973E+00  1.1402E+01  4.1901E+01  0.0000E+00  0.0000E+00  0.0000E+00
    1    3  1.1020E+00  1.1484E+01  4.2190E+01  0.0000E+00  0.0000E+00  0.0000E+00
    1    3  1.1066E+00  1.1567E+01  4.2478E+01  0.0000E+00  0.0000E+00  0.0000E+00
    1    3  1.1113E+00  1.1649E+01  4.2766E+01  0.0000E+00  0.0000E+00  0.0000E+00
    1    3  1.1160E+00  1.1732E+01  4.3054E+01  0.0000E+00  0.0000E+00  0.0000E+00
    1    3  1.1207E+00  1.1814E+01  4.3343E+01  0.0000E+00  0.0000E+00  0.0000E+00
    1    3  1.1254E+00  1.1897E+01  4.3631E+01  0.0000E+00  0.0000E+00  0.0000E+00
    1    3  1.1300E+00  1.1979E+01  4.3919E+01  0.0000E+00  0.0000E+00  0.0000E+00
    1    3  1.1347E+00  1.2061E+01  4.4207E+01  0.0000E+00  0.0000E+00  0.0000E+00
    1    3  1.1394E+00  1.2144E+01  4.4496E+01  0.0000E+00  0.0000E+00  0.0000E+00
    1    3  1.1441E+00  1.2226E+01  4.4784E+01  0.0000E+00  0.0000E+00  0.0000E+00
    1    3  1.1488E+00  1.2309E+01  4.5072E+01  0.0000E+00  0.0000E+00  0.0000E+00
    1    3  1.1535E+00  1.2391E+01  4.5361E+01  0.0000E+00  0.0000E+00  0.0000E+00
    1    3  1.1581E+00  1.2474E+01  4.5649E+01  0.0000E+00  0.0000E+00  0.0000E+00
    1    3  1.1628E+00  1.2556E+01  4.5937E+01  0.0000E+00  0.0000E+00  0.0000E+00
    1    3  1.1675E+00  1.2638E+01  4.6225E+01  0.0000E+00  0.0000E+00  0.0000E+00
    1    3  1.1722E+00  1.2721E+01  4.6514E+01  0.0000E+00  0.0000E+00  0.0000E+00
    1    3  1.1769E+00  1.2803E+01  4.6802E+01  0.0000E+00  0.0000E+00  0.0000E+00
    1    3  1.1815E+00  1.2886E+01  4.7090E+01  0.0000E+00  0.0000E+00  0.0000E+00
    1    3  1.1862E+00  1.2968E+01  4.7378E+01  0.0000E+00  0.0000E+00  0.0000E+00
    1    3  1.1909E+00  1.3051E+01  4.7667E+01  0.0000E+00  0.0000E+00  0.0000E+00
    1    3  1.1956E+00  1.3133E+01  4.7955E+01  0.0000E+00  0.0000E+00  0.0000E+00
    1    3  1.2003E+00  1.3215E+01  4.8243E+01  0.0000E+00  0.0000E+00  0.0000E+00
    1    3  1.2050E+00  1.3298E+01  4.8532E+01  0.0000E+00  0.0000E+00  0.0000E+00
    1    3  1.2096E+00  1.3380E+01  4.8820E+01  0.0000E+00  0.0000E+00  0.0000E+00
    1    3  1.2143E+00  1.3463E+01  4.9108E+01  0.0000E+00  0.0000E+00  0.0000E+00
    1    3  1.2190E+00  1.3545E+01  4.9396E+01  0.0000E+00  0.0000E+00  0.0000E+00
    1    3  1.2237E+00  1.3628E+01  4.9685E+01  0.0000E+00  0.0000E+00  0.0000E+00
    1    3  1.2284E+00  1.3710E+01  4.9973E+01  0.0000E+00  0.0000E+00  0.0000E+00
    1    3  1.2330E+00  1.3792E+01  5.0261E+01  0.0000E+00  0.0000E+00  0.0000E+00
    1    3  1.2377E+00  1.3875E+01  5.0549E+01  0.0000E+00  0.0000E+00  0.0000E+00
    1    3  1.2424E+00  1.3957E+01  5.0838E+01  0.0000E+00  0.0000E+00  0.0000E+00
    1    3  1.2471E+00  1.4040E+01  5.1126E+01  0.0000E+00  0.0000E+00  0.0000E+00
    1    3  1.2518E+00  1.4122E+01  5.1414E+01  0.0000E+00  0.0000E+00  0.0000E+00
    1    3  1.2565E+00  1.4205E+01  5.1703E+01  0.0000E+00  0.0000E+00  0.0000E+00
    1    3  1.2611E+00  1.4287E+01  5.1991E+01  0.0000E+00  0.0000E+00  0.0000E+00
    1    3  1.2658E+00  1.4370E+01  5.2279E+01  0.0000E+00  0.0000E+00  0.0000E+00
    1    3  1.2705E+00  1.4452E+01  5.2567E+01  0.0000E+00  0.0000E+00  0.0000E+00
    1    3  1.2752E+00  1.4534E+01  5.2856E+01  0.0000E+00  0.0000E+00  0.0000E+00
    1    3  1.2799E+00  1.4617E+01  5.3144E+01  0.0000E+00  0.0000E+00  0.0000E+00
    1    3  1.2845E+00  1.4699E+01  5.3432E+01  0.0000E+00  0.0000E+00  0.0000E+00
    1    3  1.2892E+00  1.4782E+01  5.3720E+01  0.0000E+00  0.0000E+00  0.0000E+00
    1    3  1.2939E+00  1.4864E+01  5.4009E+01  0.0000E+00  0.0000E+00  0.0000E+00
    1    3  1.2986E+00  1.4947E+01  5.4297E+01  0.0000E+00  0.0000E+00  0.0000E+00
    1    3  1.3033E+00  1.5029E+01  5.4585E+01  0.0000E+00  0.0000E+00  0.0000E+00
    1    3  1.3080E+00  1.5111E+01  5.4873E+01  0.0000E+00  0.0000E+00  0.0000E+00
    1    3  1.3126E+00  1.5194E+01  5.5162E+01  0.0000E+00  0.0000E+00  0.0000E+00
    1    3  1.3173E+00  1.5276E+01  5.5450E+01  0.0000E+00  0.0000E+00  0.0000E+00
    1    3  1.3220E+00  1.5359E+01  5.5738E+01  0.0000E+00  0.0000E+00  0.0000E+00
    1    3  1.3267E+00  1.5441E+01  5.6027E+01  0.0000E+00  0.0000E+00  0.0000E+00
    1    3  1.3314E+00  1.5524E+01  5.6315E+01  0.0000E+00  0.0000E+00  0.0000E+00
    1    3  1.3360E+00  1.5606E+01  5.6603E+01  0.0000E+00  0.0000E+00  0.0000E+00
    1    3  1.3407E+00  1.5688E+01  5.6891E+01  0.0000E+00  0.0000E+00  0.0000E+00
    1    3  1.3454E+00  1.5771E+01  5.7180E+01  0.0000E+00  0.0000E+00  0.0000E+00
    1    3  1.3501E+00  1.5853E+01  5.7468E+01  0.0000E+00  0.0000E+00  0.0000E+00
    1    3  1.3548E+00  1.5936E+01  5.7756E+01  0.0000E+00  0.0000E+00  0.0000E+00
    1    3  1.3594E+00  1.6018E+01  5.8044E+01  0.0000E+00  0.0000E+00  0.0000E+00
    1    3  1.3641E+00  1.6101E+01  5.8333E+01  0.0000E+00  0.0000E+00  0.0000E+00
    1    3  1.3688E+00  1.6183E+01  5.8621E+01  0.0000E+00  0.0000E+00  0.0000E+00
    1    3  1.3735E+00  1.6265E+01  5.8909E+01  0.0000E+00  0.0000E+00  0.0000E+00
    1    3  1.3782E+00  1.6348E+01  5.9198E+01  0.0000E+00  0.0000E+00  0.0000E+00
    1    3  1.3829E+00  1.6430E+01  5.9486E+01  0.0000E+00  0.0000E+00  0.0000E+00
    1    3  1.3875E+00  1.6513E+01  5.9774E+01  0.0000E+00  0.0000E+00  0.0000E+00
    1    3  1.3922E+00  1.6595E+01  6.0062E+01  0.0000E+00  0.0000E+00  0.0000E+00
    1    3  1.3969E+00  1.6678E+01  6.0351E+01  0.0000E+00  0.0000E+00  0.0000E+00
    1    3  1.4016E+00  1.6760E+01  6.0639E+01  0.0000E+00  0.0000E+00  0.0000E+00
    1    3  1.4063E+00  1.6842E+01  6.0927E+01  0.0000E+00  0.0000E+00  0.0000E+00
    1    3  1.4109E+00  1.6925E+01  6.1215E+01  0.0000E+00  0.0000E+00  0.0000E+00
    1    3  1.4156E+00  1.7007E+01  6.1504E+01  0.0000E+00  0.0000E+00  0.0000E+00
    1    3  1.4203E+00  1.7090E+01  6.1792E+01  0.0000E+00  0.0000E+00  0.0000E+00
    1    3  1.4250E+00  1.7172E+01  6.2080E+01  0.0000E+00  0.0000E+00  0.0000E+00
    1    3  1.4297E+00  1.7255E+01  6.2369E+01  0.0000E+00  0.0000E+00  0.0000E+00
    1    3  1.4344E+00  1.7337E+01  6.2657E+01  0.0000E+00  0.0000E+00  0.0000E+00
    1    3  1.4390E+00  1.7419E+01  6.2945E+01  0.0000E+00  0.0000E+00  0.0000E+00
    1    3  1.4437E+00  1.7502E+01  6.3233E+01  0.0000E+00  0.0000E+00  0.0000E+00
    1    3  1.4484E+00  1.7584E+01  6.3522E+01  0.0000E+00  0.0000E+00  0.0000E+00
    1    3  1.4531E+00  1.7667E+01  6.3810E+01  0.0000E+00  0.0000E+00  0.0000E+00
    1    3  1.4578E+00  1.7749E+01  6.4098E+01  0.0000E+00  0.0000E+00  0.0000E+00
    1    3  1.4624E+00  1.7832E+01  6.4386E+01  0.0000E+00  0.0000E+00  0.0000E+00
    1    3  1.4671E+00  1.7914E+01  6.4675E+01  0.0000E+00  0.0000E+00  0.0000E+00
    1    3  1.4718E+00  1.7996E+01  6.4963E+01  0.0000E+00  0.0000E+00  0.0000E+00
    1    3  1.4765E+00  1.8079E+01  6.5251E+01  0.0000E+00  0.0000E+00  0.0000E+00
    1    3  1.4812E+00  1.8161E+01  6.5539E+01  0.0000E+00  0.0000E+00  0.0000E+00
    1    3  1.4859E+00  1.8244E+01  6.5828E+01  0.0000E+00  0.0000E+00  0.0000E+00
    1    3  1.4905E+00  1.8326E+01  6.6116E+01  0.0000E+00  0.0000E+00  0.0000E+00
    1    3  1.4952E+00  1.8409E+01  6.6404E+01  0.0000E+00  0.0000E+00  0.0000E+00
    1    3  1.4999E+00  1.8491E+01  6.6693E+01  0.0000E+00  0.0000E+00  0.0000E+00
    1    3  1.5046E+00  1.8573E+01  6.6981E+01  0.0000E+00  0.0000E+00  0.0000E+00
    1    3  1.5093E+00  1.8656E+01  6.7269E+01  0.0000E+00  0.0000E+00  0.0000E+00
    1    3  1.5139E+00  1.8738E+01  6.7557E+01  0.0000E+00  0.0000E+00  0.0000E+00
    1    3  1.5186E+00  1.8821E+01  6.7846E+01  0.0000E+00  0.0000E+00  0.0000E+00
    1    3  1.5233E+00  1.8903E+01  6.8134E+01  0.0000E+00  0.0000E+00  0.0000E+00
    1    3  1.5280E+00  1.8986E+01  6.8422E+01  0.0000E+00  0.0000E+00  0.0000E+00
    1    3  1.5327E+00  1.9068E+01  6.8710E+01  0.0000E+00  0.0000E+00  0.0000E+00
    1    3  1.5374E+00  1.9150E+01  6.8999E+01  0.0000E+00  0.0000E+00  0.0000E+00
    1    3  1.5420E+00  1.9233E+01  6.9287E+01  0.0000E+00  0.0000E+00  0.0000E+00
    1    3  1.5467E+00  1.9315E+01  6.9575E+01  0.0000E+00  0.0000E+00  0.0000E+00
    1    3  1.5514E+00  1.9398E+01  6.9864E+01  0.0000E+00  0.0000E+00  0.0000E+00
    1    3  1.5561E+00  1.9480E+01  7.0152E+01  0.0000E+00  0.0000E+00  0.0000E+00
    1    3  1.5608E+00  1.9563E+01  7.0440E+01  0.0000E+00  0.0000E+00  0.0000E+00
    1    3  1.5654E+00  1.9645E+01  7.0728E+01  0.0000E+00  0.0000E+00  0.0000E+00
    1    3  1.5701E+00  1.9727E+01  7.1017E+01  0.0000E+00  0.0000E+00  0.0000E+00
    1    3  1.5748E+00  1.9810E+01  7.1305E+01  0.0000E+00  0.0000E+00  0.0000E+00
    1    3  1.5795E+00  1.9892E+01  7.1593E+01  0.0000E+00  0.0000E+00  0.0000E+00
    1    3  1.5842E+00  1.9975E+01  7.1881E+01  0.0000E+00  0.0000E+00  0.0000E+00
    1    3  1.5889E+00  2.0057E+01  7.2170E+01  0.0000E+00  0.0000E+00  0.0000E+00
    1    3  1.5935E+00  2.0140E+01  7.2458E+01  0.0000E+00  0.0000E+00  0.0000E+00
    1    3  1.5982E+00  2.0222E+01  7.2746E+01  0.0000E+00  0.0000E+00  0.0000E+00
    1    3  1.6029E+00  2.0304E+01  7.3034E+01  0.0000E+00  0.0000E+00  0.0000E+00
    1    3  1.6076E+00  2.0387E+01  7.3323E+01  0.0000E+00  0.0000E+00  0.0000E+00
    1    3  1.6123E+00  2.0469E+01  7.3611E+01  0.0000E+00  0.0000E+00  0.0000E+00
    1    3  1.6169E+00  2.0552E+01  7.3899E+01  0.0000E+00  0.0000E+00  0.0000E+00
    1    3  1.6216E+00  2.0634E+01  7.4188E+01  0.0000E+00  0.0000E+00  0.0000E+00
    1    3  1.6263E+00  2.0717E+01  7.4476E+01  0.0000E+00  0.0000E+00  0.0000E+00
    1    3  1.6310E+00  2.0799E+01  7.4764E+01  0.0000E+00  0.0000E+00  0.0000E+00
    1    3  1.6357E+00  2.0881E+01  7.5052E+01  0.0000E+00  0.0000E+00  0.0000E+00
    1    3  1.6404E+00  2.0964E+01  7.5341E+01  0.0000E+00  0.0000E+00  0.0000E+00
    1    3  1.6450E+00  2.1046E+01  7.5629E+01  0.0000E+00  0.0000E+00  0.0000E+00
    1    3  1.6497E+00  2.1129E+01  7.5917E+01  0.0000E+00  0.0000E+00  0.0000E+00
    1    3  1.6544E+00  2.1211E+01  7.6205E+01  0.0000E+00  0.0000E+00  0.0000E+00
    1    3  1.6591E+00  2.1294E+01  7.6494E+01  0.0000E+00  0.0000E+00  0.0000E+00
    1    3  1.6638E+00  2.1376E+01  7.6782E+01  0.0000E+00  0.0000E+00  0.0000E+00
    1    3  1.6684E+00  2.1459E+01  7.7070E+01  0.0000E+00  0.0000E+00  0.0000E+00
    1    3  1.6731E+00  2.1541E+01  7.7359E+01  0.0000E+00  0.0000E+00  0.0000E+00
    1    3  1.6778E+00  2.1623E+01  7.7647E+01  0.0000E+00  0.0000E+00  0.0000E+00
    1    3  1.6825E+00  2.1706E+01  7.7935E+01  0.0000E+00  0.0000E+00  0.0000E+00
    1    3  1.6872E+00  2.1788E+01  7.8223E+01  0.0000E+00  0.0000E+00  0.0000E+00
    1    3  1.6918E+00  2.1871E+01  7.8512E+01  0.0000E+00  0.0000E+00  0.0000E+00
    1    3  1.6965E+00  2.1953E+01  7.8800E+01  0.0000E+00  0.0000E+00  0.0000E+00
    1    3  1.7012E+00  2.2036E+01  7.9088E+01  0.0000E+00  0.0000E+00  0.0000E+00
    1    3  1.7059E+00  2.2118E+01  7.9376E+01  0.0000E+00  0.0000E+00  0.0000E+00
    1    3  1.7106E+00  2.2200E+01  7.9665E+01  0.0000E+00  0.0000E+00  0.0000E+00
    1    3  1.7153E+00  2.2283E+01  7.9953E+01  0.0000E+00  0.0000E+00  0.0000E+00
    1    3  1.7199E+00  2.2365E+01  8.0241E+01  0.0000E+00  0.0000E+00  0.0000E+00
    1    3  1.7246E+00  2.2448E+01  8.0530E+01  0.0000E+00  0.0000E+00  0.0000E+00
    1    3  1.7293E+00  2.2530E+01  8.0818E+01  0.0000E+00  0.0000E+00  0.0000E+00
    1    3  1.7340E+00  2.2613E+01  8.1106E+01  0.0000E+00  0.0000E+00  0.0000E+00
    1    3  1.7387E+00  2.2695E+01  8.1394E+01  0.0000E+00  0.0000E+00  0.0000E+00
    1    3  1.7433E+00  2.2777E+01  8.1683E+01  0.0000E+00  0.0000E+00  0.0000E+00
    1    3  1.7480E+00  2.2860E+01  8.1971E+01  0.0000E+00  0.0000E+00  0.0000E+00
    1    3  1.7527E+00  2.2942E+01  8.2259E+01  0.0000E+00  0.0000E+00  0.0000E+00
    1    3  1.7574E+00  2.3025E+01  8.2547E+01  0.0000E+00  0.0000E+00  0.0000E+00
    1    3  1.7621E+00  2.3107E+01  8.2836E+01  0.0000E+00  0.0000E+00  0.0000E+00
    1    3  1.7668E+00  2.3190E+01  8.3124E+01  0.0000E+00  0.0000E+00  0.0000E+00
    1    3  1.7714E+00  2.3272E+01  8.3412E+01  0.0000E+00  0.0000E+00  0.0000E+00
    1    3  1.7761E+00  2.3354E+01  8.3700E+01  0.0000E+00  0.0000E+00  0.0000E+00
    1    3  1.7808E+00  2.3437E+01  8.3989E+01  0.0000E+00  0.0000E+00  0.0000E+00
    1    3  1.7855E+00  2.3519E+01  8.4277E+01  0.0000E+00  0.0000E+00  0.0000E+00
    1    3  1.7902E+00  2.3602E+01  8.4565E+01  0.0000E+00  0.0000E+00  0.0000E+00
    1    3  1.7948E+00  2.3684E+01  8.4854E+01  0.0000E+00  0.0000E+00  0.0000E+00
    1    3  1.7995E+00  2.3767E+01  8.5142E+01  0.0000E+00  0.0000E+00  0.0000E+00
    1    3  1.8042E+00  2.3849E+01  8.5430E+01  0.0000E+00  0.0000E+00  0.0000E+00
    1    3  1.8089E+00  2.3931E+01  8.5718E+01  0.0000E+00  0.0000E+00  0.0000E+00
    1    3  1.8136E+00  2.4014E+01  8.6007E+01  0.0000E+00  0.0000E+00  0.0000E+00
    1    3  1.8183E+00  2.4096E+01  8.6295E+01  0.0000E+00  0.0000E+00  0.0000E+00
    1    3  1.8229E+00  2.4179E+01  8.6583E+01  0.0000E+00  0.0000E+00  0.0000E+00
    1    3  1.8276E+00  2.4261E+01  8.6871E+01  0.0000E+00  0.0000E+00  0.0000E+00
    1    3  1.8323E+00  2.4344E+01  8.7160E+01  0.0000E+00  0.0000E+00  0.0000E+00
    1    3  1.8370E+00  2.4426E+01  8.7448E+01  0.0000E+00  0.0000E+00  0.0000E+00
    1    3  1.8417E+00  2.4508E+01  8.7736E+01  0.0000E+00  0.0000E+00  0.0000E+00
    1    3  1.8463E+00  2.4591E+01  8.8025E+01  0.0000E+00  0.0000E+00  0.0000E+00
    1    3  1.8510E+00  2.4673E+01  8.8313E+01  0.0000E+00  0.0000E+00  0.0000E+00
    1    3  1.8557E+00  2.4756E+01  8.8601E+01  0.0000E+00  0.0000E+00  0.0000E+00
    1    3  1.8604E+00  2.4838E+01  8.8889E+01  0.0000E+00  0.0000E+00  0.0000E+00
    1    3  1.8651E+00  2.4921E+01  8.9178E+01  0.0000E+00  0.0000E+00  0.0000E+00
    1    3  1.8698E+00  2.5003E+01  8.9466E+01  0.0000E+00  0.0000E+00  0.0000E+00
    1    3  1.8744E+00  2.5085E+01  8.9754E+01  0.0000E+00  0.0000E+00  0.0000E+00
    1    3  1.8791E+00  2.5168E+01  9.0042E+01  0.0000E+00  0.0000E+00  0.0000E+00
    1    3  1.8838E+00  2.5250E+01  9.0331E+01  0.0000E+00  0.0000E+00  0.0000E+00
    1    3  1.8885E+00  2.5333E+01  9.0619E+01  0.0000E+00  0.0000E+00  0.0000E+00
    1    3  1.8932E+00  2.5415E+01  9.0907E+01  0.0000E+00  0.0000E+00  0.0000E+00
    1    3  1.8978E+00  2.5498E+01  9.1196E+01  0.0000E+00  0.0000E+00  0.0000E+00
    1    3  1.9025E+00  2.5580E+01  9.1484E+01  0.0000E+00  0.0000E+00  0.0000E+00
    1    3  1.9072E+00  2.5662E+01  9.1772E+01  0.0000E+00  0.0000E+00  0.0000E+00
    1    3  1.9119E+00  2.5745E+01  9.2060E+01  0.0000E+00  0.0000E+00  0.0000E+00
    1    3  1.9166E+00  2.5827E+01  9.2349E+01  0.0000E+00  0.0000E+00  0.0000E+00
    1    3  1.9213E+00  2.5910E+01  9.2637E+01  0.0000E+00  0.0000E+00  0.0000E+00
    1    3  1.9259E+00  2.5992E+01  9.2925E+01  0.0000E+00  0.0000E+00  0.0000E+00
    1    3  1.9306E+00  2.6075E+01  9.3213E+01  0.0000E+00  0.0000E+00  0.0000E+00
    1    3  1.9353E+00  2.6157E+01  9.3502E+01  0.0000E+00  0.0000E+00  0.0000E+00
    1    3  1.9400E+00  2.6239E+01  9.3790E+01  0.0000E+00  0.0000E+00  0.0000E+00
    1    3  1.9447E+00  2.6322E+01  9.4078E+01  0.0000E+00  0.0000E+00  0.0000E+00
    1    3  1.9493E+00  2.6404E+01  9.4366E+01  0.0000E+00  0.0000E+00  0.0000E+00
    1    3  1.9540E+00  2.6487E+01  9.4655E+01  0.0000E+00  0.0000E+00  0.0000E+00
    1    3  1.9587E+00  2.6569E+01  9.4943E+01  0.0000E+00  0.0000E+00  0.0000E+00
    1    3  1.9634E+00  2.6652E+01  9.5231E+01  0.0000E+00  0.0000E+00  0.0000E+00
    1    3  1.9681E+00  2.6734E+01  9.5520E+01  0.0000E+00  0.0000E+00  0.0000E+00
    1    3  1.9728E+00  2.6816E+01  9.5808E+01  0.0000E+00  0.0000E+00  0.0000E+00
    1    3  1.9774E+00  2.6899E+01  9.6096E+01  0.0000E+00  0.0000E+00  0.0000E+00
    1    3  1.9821E+00  2.6981E+01  9.6384E+01  0.0000E+00  0.0000E+00  0.0000E+00
    1    3  1.9868E+00  2.7064E+01  9.6673E+01  0.0000E+00  0.0000E+00  0.0000E+00
