    1    3  9.5709E-03 -1.2926E+01 -4.2054E+01  0.0000E+00  0.0000E+00  0.0000E+00
    1    3  1.1192E-02 -1.2752E+01 -4.1472E+01  0.0000E+00  0.0000E+00  0.0000E+00
    1    3  1.6562E-02 -1.2191E+01 -3.9596E+01  0.0000E+00  0.0000E+00  0.0000E+00
    1    3  2.7278E-02 -1.1154E+01 -3.6105E+01  0.0000E+00  0.0000E+00  0.0000E+00
    1    3  4.6067E-02 -9.5975E+00 -3.0843E+01  0.0000E+00  0.0000E+00  0.0000E+00
    1    3  7.5005E-02 -7.7541E+00 -2.4718E+01  0.0000E+00  0.0000E+00  0.0000E+00
    1    3  1.0988E-01 -6.2962E+00 -1.9868E+01  0.0000E+00  0.0000E+00  0.0000E+00
    1    3  1.4661E-01 -5.4169E+00 -1.6851E+01  0.0000E+00  0.0000E+00  0.0000E+00
    1    3  1.8387E-01 -4.7293E+00 -1.4439E+01  0.0000E+00  0.0000E+00  0.0000E+00
    1    3  2.2125E-01 -4.0783E+00 -1.2144E+01  0.0000E+00  0.0000E+00  0.0000E+00
    1    3  2.5863E-01 -3.4328E+00 -9.8662E+00  0.0000E+00  0.0000E+00  0.0000E+00
    1    3  2.9603E-01 -2.7889E+00 -7.5934E+00  0.0000E+00  0.0000E+00  0.0000E+00
    1    3  3.3342E-01 -2.1453E+00 -5.3212E+00  0.0000E+00  0.0000E+00  0.0000E+00
    1    3  3.7082E-01 -1.5014E+00 -3.0486E+00  0.0000E+00  0.0000E+00  0.0000E+00
    1    3  4.0822E-01 -8.5745E-01 -7.7560E-01  0.0000E+00  0.0000E+00  0.0000E+00
    1    3  4.4561E-01 -2.1342E-01  1.4974E+00  0.0000E+00  0.0000E+00  0.0000E+00
    1    3  4.8301E-01  4.3061E-01  3.7705E+00  0.0000E+00  0.0000E+00  0.0000E+00
    1    3  5.2040E-01  1.0747E+00  6.0437E+00  0.0000E+00  0.0000E+00  0.0000E+00
    1    3  5.5780E-01  1.7188E+00  8.3173E+00  0.0000E+00  0.0000E+00  0.0000E+00
    1    3  5.9519E-01  2.3629E+00  1.0591E+01  0.0000E+00  0.0000E+00  0.0000E+00
    1    3  6.3259E-01  3.0070E+00  1.2864E+01  0.0000E+00  0.0000E+00  0.0000E+00
    1    3  6.6998E-01  3.6510E+00  1.5138E+01  0.0000E+00  0.0000E+00  0.0000E+00
    1    3  7.0738E-01  4.2950E+00  1.7411E+01  0.0000E+00  0.0000E+00  0.0000E+00
    1    3  7.4477E-01  4.9389E+00  1.9684E+01  0.0000E+00  0.0000E+00  0.0000E+00
    1    3  7.8217E-01  5.5829E+00  2.1956E+01  0.0000E+00  0.0000E+00  0.0000E+00
    1    3  8.1956E-01  6.2269E+00  2.4229E+01  0.0000E+00  0.0000E+00  0.0000E+00
    1    3  8.5696E-01  6.8708E+00  2.6503E+01  0.0000E+00  0.0000E+00  0.0000E+00
    1    3  8.9435E-01  7.5148E+00  2.8776E+01  0.0000E+00  0.0000E+00  0.0000E+00
    1    3  9.3175E-01  8.1588E+00  3.1049E+01  0.0000E+00  0.0000E+00  0.0000E+00
    1    3  9.6914E-01  8.8028E+00  3.3322E+01  0.0000E+00  0.0000E+00  0.0000E+00
    1    3  1.0065E+00  9.4468E+00  3.5595E+01  0.0000E+00  0.0000E+00  0.0000E+00
    1    3  1.0439E+00  1.0091E+01  3.7868E+01  0.0000E+00  0.0000E+00  0.0000E+00
    1    3  1.0813E+00  1.0735E+01  4.0141E+01  0.0000E+00  0.0000E+00  0.0000E+00
    1    3  1.1187E+00  1.1379E+01  4.2414E+01  0.0000E+00  0.0000E+00  0.0000E+00
    1    3  1.1561E+00  1.2023E+01  4.4688E+01  0.0000E+00  0.0000E+00  0.0000E+00
    1    3  1.1935E+00  1.2667E+01  4.6961E+01  0.0000E+00  0.0000E+00  0.0000E+00
    1    3  1.2309E+00  1.3311E+01  4.9234E+01  0.0000E+00  0.0000E+00  0.0000E+00
    1    3  1.2683E+00  1.3955E+01  5.1507E+01  0.0000E+00  0.0000E+00  0.0000E+00
    1    3  1.3057E+00  1.4599E+01  5.3780E+01  0.0000E+00  0.0000E+00  0.0000E+00
    1    3  1.3431E+00  1.5243E+01  5.6053E+01  0.0000E+00  0.0000E+00  0.0000E+00
    1    3  1.3805E+00  1.5887E+01  5.8326E+01  0.0000E+00  0.0000E+00  0.0000E+00
    1    3  1.4179E+00  1.6531E+01  6.0599E+01  0.0000E+00  0.0000E+00  0.0000E+00
    1    3  1.4553E+00  1.7175E+01  6.2872E+01  0.0000E+00  0.0000E+00  0.0000E+00
    1    3  1.4927E+00  1.7819E+01  6.5146E+01  0.0000E+00  0.0000E+00  0.0000E+00
    1    3  1.5301E+00  1.8463E+01  6.7419E+01  0.0000E+00  0.0000E+00  0.0000E+00
    1    3  1.5675E+00  1.9107E+01  6.9692E+01  0.0000E+00  0.0000E+00  0.0000E+00
    1    3  1.6049E+00  1.9751E+01  7.1965E+01  0.0000E+00  0.0000E+00  0.0000E+00
    1    3  1.6423E+00  2.0395E+01  7.4238E+01  0.0000E+00  0.0000E+00  0.0000E+00
    1    3  1.6797E+00  2.1039E+01  7.6511E+01  0.0000E+00  0.0000E+00  0.0000E+00
    1    3  1.7170E+00  2.1683E+01  7.8784E+01  0.0000E+00  0.0000E+00  0.0000E+00
    1    3  1.7544E+00  2.2327E+01  8.1057E+01  0.0000E+00  0.0000E+00  0.0000E+00
    1    3  1.7918E+00  2.2971E+01  8.3330E+01  0.0000E+00  0.0000E+00  0.0000E+00
    1    3  1.8292E+00  2.3615E+01  8.5604E+01  0.0000E+00  0.0000E+00  0.0000E+00
    1    3  1.8666E+00  2.4259E+01  8.7877E+01  0.0000E+00  0.0000E+00  0.0000E+00
    1    3  1.9040E+00  2.4903E+01  9.0150E+01  0.0000E+00  0.0000E+00  0.0000E+00
    1    3  1.9414E+00  2.5547E+01  9.2423E+01  0.0000E+00  0.0000E+00  0.0000E+00
