    1    3  9.5709E-03  0.0000E+00  4.3996E+01  0.0000E+00  0.0000E+00  0.0000E+00
    1    3  1.0293E-02  0.0000E+00  4.3671E+01  0.0000E+00  0.0000E+00  0.0000E+00
    1    3  1.2762E-02  0.0000E+00  4.2558E+01  0.0000E+00  0.0000E+00  0.0000E+00
    1    3  1.7286E-02  0.0000E+00  4.0536E+01  0.0000E+00  0.0000E+00  0.0000E+00
    1    3  2.3943E-02  0.0000E+00  3.7619E+01  0.0000E+00  0.0000E+00  0.0000E+00
    1    3  3.2868E-02  0.0000E+00  3.3858E+01  0.0000E+00  0.0000E+00  0.0000E+00
    1    3  4.4256E-02  0.0000E+00  2.9419E+01  0.0000E+00  0.0000E+00  0.0000E+00
    1    3  5.8278E-02  0.0000E+00  2.4739E+01  0.0000E+00  0.0000E+00  0.0000E+00
    1    3  7.4743E-02  0.0000E+00  2.0560E+01  0.0000E+00  0.0000E+00  0.0000E+00
    1    3  9.2843E-02  0.0000E+00  1.7321E+01  0.0000E+00  0.0000E+00  0.0000E+00
    1    3  1.1176E-01  0.0000E+00  1.4770E+01  0.0000E+00  0.0000E+00  0.0000E+00
    1    3  1.3106E-01  0.0000E+00  1.2556E+01  0.0000E+00  0.0000E+00  0.0000E+00
    1    3  1.5053E-01  0.0000E+00  1.0486E+01  0.0000E+00  0.0000E+00  0.0000E+00
    1    3  1.7009E-01  0.0000E+00  8.4711E+00  0.0000E+00  0.0000E+00  0.0000E+00
    1    3  1.8969E-01  0.0000E+00  6.4774E+00  0.0000E+00  0.0000E+00  0.0000E+00
    1    3  2.0930E-01  0.0000E+00  4.4907E+00  0.0000E+00  0.0000E+00  0.0000E+00
    1    3  2.2892E-01  0.0000E+00  2.5060E+00  0.0000E+00  0.0000E+00  0.0000E+00
    1    3  2.4853E-01  0.0000E+00  5.2189E-01  0.0000E+00  0.0000E+00  0.0000E+00
    1    3  2.6815E-01  0.0000E+00 -1.4621E+00  0.0000E+00  0.0000E+00  0.0000E+00
    1    3  2.8777E-01  0.0000E+00 -3.4462E+00  0.0000E+00  0.0000E+00  0.0000E+00
    1    3  3.0739E-01  0.0000E+00 -5.4303E+00  0.0000E+00  0.0000E+00  0.0000E+00
    1    3  3.2701E-01  0.0000E+00 -7.4143E+00  0.0000E+00  0.0000E+00  0.0000E+00
    1    3  3.4663E-01  0.0000E+00 -9.3981E+00  0.0000E+00  0.0000E+00  0.0000E+00
    1    3  3.6625E-01  0.0000E+00 -1.1382E+01  0.0000E+00  0.0000E+00  0.0000E+00
    1    3  3.8587E-01  0.0000E+00 -1.3365E+01  0.0000E+00  0.0000E+00  0.0000E+00
    1    3  4.0549E-01  0.0000E+00 -1.5348E+01  0.0000E+00  0.0000E+00  0.0000E+00
    1    3  4.2511E-01  0.0000E+00 -1.7330E+01  0.0000E+00  0.0000E+00  0.0000E+00
    1    3  4.4473E-01  0.0000E+00 -1.9313E+01  0.0000E+00  0.0000E+00  0.0000E+00
    1    3  4.6435E-01  0.0000E+00 -2.1296E+01  0.0000E+00  0.0000E+00  0.0000E+00
    1    3  4.8397E-01  0.0000E+00 -2.3279E+01  0.0000E+00  0.0000E+00  0.0000E+00
    1    3  5.0359E-01  0.0000E+00 -2.5263E+01  0.0000E+00  0.0000E+00  0.0000E+00
    1    3  5.2321E-01  0.0000E+00 -2.7247E+01  0.0000E+00  0.0000E+00  0.0000E+00
    1    3  5.4283E-01  0.0000E+00 -2.9231E+01  0.0000E+00  0.0000E+00  0.0000E+00
    1    3  5.6245E-01  0.0000E+00 -3.1215E+01  0.0000E+00  0.0000E+00  0.0000E+00
    1    3  5.8207E-01  0.0000E+00 -3.3199E+01  0.0000E+00  0.0000E+00  0.0000E+00
    1    3  6.0169E-01  0.0000E+00 -3.5183E+01  0.0000E+00  0.0000E+00  0.0000E+00
    1    3  6.2131E-01  0.0000E+00 -3.7167E+01  0.0000E+00  0.0000E+00  0.0000E+00
    1    3  6.4093E-01  0.0000E+00 -3.9152E+01  0.0000E+00  0.0000E+00  0.0000E+00
    1    3  6.6055E-01  0.0000E+00 -4.1136E+01  0.0000E+00  0.0000E+00  0.0000E+00
    1    3  6.8017E-01  0.0000E+00 -4.3120E+01  0.0000E+00  0.0000E+00  0.0000E+00
    1    3  6.9979E-01  0.0000E+00 -4.5104E+01  0.0000E+00  0.0000E+00  0.0000E+00
    1    3  7.1941E-01  0.0000E+00 -4.7088E+01  0.0000E+00  0.0000E+00  0.0000E+00
    1    3  7.3903E-01  0.0000E+00 -4.9073E+01  0.0000E+00  0.0000E+00  0.0000E+00
    1    3  7.5865E-01  0.0000E+00 -5.1057E+01  0.0000E+00  0.0000E+00  0.0000E+00
    1    3  7.7827E-01  0.0000E+00 -5.3041E+01  0.0000E+00  0.0000E+00  0.0000E+00
    1    3  7.9789E-01  0.0000E+00 -5.5025E+01  0.0000E+00  0.0000E+00  0.0000E+00
    1    3  8.1751E-01  0.0000E+00 -5.7010E+01  0.0000E+00  0.0000E+00  0.0000E+00
    1    3  8.3713E-01  0.0000E+00 -5.8994E+01  0.0000E+00  0.0000E+00  0.0000E+00
    1    3  8.5675E-01  0.0000E+00 -6.0978E+01  0.0000E+00  0.0000E+00  0.0000E+00
    1    3  8.7637E-01  0.0000E+00 -6.2962E+01  0.0000E+00  0.0000E+00  0.0000E+00
    1    3  8.9599E-01  0.0000E+00 -6.4946E+01  0.0000E+00  0.0000E+00  0.0000E+00
    1    3  9.1561E-01  0.0000E+00 -6.6931E+01  0.0000E+00  0.0000E+00  0.0000E+00
    1    3  9.3523E-01  0.0000E+00 -6.8915E+01  0.0000E+00  0.0000E+00  0.0000E+00
    1    3  9.5485E-01  0.0000E+00 -7.0899E+01  0.0000E+00  0.0000E+00  0.0000E+00
    1    3  9.7447E-01  0.0000E+00 -7.2883E+01  0.0000E+00  0.0000E+00  0.0000E+00
    1    3  9.9409E-01  0.0000E+00 -7.4868E+01  0.0000E+00  0.0000E+00  0.0000E+00
    1    3  1.0137E+00  0.0000E+00 -7.6852E+01  0.0000E+00  0.0000E+00  0.0000E+00
    1    3  1.0333E+00  0.0000E+00 -7.8836E+01  0.0000E+00  0.0000E+00  0.0000E+00
    1    3  1.0529E+00  0.0000E+00 -8.0820E+01  0.0000E+00  0.0000E+00  0.0000E+00
    1    3  1.0726E+00  0.0000E+00 -8.2804E+01  0.0000E+00  0.0000E+00  0.0000E+00
    1    3  1.0922E+00  0.0000E+00 -8.4789E+01  0.0000E+00  0.0000E+00  0.0000E+00
    1    3  1.1118E+00  0.0000E+00 -8.6773E+01  0.0000E+00  0.0000E+00  0.0000E+00
    1    3  1.1314E+00  0.0000E+00 -8.8757E+01  0.0000E+00  0.0000E+00  0.0000E+00
    1    3  1.1510E+00  0.0000E+00 -9.0741E+01  0.0000E+00  0.0000E+00  0.0000E+00
    1    3  1.1707E+00  0.0000E+00 -9.2725E+01  0.0000E+00  0.0000E+00  0.0000E+00
    1    3  1.1903E+00  0.0000E+00 -9.4710E+01  0.0000E+00  0.0000E+00  0.0000E+00
    1    3  1.2099E+00  0.0000E+00 -9.6694E+01  0.0000E+00  0.0000E+00  0.0000E+00
    1    3  1.2295E+00  0.0000E+00 -9.8678E+01  0.0000E+00  0.0000E+00  0.0000E+00
    1    3  1.2491E+00  0.0000E+00 -1.0066E+02  0.0000E+00  0.0000E+00  0.0000E+00
    1    3  1.2688E+00  0.0000E+00 -1.0265E+02  0.0000E+00  0.0000E+00  0.0000E+00
    1    3  1.2884E+00  0.0000E+00 -1.0463E+02  0.0000E+00  0.0000E+00  0.0000E+00
    1    3  1.3080E+00  0.0000E+00 -1.0661E+02  0.0000E+00  0.0000E+00  0.0000E+00
    1    3  1.3276E+00  0.0000E+00 -1.0860E+02  0.0000E+00  0.0000E+00  0.0000E+00
    1    3  1.3472E+00  0.0000E+00 -1.1058E+02  0.0000E+00  0.0000E+00  0.0000E+00
    1    3  1.3669E+00  0.0000E+00 -1.1257E+02  0.0000E+00  0.0000E+00  0.0000E+00
    1    3  1.3865E+00  0.0000E+00 -1.1455E+02  0.0000E+00  0.0000E+00  0.0000E+00
    1    3  1.4061E+00  0.0000E+00 -1.1654E+02  0.0000E+00  0.0000E+00  0.0000E+00
    1    3  1.4257E+00  0.0000E+00 -1.1852E+02  0.0000E+00  0.0000E+00  0.0000E+00
    1    3  1.4453E+00  0.0000E+00 -1.2050E+02  0.0000E+00  0.0000E+00  0.0000E+00
    1    3  1.4650E+00  0.0000E+00 -1.2249E+02  0.0000E+00  0.0000E+00  0.0000E+00
    1    3  1.4846E+00  0.0000E+00 -1.2447E+02  0.0000E+00  0.0000E+00  0.0000E+00
    1    3  1.5042E+00  0.0000E+00 -1.2646E+02  0.0000E+00  0.0000E+00  0.0000E+00
    1    3  1.5238E+00  0.0000E+00 -1.2844E+02  0.0000E+00  0.0000E+00  0.0000E+00
    1    3  1.5434E+00  0.0000E+00 -1.3043E+02  0.0000E+00  0.0000E+00  0.0000E+00
    1    3  1.5631E+00  0.0000E+00 -1.3241E+02  0.0000E+00  0.0000E+00  0.0000E+00
    1    3  1.5827E+00  0.0000E+00 -1.3439E+02  0.0000E+00  0.0000E+00  0.0000E+00
    1    3  1.6023E+00  0.0000E+00 -1.3638E+02  0.0000E+00  0.0000E+00  0.0000E+00
    1    3  1.6219E+00  0.0000E+00 -1.3836E+02  0.0000E+00  0.0000E+00  0.0000E+00
    1    3  1.6415E+00  0.0000E+00 -1.4035E+02  0.0000E+00  0.0000E+00  0.0000E+00
    1    3  1.6612E+00  0.0000E+00 -1.4233E+02  0.0000E+00  0.0000E+00  0.0000E+00
    1    3  1.6808E+00  0.0000E+00 -1.4432E+02  0.0000E+00  0.0000E+00  0.0000E+00
    1    3  1.7004E+00  0.0000E+00 -1.4630E+02  0.0000E+00  0.0000E+00  0.0000E+00
    1    3  1.7200E+00  0.0000E+00 -1.4828E+02  0.0000E+00  0.0000E+00  0.0000E+00
    1    3  1.7396E+00  0.0000E+00 -1.5027E+02  0.0000E+00  0.0000E+00  0.0000E+00
    1    3  1.7593E+00  0.0000E+00 -1.5225E+02  0.0000E+00  0.0000E+00  0.0000E+00
    1    3  1.7789E+00  0.0000E+00 -1.5424E+02  0.0000E+00  0.0000E+00  0.0000E+00
    1    3  1.7985E+00  0.0000E+00 -1.5622E+02  0.0000E+00  0.0000E+00  0.0000E+00
    1    3  1.8181E+00  0.0000E+00 -1.5820E+02  0.0000E+00  0.0000E+00  0.0000E+00
    1    3  1.8377E+00  0.0000E+00 -1.6019E+02  0.0000E+00  0.0000E+00  0.0000E+00
    1    3  1.8574E+00  0.0000E+00 -1.6217E+02  0.0000E+00  0.0000E+00  0.0000E+00
    1    3  1.8770E+00  0.0000E+00 -1.6416E+02  0.0000E+00  0.0000E+00  0.0000E+00
    1    3  1.8966E+00  0.0000E+00 -1.6614E+02  0.0000E+00  0.0000E+00  0.0000E+00
    1    3  1.9162E+00  0.0000E+00 -1.6813E+02  0.0000E+00  0.0000E+00  0.0000E+00
    1    3  1.9358E+00  0.0000E+00 -1.7011E+02  0.0000E+00  0.0000E+00  0.0000E+00
    1    3  1.9555E+00  0.0000E+00 -1.7209E+02  0.0000E+00  0.0000E+00  0.0000E+00
    1    3  1.9751E+00  0.0000E+00 -1.7408E+02  0.0000E+00  0.0000E+00  0.0000E+00
