  3.0831E-01  6.9580E-02  1.8307E-03  3.9859E-01  1.3883E+00  4.1110E-02 -9.9603E-01
  3.0970E-01  1.0474E-01  1.8561E-03  3.9674E-01  2.0262E+00  7.4592E-02 -1.6562E+00
  3.1111E-01  1.3110E-01  1.8892E-03  3.9402E-01  2.5165E+00  9.7349E-02 -2.2009E+00
  3.1256E-01  1.5356E-01  1.9242E-03  3.9051E-01  2.9015E+00  1.1140E-01 -2.6435E+00
  3.1392E-01  1.7212E-01  1.9544E-03  3.8669E-01  3.1776E+00  1.1849E-01 -2.9660E+00
  3.1535E-01  1.8970E-01  1.9820E-03  3.8226E-01  3.3952E+00  1.2109E-01 -3.2246E+00
  3.1674E-01  2.0532E-01  2.0038E-03  3.7766E-01  3.5485E+00  1.2053E-01 -3.4097E+00
  3.1814E-01  2.1997E-01  2.0206E-03  3.7280E-01  3.6573E+00  1.1789E-01 -3.5440E+00
  3.1953E-01  2.3364E-01  2.0324E-03  3.6781E-01  3.7283E+00  1.1403E-01 -3.6351E+00
  3.2100E-01  2.4729E-01  2.0401E-03  3.6242E-01  3.7713E+00  1.0914E-01 -3.6950E+00
  3.2233E-01  2.5901E-01  2.0431E-03  3.5750E-01  3.7873E+00  1.0433E-01 -3.7232E+00
  3.2371E-01  2.7073E-01  2.0428E-03  3.5233E-01  3.7857E+00  9.9133E-02 -3.7319E+00
  3.2516E-01  2.8245E-01  2.0391E-03  3.4693E-01  3.7682E+00  9.3679E-02 -3.7231E+00
  3.2654E-01  2.9319E-01  2.0327E-03  3.4182E-01  3.7397E+00  8.8569E-02 -3.7014E+00
  3.2796E-01  3.0393E-01  2.0235E-03  3.3657E-01  3.7008E+00  8.3453E-02 -3.6682E+00
  3.2940E-01  3.1443E-01  2.0119E-03  3.3131E-01  3.6539E+00  7.8525E-02 -3.6260E+00
  3.3078E-01  3.2420E-01  1.9990E-03  3.2634E-01  3.6036E+00  7.4074E-02 -3.5795E+00
  3.3220E-01  3.3396E-01  1.9842E-03  3.2129E-01  3.5479E+00  6.9797E-02 -3.5270E+00
  3.3350E-01  3.4275E-01  1.9692E-03  3.1671E-01  3.4939E+00  6.6126E-02 -3.4755E+00
  3.3499E-01  3.5252E-01  1.9510E-03  3.1157E-01  3.4304E+00  6.2274E-02 -3.4143E+00
  3.3636E-01  3.6131E-01  1.9332E-03  3.0692E-01  3.3708E+00  5.9029E-02 -3.3565E+00
  3.3776E-01  3.7010E-01  1.9144E-03  3.0225E-01  3.3095E+00  5.6005E-02 -3.2968E+00
  3.3919E-01  3.7889E-01  1.8944E-03  2.9757E-01  3.2470E+00  5.3212E-02 -3.2356E+00
  3.4060E-01  3.8739E-01  1.8743E-03  2.9305E-01  3.1859E+00  5.0734E-02 -3.1755E+00
  3.4192E-01  3.9520E-01  1.8551E-03  2.8889E-01  3.1294E+00  4.8656E-02 -3.1199E+00
  3.4340E-01  4.0385E-01  1.8332E-03  2.8430E-01  3.0670E+00  4.6572E-02 -3.0582E+00
  3.4476E-01  4.1166E-01  1.8130E-03  2.8016E-01  3.0109E+00  4.4885E-02 -3.0028E+00
  3.4614E-01  4.1948E-01  1.7923E-03  2.7604E-01  2.9553E+00  4.3376E-02 -2.9477E+00
  3.4754E-01  4.2729E-01  1.7713E-03  2.7193E-01  2.9005E+00  4.2037E-02 -2.8933E+00
  3.4897E-01  4.3510E-01  1.7501E-03  2.6784E-01  2.8466E+00  4.0859E-02 -2.8398E+00
  3.5040E-01  4.4288E-01  1.7287E-03  2.6380E-01  2.7939E+00  3.9833E-02 -2.7874E+00
  3.5180E-01  4.5038E-01  1.7080E-03  2.5992E-01  2.7442E+00  3.8967E-02 -2.7379E+00
  3.5320E-01  4.5779E-01  1.6874E-03  2.5611E-01  2.6962E+00  3.8213E-02 -2.6901E+00
  3.5451E-01  4.6462E-01  1.6684E-03  2.5261E-01  2.6529E+00  3.7590E-02 -2.6469E+00
  3.5600E-01  4.7236E-01  1.6469E-03  2.4868E-01  2.6050E+00  3.6947E-02 -2.5992E+00
  3.5733E-01  4.7919E-01  1.6279E-03  2.4523E-01  2.5638E+00  3.6415E-02 -2.5581E+00
  3.5880E-01  4.8663E-01  1.6073E-03  2.4150E-01  2.5199E+00  3.5852E-02 -2.5143E+00
  3.6016E-01  4.9346E-01  1.5884E-03  2.3809E-01  2.4806E+00  3.5320E-02 -2.4751E+00
  3.6153E-01  5.0030E-01  1.5697E-03  2.3471E-01  2.4419E+00  3.4744E-02 -2.4366E+00
  3.6292E-01  5.0714E-01  1.5510E-03  2.3135E-01  2.4040E+00  3.4078E-02 -2.3987E+00
  3.6432E-01  5.1397E-01  1.5325E-03  2.2801E-01  2.3664E+00  3.3278E-02 -2.3613E+00
  3.6572E-01  5.2081E-01  1.5141E-03  2.2470E-01  2.3291E+00  3.2287E-02 -2.3243E+00
  3.6714E-01  5.2764E-01  1.4958E-03  2.2142E-01  2.2917E+00  3.1043E-02 -2.2872E+00
  3.6858E-01  5.3448E-01  1.4777E-03  2.1816E-01  2.2539E+00  2.9483E-02 -2.2498E+00
  3.7000E-01  5.4123E-01  1.4599E-03  2.1497E-01  2.2158E+00  2.7563E-02 -2.2121E+00
  3.7140E-01  5.4782E-01  1.4427E-03  2.1189E-01  2.1773E+00  2.5257E-02 -2.1741E+00
  3.7280E-01  5.5437E-01  1.4257E-03  2.0887E-01  2.1372E+00  2.2525E-02 -2.1346E+00
  3.7420E-01  5.6087E-01  1.4089E-03  2.0589E-01  2.0950E+00  1.9479E-02 -2.0930E+00
  3.7560E-01  5.6734E-01  1.3922E-03  2.0298E-01  2.0500E+00  1.6540E-02 -2.0486E+00
  3.7700E-01  5.7376E-01  1.3753E-03  2.0014E-01  2.0019E+00  1.4767E-02 -2.0007E+00
  3.7840E-01  5.8015E-01  1.3582E-03  1.9736E-01  1.9503E+00  1.5774E-02 -1.9489E+00
  3.7980E-01  5.8650E-01  1.3406E-03  1.9465E-01  1.8951E+00  2.0056E-02 -1.8927E+00
  3.8120E-01  5.9282E-01  1.3220E-03  1.9203E-01  1.8363E+00  2.6576E-02 -1.8320E+00
  3.8250E-01  5.9868E-01  1.3036E-03  1.8967E-01  1.7787E+00  3.3617E-02 -1.7716E+00
  3.8400E-01  6.0537E-01  1.2807E-03  1.8706E-01  1.7099E+00  4.1905E-02 -1.6983E+00
  3.8532E-01  6.1123E-01  1.2588E-03  1.8485E-01  1.6473E+00  4.8831E-02 -1.6309E+00
  3.8680E-01  6.1781E-01  1.2322E-03  1.8247E-01  1.5749E+00  5.5733E-02 -1.5523E+00
  3.8813E-01  6.2367E-01  1.2068E-03  1.8045E-01  1.5090E+00  6.0814E-02 -1.4806E+00
  3.8960E-01  6.3016E-01  1.1771E-03  1.7831E-01  1.4346E+00  6.5066E-02 -1.4001E+00
  3.9094E-01  6.3602E-01  1.1493E-03  1.7648E-01  1.3665E+00  6.7586E-02 -1.3270E+00
  3.9240E-01  6.4243E-01  1.1182E-03  1.7458E-01  1.2912E+00  6.8850E-02 -1.2473E+00
  3.9374E-01  6.4829E-01  1.0895E-03  1.7294E-01  1.2220E+00  6.8661E-02 -1.1755E+00
  3.9520E-01  6.5464E-01  1.0590E-03  1.7127E-01  1.1472E+00  6.7051E-02 -1.0995E+00
  3.9655E-01  6.6050E-01  1.0317E-03  1.6983E-01  1.0788E+00  6.4349E-02 -1.0316E+00
  3.9800E-01  6.6680E-01  1.0039E-03  1.6838E-01  1.0069E+00  6.0265E-02 -9.6211E-01
  3.9935E-01  6.7266E-01  9.7976E-04  1.6711E-01  9.4214E-01  5.5523E-02 -9.0121E-01
  4.0071E-01  6.7852E-01  9.5751E-04  1.6593E-01  8.8046E-01  5.0063E-02 -8.4461E-01
  4.0220E-01  6.8496E-01  9.3535E-04  1.6471E-01  8.1732E-01  4.3513E-02 -7.8794E-01
  4.0356E-01  6.9082E-01  9.1738E-04  1.6367E-01  7.6537E-01  3.7393E-02 -7.4208E-01
  4.0492E-01  6.9668E-01  9.0144E-04  1.6268E-01  7.1932E-01  3.1390E-02 -7.0175E-01
  4.0640E-01  7.0308E-01  8.8623E-04  1.6167E-01  6.7641E-01  2.5309E-02 -6.6419E-01
  4.0776E-01  7.0894E-01  8.7414E-04  1.6079E-01  6.4372E-01  2.0345E-02 -6.3538E-01
  4.0912E-01  7.1480E-01  8.6359E-04  1.5994E-01  6.1698E-01  1.6084E-02 -6.1150E-01
  4.1060E-01  7.2116E-01  8.5364E-04  1.5905E-01  5.9379E-01  1.2254E-02 -5.9046E-01
  4.1196E-01  7.2702E-01  8.4564E-04  1.5826E-01  5.7697E-01  9.4222E-03 -5.7493E-01
  4.1332E-01  7.3288E-01  8.3853E-04  1.5748E-01  5.6361E-01  7.1646E-03 -5.6239E-01
  4.1480E-01  7.3923E-01  8.3164E-04  1.5666E-01  5.5223E-01  5.2631E-03 -5.5155E-01
  4.1616E-01  7.4509E-01  8.2588E-04  1.5591E-01  5.4395E-01  3.9257E-03 -5.4357E-01
  4.1753E-01  7.5095E-01  8.2057E-04  1.5518E-01  5.3731E-01  2.9153E-03 -5.3710E-01
  4.1900E-01  7.5729E-01  8.1523E-04  1.5439E-01  5.3158E-01  2.1459E-03 -5.3146E-01
  4.2036E-01  7.6314E-01  8.1059E-04  1.5367E-01  5.2732E-01  1.7049E-03 -5.2724E-01
  4.2173E-01  7.6900E-01  8.0618E-04  1.5295E-01  5.2383E-01  1.4963E-03 -5.2377E-01
  4.2320E-01  7.7534E-01  8.0161E-04  1.5218E-01  5.2077E-01  1.4697E-03 -5.2071E-01
  4.2456E-01  7.8120E-01  7.9754E-04  1.5147E-01  5.1844E-01  1.5481E-03 -5.1837E-01
  4.2593E-01  7.8706E-01  7.9359E-04  1.5077E-01  5.1651E-01  1.6658E-03 -5.1643E-01
  4.2740E-01  7.9339E-01  7.8942E-04  1.5001E-01  5.1478E-01  1.8008E-03 -5.1468E-01
  4.2876E-01  7.9924E-01  7.8565E-04  1.4931E-01  5.1344E-01  1.9189E-03 -5.1334E-01
  4.3013E-01  8.0510E-01  7.8194E-04  1.4861E-01  5.1233E-01  2.0252E-03 -5.1221E-01
  4.3160E-01  8.1143E-01  7.7800E-04  1.4786E-01  5.1131E-01  2.1261E-03 -5.1118E-01
  4.3296E-01  8.1729E-01  7.7439E-04  1.4716E-01  5.1053E-01  2.2075E-03 -5.1038E-01
  4.3433E-01  8.2315E-01  7.7082E-04  1.4646E-01  5.0987E-01  2.2787E-03 -5.0971E-01
  4.3580E-01  8.2948E-01  7.6700E-04  1.4571E-01  5.0927E-01  2.3460E-03 -5.0910E-01
  4.3716E-01  8.3534E-01  7.6349E-04  1.4502E-01  5.0881E-01  2.4006E-03 -5.0863E-01
  4.3853E-01  8.4119E-01  7.6000E-04  1.4433E-01  5.0842E-01  2.4483E-03 -5.0823E-01
  4.4000E-01  8.4752E-01  7.5626E-04  1.4358E-01  5.0807E-01  2.4927E-03 -5.0788E-01
  4.4136E-01  8.5338E-01  7.5282E-04  1.4289E-01  5.0781E-01  2.5283E-03 -5.0760E-01
  4.4273E-01  8.5924E-01  7.4939E-04  1.4219E-01  5.0759E-01  2.5590E-03 -5.0738E-01
  4.4420E-01  8.6556E-01  7.4570E-04  1.4145E-01  5.0739E-01  2.5873E-03 -5.0718E-01
  4.4700E-01  8.7759E-01  7.3873E-04  1.4003E-01  5.0713E-01  2.6289E-03 -5.0690E-01
