  3.0831E-01  6.9580E-02  1.8267E-03  3.9928E-01  1.8184E-01  5.4412E-03 -1.2990E-01
  3.0971E-01  1.0474E-01  1.8298E-03  3.9903E-01  2.8792E-01  1.1183E-02 -2.3029E-01
  3.1113E-01  1.3110E-01  1.8343E-03  3.9863E-01  3.9043E-01  1.6959E-02 -3.3025E-01
  3.1252E-01  1.5259E-01  1.8396E-03  3.9811E-01  4.8802E-01  2.2586E-02 -4.2652E-01
  3.1397E-01  1.7212E-01  1.8457E-03  3.9742E-01  5.8724E-01  2.8407E-02 -5.2494E-01
  3.1533E-01  1.8872E-01  1.8520E-03  3.9665E-01  6.7905E-01  3.3871E-02 -6.1631E-01
  3.1672E-01  2.0435E-01  1.8588E-03  3.9573E-01  7.7139E-01  3.9436E-02 -7.0837E-01
  3.1813E-01  2.1899E-01  1.8659E-03  3.9468E-01  8.6287E-01  4.5013E-02 -7.9967E-01
  3.1953E-01  2.3267E-01  1.8731E-03  3.9350E-01  9.5224E-01  5.0520E-02 -8.8895E-01
  3.2100E-01  2.4630E-01  1.8808E-03  3.9213E-01  1.0449E+00  5.6289E-02 -9.8156E-01
  3.2233E-01  2.5802E-01  1.8880E-03  3.9077E-01  1.1259E+00  6.1217E-02 -1.0630E+00
  3.2372E-01  2.6974E-01  1.8960E-03  3.8925E-01  1.2040E+00  6.5329E-02 -1.1431E+00
  3.2517E-01  2.8145E-01  1.9044E-03  3.8754E-01  1.2771E+00  6.8195E-02 -1.2200E+00
  3.2655E-01  2.9220E-01  1.9121E-03  3.8582E-01  1.3383E+00  6.9482E-02 -1.2860E+00
  3.2798E-01  3.0294E-01  1.9196E-03  3.8394E-01  1.3930E+00  6.9388E-02 -1.3466E+00
  3.2932E-01  3.1270E-01  1.9258E-03  3.8211E-01  1.4365E+00  6.8090E-02 -1.3960E+00
  3.3080E-01  3.2318E-01  1.9311E-03  3.8002E-01  1.4759E+00  6.5513E-02 -1.4418E+00
  3.3220E-01  3.3282E-01  1.9347E-03  3.7798E-01  1.5054E+00  6.2188E-02 -1.4770E+00
  3.3351E-01  3.4161E-01  1.9368E-03  3.7603E-01  1.5263E+00  5.8551E-02 -1.5027E+00
  3.3500E-01  3.5137E-01  1.9376E-03  3.7378E-01  1.5427E+00  5.4117E-02 -1.5239E+00
  3.3637E-01  3.6016E-01  1.9369E-03  3.7169E-01  1.5513E+00  5.0062E-02 -1.5361E+00
  3.3777E-01  3.6895E-01  1.9349E-03  3.6954E-01  1.5544E+00  4.5972E-02 -1.5422E+00
  3.3919E-01  3.7774E-01  1.9317E-03  3.6733E-01  1.5524E+00  4.1862E-02 -1.5426E+00
  3.4060E-01  3.8623E-01  1.9273E-03  3.6517E-01  1.5461E+00  3.7955E-02 -1.5384E+00
  3.4192E-01  3.9404E-01  1.9222E-03  3.6315E-01  1.5371E+00  3.4513E-02 -1.5310E+00
  3.4340E-01  4.0271E-01  1.9155E-03  3.6088E-01  1.5241E+00  3.0921E-02 -1.5193E+00
  3.4476E-01  4.1052E-01  1.9086E-03  3.5883E-01  1.5100E+00  2.7936E-02 -1.5061E+00
  3.4614E-01  4.1833E-01  1.9010E-03  3.5676E-01  1.4939E+00  2.5233E-02 -1.4908E+00
  3.4754E-01  4.2614E-01  1.8927E-03  3.5468E-01  1.4762E+00  2.2834E-02 -1.4737E+00
  3.4896E-01  4.3396E-01  1.8838E-03  3.5260E-01  1.4572E+00  2.0757E-02 -1.4552E+00
  3.5040E-01  4.4177E-01  1.8744E-03  3.5051E-01  1.4372E+00  1.8999E-02 -1.4355E+00
  3.5180E-01  4.4929E-01  1.8651E-03  3.4851E-01  1.4171E+00  1.7585E-02 -1.4158E+00
  3.5320E-01  4.5671E-01  1.8557E-03  3.4654E-01  1.3969E+00  1.6428E-02 -1.3957E+00
  3.5450E-01  4.6354E-01  1.8468E-03  3.4473E-01  1.3780E+00  1.5533E-02 -1.3770E+00
  3.5600E-01  4.7130E-01  1.8365E-03  3.4268E-01  1.3564E+00  1.4656E-02 -1.3555E+00
  3.5733E-01  4.7813E-01  1.8274E-03  3.4089E-01  1.3373E+00  1.3920E-02 -1.3365E+00
  3.5880E-01  4.8558E-01  1.8177E-03  3.3894E-01  1.3159E+00  1.2827E-02 -1.3152E+00
  3.6016E-01  4.9242E-01  1.8092E-03  3.3716E-01  1.2947E+00  1.1315E-02 -1.2942E+00
  3.6153E-01  4.9925E-01  1.8011E-03  3.3540E-01  1.2711E+00  9.6307E-03 -1.2707E+00
  3.6291E-01  5.0609E-01  1.7930E-03  3.3365E-01  1.2450E+00  9.4336E-03 -1.2446E+00
  3.6431E-01  5.1293E-01  1.7847E-03  3.3193E-01  1.2158E+00  1.2566E-02 -1.2151E+00
  3.6572E-01  5.1976E-01  1.7761E-03  3.3024E-01  1.1831E+00  1.8849E-02 -1.1816E+00
  3.6714E-01  5.2660E-01  1.7674E-03  3.2859E-01  1.1468E+00  2.7432E-02 -1.1436E+00
  3.6856E-01  5.3343E-01  1.7580E-03  3.2697E-01  1.1066E+00  3.7763E-02 -1.1003E+00
  3.7000E-01  5.4025E-01  1.7477E-03  3.2542E-01  1.0626E+00  4.9586E-02 -1.0515E+00
  3.7140E-01  5.4686E-01  1.7364E-03  3.2398E-01  1.0162E+00  6.2305E-02 -9.9820E-01
  3.7280E-01  5.5341E-01  1.7239E-03  3.2261E-01  9.6655E-01  7.5978E-02 -9.3875E-01
  3.7420E-01  5.5993E-01  1.7102E-03  3.2133E-01  9.1430E-01  9.0494E-02 -8.7297E-01
  3.7560E-01  5.6641E-01  1.6952E-03  3.2014E-01  8.6020E-01  1.0569E-01 -8.0056E-01
  3.7700E-01  5.7285E-01  1.6787E-03  3.1906E-01  8.0533E-01  1.2115E-01 -7.2153E-01
  3.7840E-01  5.7926E-01  1.6602E-03  3.1809E-01  7.5090E-01  1.3603E-01 -6.3659E-01
  3.7980E-01  5.8563E-01  1.6396E-03  3.1725E-01  6.9803E-01  1.4940E-01 -5.4689E-01
  3.8120E-01  5.9197E-01  1.6173E-03  3.1653E-01  6.4836E-01  1.6094E-01 -4.5346E-01
  3.8260E-01  5.9828E-01  1.5936E-03  3.1594E-01  6.0387E-01  1.7056E-01 -3.5701E-01
  3.8391E-01  6.0414E-01  1.5709E-03  3.1552E-01  5.6899E-01  1.7764E-01 -2.6537E-01
  3.8540E-01  6.1081E-01  1.5441E-03  3.1518E-01  5.3913E-01  1.8336E-01 -1.5958E-01
  3.8672E-01  6.1667E-01  1.5198E-03  3.1501E-01  5.2335E-01  1.8629E-01 -6.6129E-02
  3.8820E-01  6.2325E-01  1.4922E-03  3.1498E-01  5.1869E-01  1.8723E-01  3.8261E-02
  3.8953E-01  6.2911E-01  1.4679E-03  3.1507E-01  5.2617E-01  1.8598E-01  1.3004E-01
  3.9100E-01  6.3559E-01  1.4418E-03  3.1532E-01  5.4625E-01  1.8234E-01  2.2962E-01
  3.9233E-01  6.4145E-01  1.4194E-03  3.1567E-01  5.7338E-01  1.7717E-01  3.1676E-01
  3.9380E-01  6.4787E-01  1.3961E-03  3.1619E-01  6.1045E-01  1.6962E-01  4.0827E-01
  3.9514E-01  6.5372E-01  1.3761E-03  3.1678E-01  6.4903E-01  1.6108E-01  4.8808E-01
  3.9660E-01  6.6007E-01  1.3562E-03  3.1755E-01  6.9412E-01  1.5050E-01  5.6966E-01
  3.9795E-01  6.6593E-01  1.3396E-03  3.1835E-01  7.3745E-01  1.3982E-01  6.4030E-01
  3.9940E-01  6.7223E-01  1.3238E-03  3.1933E-01  7.8486E-01  1.2818E-01  7.1076E-01
  4.0075E-01  6.7809E-01  1.3110E-03  3.2033E-01  8.2865E-01  1.1765E-01  7.7105E-01
  4.0211E-01  6.8395E-01  1.3000E-03  3.2141E-01  8.7118E-01  1.0745E-01  8.2650E-01
  4.0360E-01  6.9040E-01  1.2897E-03  3.2268E-01  9.1597E-01  9.6700E-02  8.8228E-01
  4.0496E-01  6.9626E-01  1.2820E-03  3.2391E-01  9.5451E-01  8.7406E-02  9.2855E-01
  4.0632E-01  7.0211E-01  1.2757E-03  3.2519E-01  9.9072E-01  7.8603E-02  9.7081E-01
  4.0780E-01  7.0850E-01  1.2705E-03  3.2666E-01  1.0274E+00  6.9605E-02  1.0126E+00
  4.0916E-01  7.1436E-01  1.2670E-03  3.2807E-01  1.0585E+00  6.1926E-02  1.0473E+00
  4.1052E-01  7.2022E-01  1.2645E-03  3.2951E-01  1.0871E+00  5.4808E-02  1.0787E+00
  4.1200E-01  7.2657E-01  1.2629E-03  3.3113E-01  1.1153E+00  4.7719E-02  1.1092E+00
  4.1336E-01  7.3243E-01  1.2624E-03  3.3266E-01  1.1389E+00  4.1727E-02  1.1344E+00
  4.1473E-01  7.3829E-01  1.2626E-03  3.3422E-01  1.1601E+00  3.6254E-02  1.1568E+00
  4.1620E-01  7.4462E-01  1.2638E-03  3.3594E-01  1.1805E+00  3.0877E-02  1.1782E+00
  4.1756E-01  7.5047E-01  1.2656E-03  3.3756E-01  1.1973E+00  2.6366E-02  1.1956E+00
  4.1893E-01  7.5633E-01  1.2682E-03  3.3920E-01  1.2122E+00  2.2271E-02  1.2110E+00
  4.2040E-01  7.6265E-01  1.2717E-03  3.4099E-01  1.2265E+00  1.8165E-02  1.2258E+00
  4.2176E-01  7.6851E-01  1.2756E-03  3.4267E-01  1.2383E+00  1.4672E-02  1.2378E+00
  4.2313E-01  7.7437E-01  1.2800E-03  3.4437E-01  1.2486E+00  1.1589E-02  1.2483E+00
  4.2460E-01  7.8068E-01  1.2854E-03  3.4621E-01  1.2583E+00  8.9069E-03  1.2582E+00
  4.2597E-01  7.8654E-01  1.2908E-03  3.4794E-01  1.2661E+00  7.2470E-03  1.2660E+00
  4.2733E-01  7.9240E-01  1.2968E-03  3.4967E-01  1.2727E+00  6.6093E-03  1.2726E+00
  4.2880E-01  7.9870E-01  1.3037E-03  3.5154E-01  1.2786E+00  6.9866E-03  1.2785E+00
  4.3017E-01  8.0456E-01  1.3104E-03  3.5329E-01  1.2832E+00  7.8774E-03  1.2831E+00
  4.3153E-01  8.1042E-01  1.3173E-03  3.5505E-01  1.2869E+00  8.9259E-03  1.2868E+00
  4.3300E-01  8.1672E-01  1.3250E-03  3.5694E-01  1.2901E+00  1.0014E-02  1.2899E+00
  4.3437E-01  8.2258E-01  1.3323E-03  3.5870E-01  1.2925E+00  1.0880E-02  1.2923E+00
  4.3573E-01  8.2844E-01  1.3398E-03  3.6047E-01  1.2943E+00  1.1572E-02  1.2941E+00
  4.3720E-01  8.3474E-01  1.3480E-03  3.6237E-01  1.2958E+00  1.2149E-02  1.2956E+00
  4.3857E-01  8.4060E-01  1.3557E-03  3.6414E-01  1.2969E+00  1.2546E-02  1.2966E+00
  4.3993E-01  8.4646E-01  1.3635E-03  3.6591E-01  1.2978E+00  1.2897E-02  1.2975E+00
  4.4140E-01  8.5276E-01  1.3719E-03  3.6782E-01  1.2987E+00  1.3252E-02  1.2983E+00
  4.4277E-01  8.5862E-01  1.3797E-03  3.6959E-01  1.2993E+00  1.3557E-02  1.2990E+00
  4.4413E-01  8.6448E-01  1.3876E-03  3.7137E-01  1.2999E+00  1.3834E-02  1.2995E+00
  4.4700E-01  8.7678E-01  1.4043E-03  3.7509E-01  1.3008E+00  1.4317E-02  1.3004E+00
