  3.0831E-01  6.9580E-02  2.5538E-03  3.9893E-01  1.3957E+00  4.0059E-02 -1.0302E+00
  3.0970E-01  1.0474E-01  2.4236E-03  3.9701E-01  2.0536E+00  7.2639E-02 -1.7108E+00
  3.1111E-01  1.3110E-01  2.2762E-03  3.9421E-01  2.5564E+00  9.4480E-02 -2.2659E+00
  3.1256E-01  1.5356E-01  2.1227E-03  3.9061E-01  2.9485E+00  1.0785E-01 -2.7117E+00
  3.1392E-01  1.7212E-01  1.9823E-03  3.8670E-01  3.2275E+00  1.1442E-01 -3.0339E+00
  3.1535E-01  1.8970E-01  1.8430E-03  3.8217E-01  3.4453E+00  1.1666E-01 -3.2895E+00
  3.1674E-01  2.0532E-01  1.7176E-03  3.7749E-01  3.5972E+00  1.1590E-01 -3.4707E+00
  3.1814E-01  2.1997E-01  1.6010E-03  3.7254E-01  3.7035E+00  1.1318E-01 -3.6004E+00
  3.1953E-01  2.3364E-01  1.4946E-03  3.6748E-01  3.7716E+00  1.0935E-01 -3.6868E+00
  3.2100E-01  2.4729E-01  1.3922E-03  3.6203E-01  3.8112E+00  1.0455E-01 -3.7418E+00
  3.2233E-01  2.5901E-01  1.3079E-03  3.5705E-01  3.8241E+00  9.9869E-02 -3.7658E+00
  3.2371E-01  2.7072E-01  1.2274E-03  3.5183E-01  3.8193E+00  9.4820E-02 -3.7704E+00
  3.2516E-01  2.8244E-01  1.1510E-03  3.4639E-01  3.7986E+00  8.9540E-02 -3.7576E+00
  3.2654E-01  2.9318E-01  1.0849E-03  3.4124E-01  3.7673E+00  8.4603E-02 -3.7324E+00
  3.2796E-01  3.0393E-01  1.0225E-03  3.3595E-01  3.7256E+00  7.9673E-02 -3.6959E+00
  3.2940E-01  3.1443E-01  9.6520E-04  3.3066E-01  3.6761E+00  7.4937E-02 -3.6508E+00
  3.3078E-01  3.2420E-01  9.1507E-04  3.2566E-01  3.6236E+00  7.0669E-02 -3.6017E+00
  3.3220E-01  3.3396E-01  8.6793E-04  3.2060E-01  3.5657E+00  6.6574E-02 -3.5467E+00
  3.3350E-01  3.4275E-01  8.2798E-04  3.1599E-01  3.5099E+00  6.3066E-02 -3.4932E+00
  3.3499E-01  3.5252E-01  7.8619E-04  3.1084E-01  3.4446E+00  5.9388E-02 -3.4300E+00
  3.3636E-01  3.6130E-01  7.5080E-04  3.0617E-01  3.3835E+00  5.6293E-02 -3.3705E+00
  3.3776E-01  3.7009E-01  7.1738E-04  3.0150E-01  3.3208E+00  5.3412E-02 -3.3092E+00
  3.3919E-01  3.7888E-01  6.8579E-04  2.9681E-01  3.2570E+00  5.0756E-02 -3.2466E+00
  3.4060E-01  3.8739E-01  6.5685E-04  2.9228E-01  3.1948E+00  4.8404E-02 -3.1853E+00
  3.4192E-01  3.9520E-01  6.3153E-04  2.8812E-01  3.1374E+00  4.6434E-02 -3.1287E+00
  3.4340E-01  4.0385E-01  6.0480E-04  2.8352E-01  3.0740E+00  4.4464E-02 -3.0661E+00
  3.4476E-01  4.1166E-01  5.8174E-04  2.7938E-01  3.0172E+00  4.2871E-02 -3.0098E+00
  3.4614E-01  4.1947E-01  5.5958E-04  2.7526E-01  2.9611E+00  4.1449E-02 -2.9541E+00
  3.4754E-01  4.2729E-01  5.3823E-04  2.7115E-01  2.9057E+00  4.0189E-02 -2.8991E+00
  3.4897E-01  4.3510E-01  5.1760E-04  2.6706E-01  2.8512E+00  3.9082E-02 -2.8450E+00
  3.5040E-01  4.4288E-01  4.9770E-04  2.6302E-01  2.7982E+00  3.8121E-02 -2.7922E+00
  3.5180E-01  4.5037E-01  4.7903E-04  2.5914E-01  2.7481E+00  3.7312E-02 -2.7423E+00
  3.5320E-01  4.5778E-01  4.6103E-04  2.5533E-01  2.6998E+00  3.6610E-02 -2.6942E+00
  3.5451E-01  4.6462E-01  4.4478E-04  2.5184E-01  2.6563E+00  3.6030E-02 -2.6508E+00
  3.5600E-01  4.7236E-01  4.2676E-04  2.4791E-01  2.6082E+00  3.5432E-02 -2.6028E+00
  3.5733E-01  4.7919E-01  4.1115E-04  2.4446E-01  2.5668E+00  3.4936E-02 -2.5615E+00
  3.5880E-01  4.8663E-01  3.9448E-04  2.4073E-01  2.5228E+00  3.4409E-02 -2.5176E+00
  3.6016E-01  4.9346E-01  3.7944E-04  2.3733E-01  2.4833E+00  3.3911E-02 -2.4782E+00
  3.6153E-01  5.0030E-01  3.6470E-04  2.3395E-01  2.4446E+00  3.3367E-02 -2.4396E+00
  3.6292E-01  5.0713E-01  3.5030E-04  2.3060E-01  2.4065E+00  3.2739E-02 -2.4016E+00
  3.6432E-01  5.1397E-01  3.3630E-04  2.2726E-01  2.3689E+00  3.1979E-02 -2.3642E+00
  3.6572E-01  5.2081E-01  3.2280E-04  2.2396E-01  2.3315E+00  3.1031E-02 -2.3270E+00
  3.6714E-01  5.2764E-01  3.0994E-04  2.2067E-01  2.2940E+00  2.9839E-02 -2.2898E+00
  3.6858E-01  5.3448E-01  2.9788E-04  2.1742E-01  2.2561E+00  2.8335E-02 -2.2522E+00
  3.7000E-01  5.4123E-01  2.8698E-04  2.1424E-01  2.2178E+00  2.6471E-02 -2.2143E+00
  3.7140E-01  5.4782E-01  2.7757E-04  2.1116E-01  2.1790E+00  2.4230E-02 -2.1761E+00
  3.7280E-01  5.5437E-01  2.6976E-04  2.0814E-01  2.1386E+00  2.1550E-02 -2.1362E+00
  3.7420E-01  5.6087E-01  2.6393E-04  2.0517E-01  2.0959E+00  1.8513E-02 -2.0941E+00
  3.7560E-01  5.6733E-01  2.6050E-04  2.0226E-01  2.0504E+00  1.5501E-02 -2.0491E+00
  3.7700E-01  5.7376E-01  2.5993E-04  1.9942E-01  2.0014E+00  1.3558E-02 -2.0004E+00
  3.7840E-01  5.8015E-01  2.6268E-04  1.9665E-01  1.9487E+00  1.4422E-02 -1.9475E+00
  3.7980E-01  5.8650E-01  2.6918E-04  1.9396E-01  1.8919E+00  1.8721E-02 -1.8898E+00
  3.8120E-01  5.9282E-01  2.7974E-04  1.9135E-01  1.8312E+00  2.5318E-02 -1.8273E+00
  3.8250E-01  5.9868E-01  2.9337E-04  1.8900E-01  1.7716E+00  3.2453E-02 -1.7649E+00
  3.8400E-01  6.0537E-01  3.1335E-04  1.8640E-01  1.7000E+00  4.0904E-02 -1.6888E+00
  3.8532E-01  6.1123E-01  3.3444E-04  1.8422E-01  1.6349E+00  4.7962E-02 -1.6188E+00
  3.8680E-01  6.1781E-01  3.6156E-04  1.8186E-01  1.5596E+00  5.4999E-02 -1.5373E+00
  3.8813E-01  6.2367E-01  3.8811E-04  1.7986E-01  1.4913E+00  6.0136E-02 -1.4631E+00
  3.8960E-01  6.3016E-01  4.1940E-04  1.7776E-01  1.4145E+00  6.4344E-02 -1.3800E+00
  3.9094E-01  6.3602E-01  4.4860E-04  1.7596E-01  1.3443E+00  6.6707E-02 -1.3050E+00
  3.9240E-01  6.4243E-01  4.8079E-04  1.7410E-01  1.2671E+00  6.7694E-02 -1.2237E+00
  3.9374E-01  6.4829E-01  5.0979E-04  1.7249E-01  1.1965E+00  6.7163E-02 -1.1508E+00
  3.9520E-01  6.5464E-01  5.4006E-04  1.7087E-01  1.1205E+00  6.5116E-02 -1.0742E+00
  3.9655E-01  6.6050E-01  5.6646E-04  1.6946E-01  1.0514E+00  6.1977E-02 -1.0063E+00
  3.9800E-01  6.6679E-01  5.9270E-04  1.6804E-01  9.7917E-01  5.7447E-02 -9.3721E-01
  3.9935E-01  6.7265E-01  6.1475E-04  1.6681E-01  9.1474E-01  5.2346E-02 -8.7719E-01
  4.0071E-01  6.7851E-01  6.3423E-04  1.6566E-01  8.5407E-01  4.6652E-02 -8.2193E-01
  4.0220E-01  6.8496E-01  6.5250E-04  1.6447E-01  7.9287E-01  4.0021E-02 -7.6723E-01
  4.0356E-01  6.9082E-01  6.6613E-04  1.6346E-01  7.4333E-01  3.3994E-02 -7.2349E-01
  4.0492E-01  6.9668E-01  6.7699E-04  1.6251E-01  7.0016E-01  2.8243E-02 -6.8554E-01
  4.0640E-01  7.0307E-01  6.8588E-04  1.6151E-01  6.6051E-01  2.2537E-02 -6.5059E-01
  4.0776E-01  7.0893E-01  6.9160E-04  1.6065E-01  6.3074E-01  1.7981E-02 -6.2408E-01
  4.0912E-01  7.1479E-01  6.9531E-04  1.5981E-01  6.0657E-01  1.4122E-02 -6.0227E-01
  4.1060E-01  7.2116E-01  6.9743E-04  1.5894E-01  5.8575E-01  1.0699E-02 -5.8318E-01
  4.1196E-01  7.2702E-01  6.9795E-04  1.5815E-01  5.7067E-01  8.1859E-03 -5.6911E-01
  4.1332E-01  7.3288E-01  6.9736E-04  1.5739E-01  5.5870E-01  6.1979E-03 -5.5778E-01
  4.1480E-01  7.3922E-01  6.9574E-04  1.5657E-01  5.4848E-01  4.5360E-03 -5.4797E-01
  4.1616E-01  7.4508E-01  6.9352E-04  1.5583E-01  5.4101E-01  3.3778E-03 -5.4072E-01
  4.1753E-01  7.5094E-01  6.9076E-04  1.5510E-01  5.3501E-01  2.5240E-03 -5.3485E-01
  4.1900E-01  7.5728E-01  6.8728E-04  1.5431E-01  5.2981E-01  1.9050E-03 -5.2971E-01
  4.2036E-01  7.6314E-01  6.8370E-04  1.5359E-01  5.2592E-01  1.5892E-03 -5.2586E-01
  4.2173E-01  7.6900E-01  6.7986E-04  1.5288E-01  5.2274E-01  1.4799E-03 -5.2268E-01
  4.2320E-01  7.7533E-01  6.7545E-04  1.5211E-01  5.1993E-01  1.5144E-03 -5.1987E-01
  4.2456E-01  7.8119E-01  6.7119E-04  1.5140E-01  5.1779E-01  1.6142E-03 -5.1772E-01
  4.2593E-01  7.8705E-01  6.6678E-04  1.5070E-01  5.1601E-01  1.7346E-03 -5.1592E-01
  4.2740E-01  7.9338E-01  6.6189E-04  1.4994E-01  5.1441E-01  1.8637E-03 -5.1431E-01
  4.2876E-01  7.9924E-01  6.5725E-04  1.4924E-01  5.1317E-01  1.9732E-03 -5.1306E-01
  4.3013E-01  8.0510E-01  6.5254E-04  1.4854E-01  5.1213E-01  2.0708E-03 -5.1201E-01
  4.3160E-01  8.1143E-01  6.4738E-04  1.4779E-01  5.1119E-01  2.1629E-03 -5.1105E-01
  4.3296E-01  8.1729E-01  6.4254E-04  1.4709E-01  5.1046E-01  2.2370E-03 -5.1031E-01
  4.3433E-01  8.2315E-01  6.3765E-04  1.4639E-01  5.0984E-01  2.3020E-03 -5.0968E-01
  4.3580E-01  8.2947E-01  6.3233E-04  1.4564E-01  5.0929E-01  2.3634E-03 -5.0912E-01
  4.3716E-01  8.3533E-01  6.2736E-04  1.4495E-01  5.0886E-01  2.4136E-03 -5.0868E-01
  4.3853E-01  8.4119E-01  6.2236E-04  1.4426E-01  5.0850E-01  2.4576E-03 -5.0831E-01
  4.4000E-01  8.4752E-01  6.1693E-04  1.4351E-01  5.0818E-01  2.4986E-03 -5.0798E-01
  4.4136E-01  8.5338E-01  6.1188E-04  1.4282E-01  5.0793E-01  2.5314E-03 -5.0773E-01
  4.4273E-01  8.5923E-01  6.0680E-04  1.4212E-01  5.0773E-01  2.5596E-03 -5.0752E-01
  4.4420E-01  8.6556E-01  6.0131E-04  1.4138E-01  5.0756E-01  2.5854E-03 -5.0734E-01
  4.4700E-01  8.7759E-01  5.9082E-04  1.3996E-01  5.0732E-01  2.6228E-03 -5.0709E-01
