  3.0831E-01  6.9580E-02  2.5447E-03  3.9882E-01  1.5166E+00  4.2677E-02 -1.1366E+00
  3.0970E-01  1.0474E-01  2.4082E-03  3.9675E-01  2.1706E+00  7.4715E-02 -1.8282E+00
  3.1111E-01  1.3110E-01  2.2567E-03  3.9378E-01  2.6688E+00  9.6087E-02 -2.3807E+00
  3.1255E-01  1.5356E-01  2.1003E-03  3.9002E-01  3.0547E+00  1.0916E-01 -2.8199E+00
  3.1392E-01  1.7212E-01  1.9580E-03  3.8597E-01  3.3277E+00  1.1535E-01 -3.1361E+00
  3.1535E-01  1.8970E-01  1.8172E-03  3.8130E-01  3.5389E+00  1.1734E-01 -3.3848E+00
  3.1673E-01  2.0532E-01  1.6907E-03  3.7649E-01  3.6849E+00  1.1635E-01 -3.5597E+00
  3.1813E-01  2.1997E-01  1.5732E-03  3.7143E-01  3.7856E+00  1.1352E-01 -3.6834E+00
  3.1952E-01  2.3364E-01  1.4663E-03  3.6626E-01  3.8486E+00  1.0961E-01 -3.7645E+00
  3.2099E-01  2.4731E-01  1.3631E-03  3.6069E-01  3.8833E+00  1.0477E-01 -3.8144E+00
  3.2232E-01  2.5903E-01  1.2783E-03  3.5562E-01  3.8922E+00  1.0009E-01 -3.8341E+00
  3.2371E-01  2.7075E-01  1.1975E-03  3.5031E-01  3.8836E+00  9.5053E-02 -3.8348E+00
  3.2515E-01  2.8247E-01  1.1208E-03  3.4478E-01  3.8593E+00  8.9790E-02 -3.8183E+00
  3.2653E-01  2.9321E-01  1.0544E-03  3.3955E-01  3.8249E+00  8.4877E-02 -3.7900E+00
  3.2795E-01  3.0395E-01  9.9173E-04  3.3418E-01  3.7803E+00  7.9974E-02 -3.7505E+00
  3.2940E-01  3.1451E-01  9.3383E-04  3.2879E-01  3.7279E+00  7.5247E-02 -3.7025E+00
  3.3078E-01  3.2428E-01  8.8349E-04  3.2372E-01  3.6730E+00  7.1012E-02 -3.6510E+00
  3.3220E-01  3.3404E-01  8.3613E-04  3.1858E-01  3.6130E+00  6.6953E-02 -3.5939E+00
  3.3350E-01  3.4283E-01  7.9598E-04  3.1392E-01  3.5554E+00  6.3477E-02 -3.5385E+00
  3.3499E-01  3.5260E-01  7.5398E-04  3.0870E-01  3.4882E+00  5.9837E-02 -3.4733E+00
  3.3636E-01  3.6139E-01  7.1840E-04  3.0398E-01  3.4255E+00  5.6773E-02 -3.4123E+00
  3.3776E-01  3.7018E-01  6.8479E-04  2.9924E-01  3.3613E+00  5.3924E-02 -3.3495E+00
  3.3919E-01  3.7897E-01  6.5301E-04  2.9450E-01  3.2962E+00  5.1297E-02 -3.2855E+00
  3.4060E-01  3.8747E-01  6.2386E-04  2.8991E-01  3.2327E+00  4.8972E-02 -3.2230E+00
  3.4192E-01  3.9528E-01  5.9837E-04  2.8570E-01  3.1742E+00  4.7025E-02 -3.1653E+00
  3.4340E-01  4.0393E-01  5.7144E-04  2.8105E-01  3.1098E+00  4.5078E-02 -3.1015E+00
  3.4476E-01  4.1175E-01  5.4818E-04  2.7686E-01  3.0520E+00  4.3504E-02 -3.0443E+00
  3.4614E-01  4.1956E-01  5.2584E-04  2.7269E-01  2.9949E+00  4.2098E-02 -2.9877E+00
  3.4754E-01  4.2737E-01  5.0430E-04  2.6854E-01  2.9387E+00  4.0852E-02 -2.9318E+00
  3.4897E-01  4.3518E-01  4.8348E-04  2.6441E-01  2.8834E+00  3.9758E-02 -2.8769E+00
  3.5040E-01  4.4296E-01  4.6338E-04  2.6032E-01  2.8296E+00  3.8807E-02 -2.8233E+00
  3.5180E-01  4.5046E-01  4.4453E-04  2.5639E-01  2.7789E+00  3.8007E-02 -2.7728E+00
  3.5320E-01  4.5787E-01  4.2634E-04  2.5254E-01  2.7299E+00  3.7311E-02 -2.7240E+00
  3.5451E-01  4.6470E-01  4.0992E-04  2.4901E-01  2.6858E+00  3.6737E-02 -2.6800E+00
  3.5600E-01  4.7244E-01  3.9170E-04  2.4504E-01  2.6371E+00  3.6144E-02 -2.6315E+00
  3.5733E-01  4.7928E-01  3.7590E-04  2.4155E-01  2.5952E+00  3.5653E-02 -2.5896E+00
  3.5880E-01  4.8671E-01  3.5904E-04  2.3778E-01  2.5507E+00  3.5132E-02 -2.5452E+00
  3.6016E-01  4.9355E-01  3.4382E-04  2.3434E-01  2.5107E+00  3.4641E-02 -2.5053E+00
  3.6153E-01  5.0038E-01  3.2889E-04  2.3093E-01  2.4716E+00  3.4109E-02 -2.4663E+00
  3.6292E-01  5.0722E-01  3.1430E-04  2.2753E-01  2.4331E+00  3.3496E-02 -2.4279E+00
  3.6432E-01  5.1405E-01  3.0009E-04  2.2416E-01  2.3951E+00  3.2757E-02 -2.3901E+00
  3.6572E-01  5.2089E-01  2.8638E-04  2.2082E-01  2.3574E+00  3.1838E-02 -2.3526E+00
  3.6714E-01  5.2773E-01  2.7328E-04  2.1750E-01  2.3197E+00  3.0681E-02 -2.3151E+00
  3.6858E-01  5.3456E-01  2.6097E-04  2.1421E-01  2.2815E+00  2.9224E-02 -2.2773E+00
  3.7000E-01  5.4131E-01  2.4980E-04  2.1099E-01  2.2431E+00  2.7423E-02 -2.2393E+00
  3.7140E-01  5.4790E-01  2.4008E-04  2.0788E-01  2.2042E+00  2.5248E-02 -2.2010E+00
  3.7280E-01  5.5445E-01  2.3193E-04  2.0482E-01  2.1639E+00  2.2633E-02 -2.1612E+00
  3.7420E-01  5.6095E-01  2.2571E-04  2.0182E-01  2.1213E+00  1.9621E-02 -2.1192E+00
  3.7560E-01  5.6742E-01  2.2183E-04  1.9888E-01  2.0759E+00  1.6489E-02 -2.0744E+00
  3.7700E-01  5.7384E-01  2.2075E-04  1.9600E-01  2.0272E+00  1.4064E-02 -2.0261E+00
  3.7840E-01  5.8023E-01  2.2292E-04  1.9320E-01  1.9748E+00  1.3968E-02 -1.9737E+00
  3.7980E-01  5.8658E-01  2.2878E-04  1.9046E-01  1.9184E+00  1.7314E-02 -1.9166E+00
  3.8120E-01  5.9290E-01  2.3865E-04  1.8782E-01  1.8582E+00  2.3268E-02 -1.8548E+00
  3.8250E-01  5.9876E-01  2.5158E-04  1.8543E-01  1.7989E+00  2.9988E-02 -1.7930E+00
  3.8400E-01  6.0545E-01  2.7073E-04  1.8279E-01  1.7278E+00  3.8057E-02 -1.7179E+00
  3.8532E-01  6.1131E-01  2.9103E-04  1.8057E-01  1.6631E+00  4.4847E-02 -1.6487E+00
  3.8680E-01  6.1789E-01  3.1720E-04  1.7817E-01  1.5885E+00  5.1620E-02 -1.5683E+00
  3.8813E-01  6.2375E-01  3.4287E-04  1.7613E-01  1.5207E+00  5.6561E-02 -1.4952E+00
  3.8960E-01  6.3024E-01  3.7311E-04  1.7397E-01  1.4446E+00  6.0610E-02 -1.4134E+00
  3.9094E-01  6.3610E-01  4.0133E-04  1.7213E-01  1.3752E+00  6.2882E-02 -1.3395E+00
  3.9240E-01  6.4251E-01  4.3241E-04  1.7021E-01  1.2989E+00  6.3834E-02 -1.2595E+00
  3.9374E-01  6.4837E-01  4.6036E-04  1.6856E-01  1.2291E+00  6.3327E-02 -1.1878E+00
  3.9520E-01  6.5472E-01  4.8951E-04  1.6688E-01  1.1542E+00  6.1368E-02 -1.1124E+00
  3.9655E-01  6.6058E-01  5.1486E-04  1.6542E-01  1.0862E+00  5.8364E-02 -1.0456E+00
  3.9800E-01  6.6687E-01  5.3999E-04  1.6395E-01  1.0151E+00  5.4018E-02 -9.7766E-01
  3.9935E-01  6.7273E-01  5.6103E-04  1.6266E-01  9.5193E-01  4.9129E-02 -9.1861E-01
  4.0071E-01  6.7859E-01  5.7953E-04  1.6146E-01  8.9254E-01  4.3662E-02 -8.6426E-01
  4.0220E-01  6.8504E-01  5.9674E-04  1.6020E-01  8.3280E-01  3.7304E-02 -8.1051E-01
  4.0356E-01  6.9090E-01  6.0944E-04  1.5913E-01  7.8459E-01  3.1529E-02 -7.6757E-01
  4.0492E-01  6.9676E-01  6.1940E-04  1.5811E-01  7.4272E-01  2.6034E-02 -7.3038E-01
  4.0640E-01  7.0315E-01  6.2735E-04  1.5706E-01  7.0441E-01  2.0602E-02 -6.9620E-01
  4.0776E-01  7.0901E-01  6.3224E-04  1.5613E-01  6.7572E-01  1.6285E-02 -6.7033E-01
  4.0912E-01  7.1487E-01  6.3517E-04  1.5523E-01  6.5250E-01  1.2649E-02 -6.4910E-01
  4.1060E-01  7.2124E-01  6.3648E-04  1.5428E-01  6.3252E-01  9.4445E-03 -6.3055E-01
  4.1196E-01  7.2710E-01  6.3630E-04  1.5344E-01  6.1806E-01  7.1122E-03 -6.1690E-01
  4.1332E-01  7.3296E-01  6.3505E-04  1.5260E-01  6.0658E-01  5.2890E-03 -6.0593E-01
  4.1480E-01  7.3930E-01  6.3274E-04  1.5172E-01  5.9678E-01  3.7997E-03 -5.9643E-01
  4.1616E-01  7.4516E-01  6.2990E-04  1.5091E-01  5.8962E-01  2.8116E-03 -5.8943E-01
  4.1753E-01  7.5102E-01  6.2655E-04  1.5011E-01  5.8386E-01  2.1586E-03 -5.8374E-01
  4.1900E-01  7.5736E-01  6.2244E-04  1.4925E-01  5.7886E-01  1.7987E-03 -5.7878E-01
  4.2036E-01  7.6322E-01  6.1831E-04  1.4847E-01  5.7512E-01  1.7238E-03 -5.7505E-01
  4.2173E-01  7.6908E-01  6.1390E-04  1.4768E-01  5.7206E-01  1.7979E-03 -5.7198E-01
  4.2320E-01  7.7541E-01  6.0891E-04  1.4684E-01  5.6936E-01  1.9481E-03 -5.6925E-01
  4.2456E-01  7.8127E-01  6.0411E-04  1.4607E-01  5.6730E-01  2.1013E-03 -5.6717E-01
  4.2593E-01  7.8713E-01  5.9917E-04  1.4530E-01  5.6558E-01  2.2466E-03 -5.6544E-01
  4.2740E-01  7.9346E-01  5.9370E-04  1.4446E-01  5.6404E-01  2.3868E-03 -5.6388E-01
  4.2876E-01  7.9932E-01  5.8855E-04  1.4370E-01  5.6285E-01  2.4993E-03 -5.6267E-01
  4.3013E-01  8.0518E-01  5.8332E-04  1.4293E-01  5.6185E-01  2.5966E-03 -5.6165E-01
  4.3160E-01  8.1151E-01  5.7759E-04  1.4210E-01  5.6094E-01  2.6864E-03 -5.6073E-01
  4.3296E-01  8.1737E-01  5.7224E-04  1.4134E-01  5.6024E-01  2.7578E-03 -5.6001E-01
  4.3433E-01  8.2323E-01  5.6684E-04  1.4058E-01  5.5964E-01  2.8198E-03 -5.5940E-01
  4.3580E-01  8.2955E-01  5.6096E-04  1.3975E-01  5.5910E-01  2.8780E-03 -5.5885E-01
  4.3716E-01  8.3541E-01  5.5548E-04  1.3899E-01  5.5869E-01  2.9252E-03 -5.5843E-01
  4.3853E-01  8.4127E-01  5.4997E-04  1.3823E-01  5.5834E-01  2.9664E-03 -5.5807E-01
  4.4000E-01  8.4759E-01  5.4399E-04  1.3741E-01  5.5803E-01  3.0048E-03 -5.5775E-01
  4.4136E-01  8.5345E-01  5.3843E-04  1.3665E-01  5.5780E-01  3.0354E-03 -5.5751E-01
  4.4273E-01  8.5931E-01  5.3284E-04  1.3589E-01  5.5760E-01  3.0616E-03 -5.5730E-01
  4.4420E-01  8.6564E-01  5.2680E-04  1.3507E-01  5.5743E-01  3.0855E-03 -5.5712E-01
  4.4700E-01  8.7767E-01  5.1527E-04  1.3351E-01  5.5720E-01  3.1201E-03 -5.5688E-01
