  3.0831E-01  6.9580E-02  2.5538E-03  3.9893E-01  1.3958E+00  4.0063E-02 -1.0303E+00
  3.0970E-01  1.0474E-01  2.4236E-03  3.9701E-01  2.0538E+00  7.2645E-02 -1.7109E+00
  3.1111E-01  1.3110E-01  2.2762E-03  3.9421E-01  2.5566E+00  9.4486E-02 -2.2661E+00
  3.1256E-01  1.5356E-01  2.1227E-03  3.9061E-01  2.9487E+00  1.0786E-01 -2.7118E+00
  3.1392E-01  1.7212E-01  1.9824E-03  3.8670E-01  3.2277E+00  1.1443E-01 -3.0341E+00
  3.1535E-01  1.8970E-01  1.8431E-03  3.8217E-01  3.4455E+00  1.1667E-01 -3.2897E+00
  3.1674E-01  2.0532E-01  1.7176E-03  3.7748E-01  3.5974E+00  1.1590E-01 -3.4709E+00
  3.1814E-01  2.1997E-01  1.6010E-03  3.7254E-01  3.7036E+00  1.1319E-01 -3.6006E+00
  3.1953E-01  2.3364E-01  1.4947E-03  3.6748E-01  3.7717E+00  1.0935E-01 -3.6870E+00
  3.2100E-01  2.4729E-01  1.3923E-03  3.6202E-01  3.8113E+00  1.0455E-01 -3.7419E+00
  3.2233E-01  2.5901E-01  1.3080E-03  3.5705E-01  3.8242E+00  9.9871E-02 -3.7659E+00
  3.2371E-01  2.7072E-01  1.2275E-03  3.5183E-01  3.8194E+00  9.4822E-02 -3.7705E+00
  3.2516E-01  2.8244E-01  1.1512E-03  3.4639E-01  3.7987E+00  8.9541E-02 -3.7577E+00
  3.2654E-01  2.9319E-01  1.0851E-03  3.4123E-01  3.7674E+00  8.4604E-02 -3.7325E+00
  3.2796E-01  3.0393E-01  1.0227E-03  3.3594E-01  3.7257E+00  7.9674E-02 -3.6960E+00
  3.2940E-01  3.1443E-01  9.6540E-04  3.3066E-01  3.6762E+00  7.4939E-02 -3.6509E+00
  3.3078E-01  3.2420E-01  9.1528E-04  3.2566E-01  3.6237E+00  7.0671E-02 -3.6018E+00
  3.3220E-01  3.3396E-01  8.6815E-04  3.2059E-01  3.5658E+00  6.6576E-02 -3.5468E+00
  3.3350E-01  3.4275E-01  8.2820E-04  3.1599E-01  3.5100E+00  6.3067E-02 -3.4933E+00
  3.3499E-01  3.5252E-01  7.8642E-04  3.1083E-01  3.4447E+00  5.9389E-02 -3.4300E+00
  3.3636E-01  3.6131E-01  7.5104E-04  3.0617E-01  3.3836E+00  5.6294E-02 -3.3706E+00
  3.3776E-01  3.7009E-01  7.1764E-04  3.0149E-01  3.3209E+00  5.3414E-02 -3.3093E+00
  3.3919E-01  3.7888E-01  6.8606E-04  2.9681E-01  3.2571E+00  5.0758E-02 -3.2467E+00
  3.4060E-01  3.8739E-01  6.5712E-04  2.9227E-01  3.1948E+00  4.8406E-02 -3.1854E+00
  3.4192E-01  3.9520E-01  6.3181E-04  2.8811E-01  3.1375E+00  4.6436E-02 -3.1288E+00
  3.4340E-01  4.0385E-01  6.0510E-04  2.8351E-01  3.0741E+00  4.4466E-02 -3.0662E+00
  3.4476E-01  4.1166E-01  5.8204E-04  2.7938E-01  3.0173E+00  4.2873E-02 -3.0099E+00
  3.4614E-01  4.1947E-01  5.5989E-04  2.7525E-01  2.9611E+00  4.1451E-02 -2.9542E+00
  3.4754E-01  4.2729E-01  5.3855E-04  2.7115E-01  2.9057E+00  4.0191E-02 -2.8991E+00
  3.4897E-01  4.3510E-01  5.1793E-04  2.6706E-01  2.8513E+00  3.9085E-02 -2.8450E+00
  3.5040E-01  4.4288E-01  4.9803E-04  2.6301E-01  2.7982E+00  3.8123E-02 -2.7922E+00
  3.5180E-01  4.5038E-01  4.7937E-04  2.5914E-01  2.7482E+00  3.7315E-02 -2.7424E+00
  3.5320E-01  4.5778E-01  4.6138E-04  2.5533E-01  2.6999E+00  3.6612E-02 -2.6942E+00
  3.5451E-01  4.6462E-01  4.4513E-04  2.5183E-01  2.6563E+00  3.6032E-02 -2.6508E+00
  3.5600E-01  4.7236E-01  4.2712E-04  2.4790E-01  2.6083E+00  3.5434E-02 -2.6029E+00
  3.5733E-01  4.7919E-01  4.1151E-04  2.4446E-01  2.5668E+00  3.4938E-02 -2.5615E+00
  3.5880E-01  4.8663E-01  3.9485E-04  2.4073E-01  2.5229E+00  3.4411E-02 -2.5177E+00
  3.6016E-01  4.9346E-01  3.7982E-04  2.3733E-01  2.4833E+00  3.3913E-02 -2.4782E+00
  3.6153E-01  5.0030E-01  3.6509E-04  2.3395E-01  2.4446E+00  3.3369E-02 -2.4396E+00
  3.6292E-01  5.0713E-01  3.5069E-04  2.3059E-01  2.4066E+00  3.2742E-02 -2.4017E+00
  3.6432E-01  5.1397E-01  3.3670E-04  2.2726E-01  2.3689E+00  3.1982E-02 -2.3642E+00
  3.6572E-01  5.2081E-01  3.2321E-04  2.2395E-01  2.3315E+00  3.1034E-02 -2.3270E+00
  3.6714E-01  5.2764E-01  3.1035E-04  2.2067E-01  2.2941E+00  2.9841E-02 -2.2898E+00
  3.6858E-01  5.3448E-01  2.9830E-04  2.1742E-01  2.2561E+00  2.8337E-02 -2.2523E+00
  3.7000E-01  5.4123E-01  2.8740E-04  2.1423E-01  2.2178E+00  2.6474E-02 -2.2144E+00
  3.7140E-01  5.4782E-01  2.7800E-04  2.1115E-01  2.1791E+00  2.4232E-02 -2.1761E+00
  3.7280E-01  5.5437E-01  2.7020E-04  2.0813E-01  2.1387E+00  2.1553E-02 -2.1363E+00
  3.7420E-01  5.6087E-01  2.6437E-04  2.0516E-01  2.0960E+00  1.8516E-02 -2.0942E+00
  3.7560E-01  5.6734E-01  2.6095E-04  2.0226E-01  2.0504E+00  1.5504E-02 -2.0492E+00
  3.7700E-01  5.7376E-01  2.6038E-04  1.9942E-01  2.0015E+00  1.3559E-02 -2.0005E+00
  3.7840E-01  5.8015E-01  2.6314E-04  1.9665E-01  1.9487E+00  1.4420E-02 -1.9475E+00
  3.7980E-01  5.8650E-01  2.6964E-04  1.9395E-01  1.8920E+00  1.8717E-02 -1.8899E+00
  3.8120E-01  5.9282E-01  2.8021E-04  1.9134E-01  1.8313E+00  2.5313E-02 -1.8274E+00
  3.8250E-01  5.9868E-01  2.9384E-04  1.8899E-01  1.7716E+00  3.2447E-02 -1.7649E+00
  3.8400E-01  6.0537E-01  3.1383E-04  1.8640E-01  1.7000E+00  4.0898E-02 -1.6889E+00
  3.8532E-01  6.1123E-01  3.3493E-04  1.8421E-01  1.6349E+00  4.7955E-02 -1.6188E+00
  3.8680E-01  6.1781E-01  3.6205E-04  1.8186E-01  1.5597E+00  5.4992E-02 -1.5373E+00
  3.8813E-01  6.2367E-01  3.8862E-04  1.7986E-01  1.4913E+00  6.0128E-02 -1.4631E+00
  3.8960E-01  6.3016E-01  4.1991E-04  1.7775E-01  1.4145E+00  6.4336E-02 -1.3801E+00
  3.9094E-01  6.3602E-01  4.4912E-04  1.7595E-01  1.3444E+00  6.6699E-02 -1.3051E+00
  3.9240E-01  6.4243E-01  4.8132E-04  1.7409E-01  1.2672E+00  6.7686E-02 -1.2238E+00
  3.9374E-01  6.4829E-01  5.1033E-04  1.7249E-01  1.1966E+00  6.7155E-02 -1.1509E+00
  3.9520E-01  6.5464E-01  5.4061E-04  1.7086E-01  1.1206E+00  6.5108E-02 -1.0743E+00
  3.9655E-01  6.6050E-01  5.6702E-04  1.6945E-01  1.0515E+00  6.1970E-02 -1.0064E+00
  3.9800E-01  6.6679E-01  5.9326E-04  1.6804E-01  9.7924E-01  5.7440E-02 -9.3729E-01
  3.9935E-01  6.7265E-01  6.1532E-04  1.6681E-01  9.1481E-01  5.2340E-02 -8.7727E-01
  4.0071E-01  6.7851E-01  6.3481E-04  1.6565E-01  8.5415E-01  4.6646E-02 -8.2201E-01
  4.0220E-01  6.8496E-01  6.5309E-04  1.6447E-01  7.9295E-01  4.0016E-02 -7.6731E-01
  4.0356E-01  6.9082E-01  6.6673E-04  1.6345E-01  7.4341E-01  3.3989E-02 -7.2358E-01
  4.0492E-01  6.9668E-01  6.7760E-04  1.6250E-01  7.0024E-01  2.8238E-02 -6.8563E-01
  4.0640E-01  7.0308E-01  6.8650E-04  1.6151E-01  6.6060E-01  2.2534E-02 -6.5067E-01
  4.0776E-01  7.0893E-01  6.9222E-04  1.6064E-01  6.3082E-01  1.7977E-02 -6.2417E-01
  4.0912E-01  7.1479E-01  6.9594E-04  1.5980E-01  6.0666E-01  1.4119E-02 -6.0237E-01
  4.1060E-01  7.2116E-01  6.9807E-04  1.5893E-01  5.8584E-01  1.0697E-02 -5.8327E-01
  4.1196E-01  7.2702E-01  6.9860E-04  1.5814E-01  5.7076E-01  8.1841E-03 -5.6920E-01
  4.1332E-01  7.3288E-01  6.9803E-04  1.5738E-01  5.5879E-01  6.1966E-03 -5.5787E-01
  4.1480E-01  7.3923E-01  6.9642E-04  1.5656E-01  5.4857E-01  4.5352E-03 -5.4806E-01
  4.1616E-01  7.4508E-01  6.9421E-04  1.5582E-01  5.4111E-01  3.3777E-03 -5.4082E-01
  4.1753E-01  7.5094E-01  6.9146E-04  1.5509E-01  5.3511E-01  2.5247E-03 -5.3494E-01
  4.1900E-01  7.5728E-01  6.8799E-04  1.5430E-01  5.2990E-01  1.9068E-03 -5.2981E-01
  4.2036E-01  7.6314E-01  6.8443E-04  1.5358E-01  5.2602E-01  1.5920E-03 -5.2595E-01
  4.2173E-01  7.6900E-01  6.8060E-04  1.5287E-01  5.2284E-01  1.4834E-03 -5.2278E-01
  4.2320E-01  7.7533E-01  6.7621E-04  1.5210E-01  5.2003E-01  1.5183E-03 -5.1996E-01
  4.2456E-01  7.8119E-01  6.7196E-04  1.5139E-01  5.1789E-01  1.6181E-03 -5.1781E-01
  4.2593E-01  7.8705E-01  6.6756E-04  1.5069E-01  5.1610E-01  1.7385E-03 -5.1602E-01
  4.2740E-01  7.9338E-01  6.6269E-04  1.4993E-01  5.1450E-01  1.8675E-03 -5.1440E-01
  4.2876E-01  7.9924E-01  6.5807E-04  1.4923E-01  5.1327E-01  1.9769E-03 -5.1316E-01
  4.3013E-01  8.0510E-01  6.5337E-04  1.4853E-01  5.1223E-01  2.0744E-03 -5.1210E-01
  4.3160E-01  8.1143E-01  6.4823E-04  1.4777E-01  5.1129E-01  2.1664E-03 -5.1115E-01
  4.3296E-01  8.1729E-01  6.4340E-04  1.4708E-01  5.1056E-01  2.2405E-03 -5.1041E-01
  4.3433E-01  8.2315E-01  6.3853E-04  1.4638E-01  5.0994E-01  2.3054E-03 -5.0978E-01
  4.3580E-01  8.2947E-01  6.3322E-04  1.4563E-01  5.0938E-01  2.3668E-03 -5.0921E-01
  4.3716E-01  8.3533E-01  6.2826E-04  1.4494E-01  5.0896E-01  2.4169E-03 -5.0878E-01
  4.3853E-01  8.4119E-01  6.2328E-04  1.4424E-01  5.0860E-01  2.4608E-03 -5.0841E-01
  4.4000E-01  8.4752E-01  6.1786E-04  1.4350E-01  5.0828E-01  2.5019E-03 -5.0808E-01
  4.4136E-01  8.5338E-01  6.1283E-04  1.4280E-01  5.0803E-01  2.5347E-03 -5.0783E-01
  4.4273E-01  8.5924E-01  6.0777E-04  1.4211E-01  5.0783E-01  2.5628E-03 -5.0762E-01
  4.4420E-01  8.6556E-01  6.0229E-04  1.4136E-01  5.0765E-01  2.5886E-03 -5.0744E-01
  4.4700E-01  8.7759E-01  5.9182E-04  1.3994E-01  5.0742E-01  2.6260E-03 -5.0719E-01
