  3.0831E-01  6.9580E-02  2.5717E-03  3.9912E-01  1.0924E+00  3.1576E-02 -8.0295E-01
  3.0971E-01  1.0474E-01  2.4623E-03  3.9757E-01  1.7322E+00  6.4133E-02 -1.4148E+00
  3.1112E-01  1.3110E-01  2.3287E-03  3.9519E-01  2.2409E+00  8.8656E-02 -1.9494E+00
  3.1257E-01  1.5356E-01  2.1849E-03  3.9204E-01  2.6419E+00  1.0393E-01 -2.3978E+00
  3.1393E-01  1.7212E-01  2.0505E-03  3.8854E-01  2.9373E+00  1.1144E-01 -2.7375E+00
  3.1537E-01  1.8970E-01  1.9159E-03  3.8442E-01  3.1726E+00  1.1414E-01 -3.0128E+00
  3.1676E-01  2.0532E-01  1.7940E-03  3.8010E-01  3.3404E+00  1.1407E-01 -3.2104E+00
  3.1816E-01  2.1997E-01  1.6802E-03  3.7551E-01  3.4616E+00  1.1204E-01 -3.3554E+00
  3.1955E-01  2.3364E-01  1.5759E-03  3.7077E-01  3.5441E+00  1.0850E-01 -3.4570E+00
  3.2092E-01  2.4634E-01  1.4821E-03  3.6600E-01  3.5951E+00  1.0410E-01 -3.5232E+00
  3.2236E-01  2.5903E-01  1.3920E-03  3.6091E-01  3.6225E+00  9.9067E-02 -3.5634E+00
  3.2374E-01  2.7075E-01  1.3127E-03  3.5596E-01  3.6286E+00  9.4030E-02 -3.5792E+00
  3.2519E-01  2.8247E-01  1.2375E-03  3.5079E-01  3.6182E+00  8.8711E-02 -3.5771E+00
  3.2657E-01  2.9321E-01  1.1724E-03  3.4587E-01  3.5958E+00  8.3715E-02 -3.5610E+00
  3.2799E-01  3.0395E-01  1.1109E-03  3.4082E-01  3.5624E+00  7.8715E-02 -3.5330E+00
  3.2933E-01  3.1372E-01  1.0583E-03  3.3611E-01  3.5237E+00  7.4239E-02 -3.4986E+00
  3.3071E-01  3.2349E-01  1.0087E-03  3.3133E-01  3.4783E+00  6.9878E-02 -3.4567E+00
  3.3213E-01  3.3325E-01  9.6205E-04  3.2647E-01  3.4271E+00  6.5671E-02 -3.4085E+00
  3.3358E-01  3.4302E-01  9.1832E-04  3.2155E-01  3.3711E+00  6.1670E-02 -3.3551E+00
  3.3492E-01  3.5181E-01  8.8131E-04  3.1709E-01  3.3173E+00  5.8271E-02 -3.3032E+00
  3.3640E-01  3.6131E-01  8.4365E-04  3.1224E-01  3.2564E+00  5.4823E-02 -3.2441E+00
  3.3780E-01  3.7009E-01  8.1091E-04  3.0774E-01  3.1981E+00  5.1865E-02 -3.1872E+00
  3.3920E-01  3.7871E-01  7.8058E-04  3.0331E-01  3.1396E+00  4.9184E-02 -3.1299E+00
  3.4060E-01  3.8716E-01  7.5241E-04  2.9897E-01  3.0815E+00  4.6771E-02 -3.0727E+00
  3.4192E-01  3.9497E-01  7.2765E-04  2.9495E-01  3.0273E+00  4.4738E-02 -3.0194E+00
  3.4340E-01  4.0362E-01  7.0154E-04  2.9052E-01  2.9673E+00  4.2700E-02 -2.9601E+00
  3.4476E-01  4.1143E-01  6.7904E-04  2.8652E-01  2.9134E+00  4.1051E-02 -2.9067E+00
  3.4614E-01  4.1924E-01  6.5746E-04  2.8254E-01  2.8599E+00  3.9581E-02 -2.8536E+00
  3.4754E-01  4.2706E-01  6.3669E-04  2.7857E-01  2.8071E+00  3.8282E-02 -2.8012E+00
  3.4897E-01  4.3487E-01  6.1665E-04  2.7462E-01  2.7550E+00  3.7137E-02 -2.7495E+00
  3.5040E-01  4.4265E-01  5.9733E-04  2.7071E-01  2.7042E+00  3.6142E-02 -2.6989E+00
  3.5180E-01  4.5015E-01  5.7923E-04  2.6696E-01  2.6562E+00  3.5308E-02 -2.6512E+00
  3.5320E-01  4.5756E-01  5.6181E-04  2.6328E-01  2.6098E+00  3.4583E-02 -2.6050E+00
  3.5451E-01  4.6439E-01  5.4609E-04  2.5990E-01  2.5680E+00  3.3984E-02 -2.5632E+00
  3.5600E-01  4.7213E-01  5.2868E-04  2.5611E-01  2.5218E+00  3.3368E-02 -2.5171E+00
  3.5733E-01  4.7896E-01  5.1360E-04  2.5277E-01  2.4819E+00  3.2857E-02 -2.4773E+00
  3.5880E-01  4.8640E-01  4.9754E-04  2.4917E-01  2.4394E+00  3.2303E-02 -2.4350E+00
  3.6016E-01  4.9323E-01  4.8307E-04  2.4588E-01  2.4013E+00  3.1775E-02 -2.3970E+00
  3.6153E-01  5.0007E-01  4.6891E-04  2.4261E-01  2.3638E+00  3.1201E-02 -2.3596E+00
  3.6292E-01  5.0691E-01  4.5510E-04  2.3936E-01  2.3269E+00  3.0516E-02 -2.3228E+00
  3.6432E-01  5.1374E-01  4.4174E-04  2.3614E-01  2.2903E+00  2.9680E-02 -2.2864E+00
  3.6572E-01  5.2058E-01  4.2892E-04  2.3294E-01  2.2539E+00  2.8653E-02 -2.2502E+00
  3.6714E-01  5.2741E-01  4.1677E-04  2.2977E-01  2.2171E+00  2.7335E-02 -2.2138E+00
  3.6858E-01  5.3425E-01  4.0550E-04  2.2663E-01  2.1798E+00  2.5672E-02 -2.1768E+00
  3.7000E-01  5.4100E-01  3.9546E-04  2.2355E-01  2.1420E+00  2.3651E-02 -2.1393E+00
  3.7140E-01  5.4759E-01  3.8699E-04  2.2058E-01  2.1033E+00  2.1208E-02 -2.1012E+00
  3.7280E-01  5.5414E-01  3.8028E-04  2.1766E-01  2.0627E+00  1.8373E-02 -2.0611E+00
  3.7420E-01  5.6065E-01  3.7570E-04  2.1480E-01  2.0198E+00  1.5449E-02 -2.0186E+00
  3.7560E-01  5.6711E-01  3.7366E-04  2.1200E-01  1.9736E+00  1.3231E-02 -1.9727E+00
  3.7700E-01  5.7354E-01  3.7465E-04  2.0927E-01  1.9238E+00  1.3476E-02 -1.9229E+00
  3.7840E-01  5.7992E-01  3.7920E-04  2.0660E-01  1.8700E+00  1.7317E-02 -1.8684E+00
  3.7980E-01  5.8628E-01  3.8765E-04  2.0402E-01  1.8123E+00  2.3789E-02 -1.8091E+00
  3.8120E-01  5.9260E-01  4.0024E-04  2.0153E-01  1.7507E+00  3.1770E-02 -1.7448E+00
  3.8250E-01  5.9846E-01  4.1584E-04  1.9928E-01  1.6899E+00  3.9970E-02 -1.6804E+00
  3.8400E-01  6.0515E-01  4.3830E-04  1.9682E-01  1.6171E+00  4.9426E-02 -1.6017E+00
  3.8532E-01  6.1101E-01  4.6167E-04  1.9475E-01  1.5509E+00  5.7150E-02 -1.5293E+00
  3.8680E-01  6.1759E-01  4.9146E-04  1.9253E-01  1.4743E+00  6.4845E-02 -1.4448E+00
  3.8813E-01  6.2345E-01  5.2053E-04  1.9065E-01  1.4045E+00  7.0516E-02 -1.3676E+00
  3.8960E-01  6.2994E-01  5.5474E-04  1.8869E-01  1.3259E+00  7.5176E-02 -1.2812E+00
  3.9093E-01  6.3580E-01  5.8676E-04  1.8702E-01  1.2540E+00  7.7780E-02 -1.2029E+00
  3.9240E-01  6.4221E-01  6.2211E-04  1.8531E-01  1.1745E+00  7.8850E-02 -1.1180E+00
  3.9374E-01  6.4807E-01  6.5405E-04  1.8386E-01  1.1018E+00  7.8254E-02 -1.0419E+00
  3.9520E-01  6.5442E-01  6.8759E-04  1.8239E-01  1.0231E+00  7.5975E-02 -9.6186E-01
  3.9655E-01  6.6028E-01  7.1690E-04  1.8114E-01  9.5130E-01  7.2459E-02 -8.9099E-01
  3.9800E-01  6.6658E-01  7.4632E-04  1.7989E-01  8.7577E-01  6.7404E-02 -8.1872E-01
  3.9935E-01  6.7244E-01  7.7130E-04  1.7882E-01  8.0812E-01  6.1752E-02 -7.5598E-01
  4.0071E-01  6.7830E-01  7.9362E-04  1.7784E-01  7.4403E-01  5.5429E-02 -6.9823E-01
  4.0220E-01  6.8475E-01  8.1495E-04  1.7683E-01  6.7872E-01  4.8057E-02 -6.4088E-01
  4.0356E-01  6.9061E-01  8.3128E-04  1.7600E-01  6.2511E-01  4.1280E-02 -5.9475E-01
  4.0492E-01  6.9647E-01  8.4478E-04  1.7521E-01  5.7801E-01  3.4795E-02 -5.5466E-01
  4.0640E-01  7.0287E-01  8.5649E-04  1.7442E-01  5.3432E-01  2.8342E-02 -5.1754E-01
  4.0776E-01  7.0873E-01  8.6464E-04  1.7373E-01  5.0100E-01  2.3094E-02 -4.8910E-01
  4.0912E-01  7.1459E-01  8.7070E-04  1.7309E-01  4.7368E-01  1.8556E-02 -4.6553E-01
  4.1060E-01  7.2095E-01  8.7523E-04  1.7241E-01  4.5000E-01  1.4476E-02 -4.4477E-01
  4.1196E-01  7.2681E-01  8.7785E-04  1.7182E-01  4.3283E-01  1.1452E-02 -4.2941E-01
  4.1332E-01  7.3267E-01  8.7927E-04  1.7124E-01  4.1919E-01  9.0216E-03 -4.1699E-01
  4.1480E-01  7.3902E-01  8.7972E-04  1.7063E-01  4.0753E-01  6.9222E-03 -4.0619E-01
  4.1616E-01  7.4488E-01  8.7934E-04  1.7009E-01  3.9904E-01  5.4049E-03 -3.9820E-01
  4.1753E-01  7.5074E-01  8.7835E-04  1.6955E-01  3.9226E-01  4.2220E-03 -3.9174E-01
  4.1900E-01  7.5708E-01  8.7674E-04  1.6897E-01  3.8639E-01  3.2179E-03 -3.8608E-01
  4.2036E-01  7.6294E-01  8.7485E-04  1.6845E-01  3.8201E-01  2.4966E-03 -3.8182E-01
  4.2173E-01  7.6880E-01  8.7266E-04  1.6793E-01  3.7844E-01  1.9476E-03 -3.7832E-01
  4.2320E-01  7.7513E-01  8.7002E-04  1.6738E-01  3.7529E-01  1.5087E-03 -3.7522E-01
  4.2456E-01  7.8099E-01  8.6736E-04  1.6687E-01  3.7289E-01  1.2254E-03 -3.7284E-01
  4.2593E-01  7.8685E-01  8.6455E-04  1.6636E-01  3.7090E-01  1.0501E-03 -3.7087E-01
  4.2740E-01  7.9318E-01  8.6137E-04  1.6582E-01  3.6912E-01  9.6021E-04 -3.6909E-01
  4.2876E-01  7.9904E-01  8.5831E-04  1.6531E-01  3.6775E-01  9.4359E-04 -3.6772E-01
  4.3013E-01  8.0490E-01  8.5516E-04  1.6481E-01  3.6659E-01  9.6643E-04 -3.6656E-01
  4.3160E-01  8.1123E-01  8.5167E-04  1.6427E-01  3.6554E-01  1.0135E-03 -3.6551E-01
  4.3296E-01  8.1709E-01  8.4838E-04  1.6378E-01  3.6473E-01  1.0659E-03 -3.6469E-01
  4.3433E-01  8.2294E-01  8.4503E-04  1.6328E-01  3.6405E-01  1.1199E-03 -3.6400E-01
  4.3580E-01  8.2927E-01  8.4137E-04  1.6274E-01  3.6343E-01  1.1763E-03 -3.6338E-01
  4.3716E-01  8.3513E-01  8.3793E-04  1.6225E-01  3.6295E-01  1.2259E-03 -3.6290E-01
  4.3853E-01  8.4099E-01  8.3446E-04  1.6175E-01  3.6256E-01  1.2713E-03 -3.6250E-01
  4.4000E-01  8.4731E-01  8.3068E-04  1.6122E-01  3.6220E-01  1.3149E-03 -3.6214E-01
  4.4136E-01  8.5317E-01  8.2714E-04  1.6073E-01  3.6193E-01  1.3507E-03 -3.6187E-01
  4.4273E-01  8.5903E-01  8.2359E-04  1.6023E-01  3.6171E-01  1.3821E-03 -3.6164E-01
  4.4420E-01  8.6536E-01  8.1974E-04  1.5970E-01  3.6152E-01  1.4113E-03 -3.6145E-01
  4.4700E-01  8.7739E-01  8.1235E-04  1.5869E-01  3.6126E-01  1.4546E-03 -3.6118E-01
