  3.0831E-01  6.9580E-02  2.5988E-03  3.9939E-01  6.1029E-01  1.7682E-02 -4.4880E-01
  3.0971E-01  1.0474E-01  2.5374E-03  3.9852E-01  9.7259E-01  3.6291E-02 -7.9385E-01
  3.1113E-01  1.3110E-01  2.4580E-03  3.9716E-01  1.3205E+00  5.4871E-02 -1.1338E+00
  3.1252E-01  1.5259E-01  2.3669E-03  3.9537E-01  1.6496E+00  7.2831E-02 -1.4582E+00
  3.1396E-01  1.7212E-01  2.2610E-03  3.9304E-01  1.9676E+00  8.9712E-02 -1.7784E+00
  3.1532E-01  1.8872E-01  2.1566E-03  3.9045E-01  2.2189E+00  1.0063E-01 -2.0446E+00
  3.1671E-01  2.0435E-01  2.0501E-03  3.8745E-01  2.4286E+00  1.0650E-01 -2.2772E+00
  3.1812E-01  2.1899E-01  1.9468E-03  3.8413E-01  2.5969E+00  1.0779E-01 -2.4709E+00
  3.1951E-01  2.3267E-01  1.8497E-03  3.8059E-01  2.7271E+00  1.0561E-01 -2.6249E+00
  3.2099E-01  2.4634E-01  1.7546E-03  3.7663E-01  2.8297E+00  1.0106E-01 -2.7490E+00
  3.2232E-01  2.5806E-01  1.6761E-03  3.7293E-01  2.8949E+00  9.6303E-02 -2.8293E+00
  3.2370E-01  2.6978E-01  1.6009E-03  3.6896E-01  2.9397E+00  9.1334E-02 -2.8861E+00
  3.2515E-01  2.8149E-01  1.5293E-03  3.6477E-01  2.9661E+00  8.6179E-02 -2.9222E+00
  3.2653E-01  2.9224E-01  1.4671E-03  3.6073E-01  2.9755E+00  8.1299E-02 -2.9391E+00
  3.2796E-01  3.0298E-01  1.4084E-03  3.5654E-01  2.9722E+00  7.6283E-02 -2.9420E+00
  3.2940E-01  3.1351E-01  1.3542E-03  3.5230E-01  2.9580E+00  7.1280E-02 -2.9330E+00
  3.3078E-01  3.2327E-01  1.3070E-03  3.4827E-01  2.9364E+00  6.6675E-02 -2.9154E+00
  3.3220E-01  3.3304E-01  1.2626E-03  3.4416E-01  2.9079E+00  6.2190E-02 -2.8903E+00
  3.3351E-01  3.4183E-01  1.2251E-03  3.4040E-01  2.8770E+00  5.8308E-02 -2.8620E+00
  3.3500E-01  3.5159E-01  1.1860E-03  3.3616E-01  2.8377E+00  5.4200E-02 -2.8251E+00
  3.3637E-01  3.6038E-01  1.1531E-03  3.3232E-01  2.7984E+00  5.0701E-02 -2.7876E+00
  3.3777E-01  3.6917E-01  1.1221E-03  3.2844E-01  2.7561E+00  4.7408E-02 -2.7468E+00
  3.3920E-01  3.7796E-01  1.0931E-03  3.2455E-01  2.7114E+00  4.4375E-02 -2.7034E+00
  3.4060E-01  3.8644E-01  1.0667E-03  3.2078E-01  2.6666E+00  4.1712E-02 -2.6596E+00
  3.4192E-01  3.9425E-01  1.0436E-03  3.1731E-01  2.6243E+00  3.9481E-02 -2.6181E+00
  3.4340E-01  4.0290E-01  1.0194E-03  3.1346E-01  2.5766E+00  3.7235E-02 -2.5712E+00
  3.4476E-01  4.1071E-01  9.9867E-04  3.0998E-01  2.5332E+00  3.5381E-02 -2.5283E+00
  3.4614E-01  4.1852E-01  9.7884E-04  3.0652E-01  2.4896E+00  3.3696E-02 -2.4852E+00
  3.4754E-01  4.2634E-01  9.5988E-04  3.0306E-01  2.4461E+00  3.2197E-02 -2.4421E+00
  3.4897E-01  4.3415E-01  9.4170E-04  2.9962E-01  2.4029E+00  3.0887E-02 -2.3992E+00
  3.5040E-01  4.4193E-01  9.2428E-04  2.9621E-01  2.3603E+00  2.9761E-02 -2.3569E+00
  3.5180E-01  4.4943E-01  9.0803E-04  2.9294E-01  2.3199E+00  2.8824E-02 -2.3167E+00
  3.5320E-01  4.5684E-01  8.9245E-04  2.8972E-01  2.2805E+00  2.8015E-02 -2.2775E+00
  3.5451E-01  4.6367E-01  8.7843E-04  2.8677E-01  2.2449E+00  2.7340E-02 -2.2420E+00
  3.5600E-01  4.7141E-01  8.6297E-04  2.8345E-01  2.2053E+00  2.6610E-02 -2.2026E+00
  3.5733E-01  4.7824E-01  8.4967E-04  2.8053E-01  2.1709E+00  2.5965E-02 -2.1683E+00
  3.5880E-01  4.8568E-01  8.3563E-04  2.7738E-01  2.1340E+00  2.5239E-02 -2.1315E+00
  3.6016E-01  4.9252E-01  8.2310E-04  2.7450E-01  2.1005E+00  2.4529E-02 -2.0982E+00
  3.6153E-01  4.9935E-01  8.1097E-04  2.7164E-01  2.0675E+00  2.3765E-02 -2.0653E+00
  3.6292E-01  5.0619E-01  7.9923E-04  2.6880E-01  2.0348E+00  2.2920E-02 -2.0327E+00
  3.6432E-01  5.1302E-01  7.8798E-04  2.6598E-01  2.0020E+00  2.1843E-02 -2.0001E+00
  3.6572E-01  5.1986E-01  7.7746E-04  2.6318E-01  1.9685E+00  2.0371E-02 -1.9668E+00
  3.6714E-01  5.2670E-01  7.6798E-04  2.6041E-01  1.9340E+00  1.8465E-02 -1.9326E+00
  3.6857E-01  5.3353E-01  7.5978E-04  2.5767E-01  1.8979E+00  1.6156E-02 -1.8969E+00
  3.7000E-01  5.4029E-01  7.5318E-04  2.5499E-01  1.8606E+00  1.3658E-02 -1.8598E+00
  3.7140E-01  5.4688E-01  7.4842E-04  2.5241E-01  1.8223E+00  1.1468E-02 -1.8218E+00
  3.7280E-01  5.5343E-01  7.4565E-04  2.4989E-01  1.7818E+00  1.0549E-02 -1.7813E+00
  3.7420E-01  5.5993E-01  7.4535E-04  2.4742E-01  1.7380E+00  1.2622E-02 -1.7373E+00
  3.7560E-01  5.6640E-01  7.4816E-04  2.4502E-01  1.6902E+00  1.8062E-02 -1.6888E+00
  3.7700E-01  5.7283E-01  7.5458E-04  2.4268E-01  1.6381E+00  2.5995E-02 -1.6351E+00
  3.7840E-01  5.7922E-01  7.6509E-04  2.4043E-01  1.5815E+00  3.5797E-02 -1.5754E+00
  3.7980E-01  5.8557E-01  7.8018E-04  2.3826E-01  1.5203E+00  4.7143E-02 -1.5094E+00
  3.8120E-01  5.9190E-01  8.0036E-04  2.3619E-01  1.4548E+00  5.9568E-02 -1.4367E+00
  3.8250E-01  5.9775E-01  8.2380E-04  2.3435E-01  1.3910E+00  7.1057E-02 -1.3641E+00
  3.8400E-01  6.0445E-01  8.5564E-04  2.3237E-01  1.3151E+00  8.3322E-02 -1.2760E+00
  3.8531E-01  6.1031E-01  8.8728E-04  2.3073E-01  1.2467E+00  9.2913E-02 -1.1952E+00
  3.8680E-01  6.1690E-01  9.2628E-04  2.2901E-01  1.1680E+00  1.0210E-01 -1.1014E+00
  3.8813E-01  6.2276E-01  9.6350E-04  2.2760E-01  1.0968E+00  1.0864E-01 -1.0160E+00
  3.8960E-01  6.2926E-01  1.0070E-03  2.2616E-01  1.0164E+00  1.1399E-01 -9.1967E-01
  3.9093E-01  6.3512E-01  1.0475E-03  2.2498E-01  9.4299E-01  1.1696E-01 -8.3222E-01
  3.9240E-01  6.4154E-01  1.0925E-03  2.2382E-01  8.6173E-01  1.1808E-01 -7.3671E-01
  3.9374E-01  6.4740E-01  1.1334E-03  2.2288E-01  7.8674E-01  1.1705E-01 -6.5046E-01
  3.9520E-01  6.5376E-01  1.1770E-03  2.2199E-01  7.0500E-01  1.1374E-01 -5.5909E-01
  3.9655E-01  6.5962E-01  1.2160E-03  2.2128E-01  6.2992E-01  1.0881E-01 -4.7795E-01
  3.9800E-01  6.6592E-01  1.2559E-03  2.2064E-01  5.5036E-01  1.0171E-01 -3.9519E-01
  3.9935E-01  6.7178E-01  1.2904E-03  2.2015E-01  4.7851E-01  9.3742E-02 -3.2353E-01
  4.0071E-01  6.7764E-01  1.3219E-03  2.1976E-01  4.1000E-01  8.4926E-02 -2.5756E-01
  4.0220E-01  6.8410E-01  1.3528E-03  2.1942E-01  3.4004E-01  7.4830E-02 -1.9193E-01
  4.0356E-01  6.8996E-01  1.3776E-03  2.1919E-01  2.8368E-01  6.5951E-02 -1.3937E-01
  4.0491E-01  6.9582E-01  1.3995E-03  2.1903E-01  2.3475E-01  5.7579E-02 -9.3173E-02
  4.0640E-01  7.0222E-01  1.4202E-03  2.1893E-01  1.8994E-01  4.9076E-02 -4.9396E-02
  4.0776E-01  7.0808E-01  1.4365E-03  2.1888E-01  1.5716E-01  4.1905E-02 -1.5072E-02
  4.0912E-01  7.1394E-01  1.4505E-03  2.1888E-01  1.3260E-01  3.5353E-02  1.4271E-02
  4.1060E-01  7.2031E-01  1.4635E-03  2.1893E-01  1.1555E-01  2.8987E-02  4.1177E-02
  4.1196E-01  7.2617E-01  1.4736E-03  2.1900E-01  1.0814E-01  2.3845E-02  6.1825E-02
  4.1332E-01  7.3203E-01  1.4822E-03  2.1909E-01  1.0696E-01  1.9395E-02  7.9016E-02
  4.1480E-01  7.3838E-01  1.4899E-03  2.1922E-01  1.1012E-01  1.5358E-02  9.4214E-02
  4.1616E-01  7.4424E-01  1.4959E-03  2.1936E-01  1.1501E-01  1.2335E-02  1.0552E-01
  4.1753E-01  7.5010E-01  1.5009E-03  2.1951E-01  1.2036E-01  9.9433E-03  1.1458E-01
  4.1900E-01  7.5644E-01  1.5055E-03  2.1968E-01  1.2589E-01  7.9696E-03  1.2239E-01
  4.2036E-01  7.6230E-01  1.5092E-03  2.1985E-01  1.3046E-01  6.5969E-03  1.2816E-01
  4.2173E-01  7.6816E-01  1.5126E-03  2.2003E-01  1.3447E-01  5.4860E-03  1.3294E-01
  4.2320E-01  7.7449E-01  1.5158E-03  2.2023E-01  1.3825E-01  4.4649E-03  1.3727E-01
  4.2456E-01  7.8035E-01  1.5185E-03  2.2042E-01  1.4126E-01  3.6729E-03  1.4061E-01
  4.2593E-01  7.8621E-01  1.5209E-03  2.2061E-01  1.4381E-01  3.0205E-03  1.4338E-01
  4.2740E-01  7.9254E-01  1.5234E-03  2.2083E-01  1.4612E-01  2.4597E-03  1.4584E-01
  4.2876E-01  7.9840E-01  1.5254E-03  2.2103E-01  1.4790E-01  2.0521E-03  1.4771E-01
  4.3013E-01  8.0426E-01  1.5274E-03  2.2123E-01  1.4941E-01  1.7257E-03  1.4927E-01
  4.3160E-01  8.1059E-01  1.5294E-03  2.2145E-01  1.5079E-01  1.4264E-03  1.5070E-01
  4.3296E-01  8.1645E-01  1.5312E-03  2.2166E-01  1.5188E-01  1.1866E-03  1.5182E-01
  4.3433E-01  8.2230E-01  1.5329E-03  2.2186E-01  1.5281E-01  9.8129E-04  1.5277E-01
  4.3580E-01  8.2863E-01  1.5346E-03  2.2209E-01  1.5365E-01  7.9732E-04  1.5362E-01
  4.3716E-01  8.3449E-01  1.5361E-03  2.2230E-01  1.5428E-01  6.5981E-04  1.5426E-01
  4.3853E-01  8.4035E-01  1.5376E-03  2.2251E-01  1.5481E-01  5.5118E-04  1.5480E-01
  4.4000E-01  8.4667E-01  1.5392E-03  2.2274E-01  1.5528E-01  4.6134E-04  1.5527E-01
  4.4136E-01  8.5253E-01  1.5406E-03  2.2295E-01  1.5564E-01  4.0014E-04  1.5563E-01
  4.4273E-01  8.5839E-01  1.5420E-03  2.2316E-01  1.5594E-01  3.6066E-04  1.5593E-01
  4.4420E-01  8.6472E-01  1.5435E-03  2.2339E-01  1.5620E-01  3.4032E-04  1.5620E-01
  4.4700E-01  8.7674E-01  1.5462E-03  2.2383E-01  1.5655E-01  3.4547E-04  1.5654E-01
