  3.0831E-01  6.9580E-02  2.5468E-03  3.9885E-01  1.4906E+00  4.2174E-02 -1.1125E+00
  3.0970E-01  1.0474E-01  2.4116E-03  3.9681E-01  2.1465E+00  7.4331E-02 -1.8036E+00
  3.1111E-01  1.3110E-01  2.2609E-03  3.9387E-01  2.6461E+00  9.5778E-02 -2.3575E+00
  3.1255E-01  1.5356E-01  2.1051E-03  3.9015E-01  3.0334E+00  1.0892E-01 -2.7981E+00
  3.1392E-01  1.7212E-01  1.9632E-03  3.8612E-01  3.3077E+00  1.1517E-01 -3.1158E+00
  3.1535E-01  1.8970E-01  1.8227E-03  3.8149E-01  3.5203E+00  1.1721E-01 -3.3659E+00
  3.1673E-01  2.0532E-01  1.6964E-03  3.7670E-01  3.6676E+00  1.1626E-01 -3.5421E+00
  3.1813E-01  2.1997E-01  1.5792E-03  3.7167E-01  3.7693E+00  1.1346E-01 -3.6670E+00
  3.1952E-01  2.3364E-01  1.4723E-03  3.6651E-01  3.8334E+00  1.0955E-01 -3.7492E+00
  3.2100E-01  2.4731E-01  1.3693E-03  3.6096E-01  3.8691E+00  1.0473E-01 -3.8001E+00
  3.2232E-01  2.5903E-01  1.2846E-03  3.5591E-01  3.8788E+00  1.0004E-01 -3.8207E+00
  3.2371E-01  2.7075E-01  1.2038E-03  3.5061E-01  3.8709E+00  9.5000E-02 -3.8221E+00
  3.2515E-01  2.8247E-01  1.1273E-03  3.4511E-01  3.8473E+00  8.9733E-02 -3.8064E+00
  3.2653E-01  2.9321E-01  1.0609E-03  3.3989E-01  3.8135E+00  8.4814E-02 -3.7786E+00
  3.2796E-01  3.0395E-01  9.9834E-04  3.3453E-01  3.7695E+00  7.9906E-02 -3.7398E+00
  3.2940E-01  3.1450E-01  9.4059E-04  3.2917E-01  3.7177E+00  7.5178E-02 -3.6923E+00
  3.3078E-01  3.2426E-01  8.9030E-04  3.2411E-01  3.6633E+00  7.0937E-02 -3.6413E+00
  3.3220E-01  3.3403E-01  8.4300E-04  3.1899E-01  3.6037E+00  6.6870E-02 -3.5846E+00
  3.3350E-01  3.4282E-01  8.0290E-04  3.1434E-01  3.5465E+00  6.3388E-02 -3.5296E+00
  3.3499E-01  3.5258E-01  7.6095E-04  3.0913E-01  3.4796E+00  5.9739E-02 -3.4648E+00
  3.3636E-01  3.6137E-01  7.2542E-04  3.0442E-01  3.4173E+00  5.6670E-02 -3.4041E+00
  3.3776E-01  3.7016E-01  6.9185E-04  2.9970E-01  3.3534E+00  5.3814E-02 -3.3416E+00
  3.3919E-01  3.7895E-01  6.6012E-04  2.9496E-01  3.2885E+00  5.1181E-02 -3.2779E+00
  3.4060E-01  3.8745E-01  6.3102E-04  2.9039E-01  3.2252E+00  4.8850E-02 -3.2156E+00
  3.4192E-01  3.9527E-01  6.0557E-04  2.8619E-01  3.1670E+00  4.6898E-02 -3.1581E+00
  3.4340E-01  4.0392E-01  5.7869E-04  2.8155E-01  3.1028E+00  4.4947E-02 -3.0946E+00
  3.4476E-01  4.1173E-01  5.5548E-04  2.7737E-01  3.0452E+00  4.3369E-02 -3.0375E+00
  3.4614E-01  4.1954E-01  5.3318E-04  2.7321E-01  2.9883E+00  4.1959E-02 -2.9811E+00
  3.4754E-01  4.2736E-01  5.1169E-04  2.6906E-01  2.9322E+00  4.0711E-02 -2.9254E+00
  3.4897E-01  4.3517E-01  4.9092E-04  2.6494E-01  2.8771E+00  3.9614E-02 -2.8706E+00
  3.5040E-01  4.4295E-01  4.7087E-04  2.6086E-01  2.8234E+00  3.8661E-02 -2.8172E+00
  3.5180E-01  4.5044E-01  4.5206E-04  2.5695E-01  2.7728E+00  3.7859E-02 -2.7668E+00
  3.5320E-01  4.5785E-01  4.3391E-04  2.5310E-01  2.7240E+00  3.7162E-02 -2.7181E+00
  3.5451E-01  4.6469E-01  4.1753E-04  2.4958E-01  2.6800E+00  3.6587E-02 -2.6743E+00
  3.5600E-01  4.7242E-01  3.9936E-04  2.4561E-01  2.6314E+00  3.5993E-02 -2.6258E+00
  3.5733E-01  4.7926E-01  3.8360E-04  2.4213E-01  2.5896E+00  3.5501E-02 -2.5841E+00
  3.5880E-01  4.8669E-01  3.6679E-04  2.3838E-01  2.5452E+00  3.4979E-02 -2.5398E+00
  3.6016E-01  4.9353E-01  3.5161E-04  2.3494E-01  2.5053E+00  3.4487E-02 -2.5000E+00
  3.6153E-01  5.0037E-01  3.3673E-04  2.3153E-01  2.4663E+00  3.3952E-02 -2.4611E+00
  3.6292E-01  5.0720E-01  3.2217E-04  2.2815E-01  2.4279E+00  3.3337E-02 -2.4228E+00
  3.6432E-01  5.1404E-01  3.0802E-04  2.2478E-01  2.3900E+00  3.2593E-02 -2.3850E+00
  3.6572E-01  5.2087E-01  2.9435E-04  2.2145E-01  2.3523E+00  3.1669E-02 -2.3476E+00
  3.6714E-01  5.2771E-01  2.8131E-04  2.1814E-01  2.3146E+00  3.0505E-02 -2.3102E+00
  3.6858E-01  5.3455E-01  2.6905E-04  2.1485E-01  2.2765E+00  2.9039E-02 -2.2724E+00
  3.7000E-01  5.4130E-01  2.5794E-04  2.1164E-01  2.2381E+00  2.7227E-02 -2.2344E+00
  3.7140E-01  5.4789E-01  2.4829E-04  2.0854E-01  2.1993E+00  2.5039E-02 -2.1961E+00
  3.7280E-01  5.5444E-01  2.4021E-04  2.0549E-01  2.1589E+00  2.2411E-02 -2.1563E+00
  3.7420E-01  5.6094E-01  2.3407E-04  2.0249E-01  2.1163E+00  1.9395E-02 -2.1143E+00
  3.7560E-01  5.6740E-01  2.3028E-04  1.9956E-01  2.0709E+00  1.6285E-02 -2.0695E+00
  3.7700E-01  5.7383E-01  2.2931E-04  1.9669E-01  2.0222E+00  1.3949E-02 -2.0211E+00
  3.7840E-01  5.8022E-01  2.3161E-04  1.9389E-01  1.9697E+00  1.4044E-02 -1.9685E+00
  3.7980E-01  5.8657E-01  2.3760E-04  1.9116E-01  1.9132E+00  1.7589E-02 -1.9114E+00
  3.8120E-01  5.9289E-01  2.4762E-04  1.8852E-01  1.8529E+00  2.3680E-02 -1.8494E+00
  3.8250E-01  5.9875E-01  2.6070E-04  1.8614E-01  1.7935E+00  3.0488E-02 -1.7875E+00
  3.8400E-01  6.0544E-01  2.8002E-04  1.8351E-01  1.7223E+00  3.8635E-02 -1.7122E+00
  3.8532E-01  6.1130E-01  3.0049E-04  1.8130E-01  1.6575E+00  4.5482E-02 -1.6428E+00
  3.8680E-01  6.1788E-01  3.2687E-04  1.7891E-01  1.5828E+00  5.2307E-02 -1.5622E+00
  3.8813E-01  6.2374E-01  3.5273E-04  1.7687E-01  1.5149E+00  5.7288E-02 -1.4888E+00
  3.8960E-01  6.3023E-01  3.8319E-04  1.7473E-01  1.4386E+00  6.1368E-02 -1.4068E+00
  3.9094E-01  6.3609E-01  4.1162E-04  1.7289E-01  1.3691E+00  6.3658E-02 -1.3327E+00
  3.9240E-01  6.4250E-01  4.4294E-04  1.7099E-01  1.2926E+00  6.4616E-02 -1.2525E+00
  3.9374E-01  6.4836E-01  4.7111E-04  1.6935E-01  1.2227E+00  6.4103E-02 -1.1805E+00
  3.9520E-01  6.5470E-01  5.0049E-04  1.6768E-01  1.1475E+00  6.2126E-02 -1.1049E+00
  3.9655E-01  6.6056E-01  5.2606E-04  1.6623E-01  1.0793E+00  5.9094E-02 -1.0379E+00
  3.9800E-01  6.6686E-01  5.5142E-04  1.6477E-01  1.0080E+00  5.4710E-02 -9.6965E-01
  3.9935E-01  6.7272E-01  5.7267E-04  1.6349E-01  9.4455E-01  4.9778E-02 -9.1041E-01
  4.0071E-01  6.7858E-01  5.9138E-04  1.6229E-01  8.8490E-01  4.4264E-02 -8.5588E-01
  4.0220E-01  6.8503E-01  6.0881E-04  1.6106E-01  8.2487E-01  3.7850E-02 -8.0194E-01
  4.0356E-01  6.9089E-01  6.2171E-04  1.6000E-01  7.7639E-01  3.2024E-02 -7.5883E-01
  4.0492E-01  6.9674E-01  6.3186E-04  1.5899E-01  7.3427E-01  2.6477E-02 -7.2150E-01
  4.0640E-01  7.0314E-01  6.4000E-04  1.5795E-01  6.9569E-01  2.0990E-02 -6.8716E-01
  4.0776E-01  7.0900E-01  6.4507E-04  1.5703E-01  6.6679E-01  1.6625E-02 -6.6116E-01
  4.0912E-01  7.1486E-01  6.4816E-04  1.5614E-01  6.4339E-01  1.2944E-02 -6.3982E-01
  4.1060E-01  7.2122E-01  6.4964E-04  1.5521E-01  6.2325E-01  9.6956E-03 -6.2116E-01
  4.1196E-01  7.2708E-01  6.4961E-04  1.5438E-01  6.0867E-01  7.3269E-03 -6.0744E-01
  4.1332E-01  7.3294E-01  6.4850E-04  1.5356E-01  5.9709E-01  5.4695E-03 -5.9639E-01
  4.1480E-01  7.3929E-01  6.4634E-04  1.5268E-01  5.8721E-01  3.9430E-03 -5.8684E-01
  4.1616E-01  7.4515E-01  6.4364E-04  1.5189E-01  5.7999E-01  2.9158E-03 -5.7978E-01
  4.1753E-01  7.5101E-01  6.4041E-04  1.5110E-01  5.7419E-01  2.2150E-03 -5.7406E-01
  4.1900E-01  7.5735E-01  6.3645E-04  1.5026E-01  5.6914E-01  1.7953E-03 -5.6906E-01
  4.2036E-01  7.6321E-01  6.3243E-04  1.4949E-01  5.6538E-01  1.6715E-03 -5.6531E-01
  4.2173E-01  7.6906E-01  6.2815E-04  1.4872E-01  5.6230E-01  1.7136E-03 -5.6222E-01
  4.2320E-01  7.7540E-01  6.2328E-04  1.4789E-01  5.5957E-01  1.8460E-03 -5.5948E-01
  4.2456E-01  7.8126E-01  6.1860E-04  1.4713E-01  5.5749E-01  1.9916E-03 -5.5738E-01
  4.2593E-01  7.8712E-01  6.1378E-04  1.4637E-01  5.5576E-01  2.1336E-03 -5.5564E-01
  4.2740E-01  7.9345E-01  6.0844E-04  1.4555E-01  5.5421E-01  2.2725E-03 -5.5406E-01
  4.2876E-01  7.9931E-01  6.0341E-04  1.4480E-01  5.5301E-01  2.3849E-03 -5.5285E-01
  4.3013E-01  8.0516E-01  5.9829E-04  1.4405E-01  5.5200E-01  2.4825E-03 -5.5182E-01
  4.3160E-01  8.1149E-01  5.9269E-04  1.4323E-01  5.5109E-01  2.5729E-03 -5.5090E-01
  4.3296E-01  8.1735E-01  5.8745E-04  1.4248E-01  5.5038E-01  2.6449E-03 -5.5017E-01
  4.3433E-01  8.2321E-01  5.8216E-04  1.4173E-01  5.4978E-01  2.7075E-03 -5.4956E-01
  4.3580E-01  8.2954E-01  5.7641E-04  1.4092E-01  5.4924E-01  2.7664E-03 -5.4901E-01
  4.3716E-01  8.3540E-01  5.7104E-04  1.4018E-01  5.4882E-01  2.8142E-03 -5.4858E-01
  4.3853E-01  8.4126E-01  5.6564E-04  1.3943E-01  5.4847E-01  2.8559E-03 -5.4822E-01
  4.4000E-01  8.4758E-01  5.5978E-04  1.3862E-01  5.4816E-01  2.8948E-03 -5.4790E-01
  4.4136E-01  8.5344E-01  5.5434E-04  1.3787E-01  5.4792E-01  2.9258E-03 -5.4765E-01
  4.4273E-01  8.5930E-01  5.4887E-04  1.3713E-01  5.4773E-01  2.9524E-03 -5.4745E-01
  4.4420E-01  8.6562E-01  5.4295E-04  1.3632E-01  5.4756E-01  2.9767E-03 -5.4727E-01
  4.4700E-01  8.7765E-01  5.3165E-04  1.3479E-01  5.4732E-01  3.0119E-03 -5.4702E-01
