  3.0832E-01  7.5681E-02  5.8701E-05  3.9978E-01  3.2624E-01  2.8968E-03 -3.2022E-01
  3.0971E-01  1.0888E-01  5.9202E-05  3.9910E-01  6.5947E-01  5.9583E-03 -6.5346E-01
  3.1112E-01  1.3427E-01  5.9816E-05  3.9794E-01  9.8986E-01  9.0240E-03 -9.8387E-01
  3.1251E-01  1.5527E-01  6.0486E-05  3.9636E-01  1.3096E+00  1.2017E-02 -1.3036E+00
  3.1393E-01  1.7431E-01  6.1222E-05  3.9427E-01  1.6335E+00  1.5073E-02 -1.6275E+00
  3.1531E-01  1.9091E-01  6.1956E-05  3.9182E-01  1.9401E+00  1.7980E-02 -1.9341E+00
  3.1672E-01  2.0654E-01  6.2682E-05  3.8888E-01  2.2390E+00  1.9738E-02 -2.2337E+00
  3.1814E-01  2.2119E-01  6.3291E-05  3.8553E-01  2.4773E+00  1.8970E-02 -2.4733E+00
  3.1954E-01  2.3486E-01  6.3705E-05  3.8192E-01  2.6484E+00  1.8090E-02 -2.6455E+00
  3.2092E-01  2.4756E-01  6.3957E-05  3.7818E-01  2.7692E+00  1.7240E-02 -2.7669E+00
  3.2232E-01  2.5976E-01  6.4082E-05  3.7426E-01  2.8552E+00  1.6397E-02 -2.8533E+00
  3.2372E-01  2.7148E-01  6.4095E-05  3.7023E-01  2.9134E+00  1.5567E-02 -2.9119E+00
  3.2511E-01  2.8271E-01  6.4014E-05  3.6613E-01  2.9493E+00  1.4750E-02 -2.9481E+00
  3.2656E-01  2.9394E-01  6.3843E-05  3.6185E-01  2.9680E+00  1.3876E-02 -2.9669E+00
  3.2793E-01  3.0420E-01  6.3611E-05  3.5778E-01  2.9714E+00  1.3037E-02 -2.9705E+00
  3.2934E-01  3.1445E-01  6.3308E-05  3.5358E-01  2.9633E+00  1.2189E-02 -2.9625E+00
  3.3073E-01  3.2422E-01  6.2957E-05  3.4949E-01  2.9457E+00  1.1373E-02 -2.9451E+00
  3.3215E-01  3.3398E-01  6.2548E-05  3.4531E-01  2.9196E+00  1.0554E-02 -2.9191E+00
  3.3354E-01  3.4326E-01  6.2108E-05  3.4128E-01  2.8877E+00  9.7730E-03 -2.8872E+00
  3.3496E-01  3.5254E-01  6.1622E-05  3.3720E-01  2.8495E+00  9.0393E-03 -2.8491E+00
  3.3634E-01  3.6133E-01  6.1125E-05  3.3331E-01  2.8092E+00  8.4923E-03 -2.8089E+00
  3.3775E-01  3.7011E-01  6.0597E-05  3.2939E-01  2.7664E+00  8.0029E-03 -2.7662E+00
  3.3910E-01  3.7841E-01  6.0075E-05  3.2567E-01  2.7241E+00  7.5433E-03 -2.7238E+00
  3.4056E-01  3.8720E-01  5.9498E-05  3.2172E-01  2.6774E+00  7.0580E-03 -2.6772E+00
  3.4197E-01  3.9550E-01  5.8933E-05  3.1799E-01  2.6316E+00  6.6015E-03 -2.6315E+00
  3.4331E-01  4.0332E-01  5.8384E-05  3.1448E-01  2.5873E+00  6.1812E-03 -2.5872E+00
  3.4476E-01  4.1162E-01  5.7786E-05  3.1076E-01  2.5394E+00  5.8178E-03 -2.5392E+00
  3.4615E-01  4.1943E-01  5.7212E-05  3.0727E-01  2.4942E+00  5.5919E-03 -2.4941E+00
  3.4756E-01  4.2724E-01  5.6631E-05  3.0379E-01  2.4497E+00  5.3941E-03 -2.4495E+00
  3.4898E-01  4.3506E-01  5.6046E-05  3.0033E-01  2.4057E+00  5.1983E-03 -2.4056E+00
  3.5034E-01  4.4238E-01  5.5493E-05  2.9710E-01  2.3650E+00  5.0161E-03 -2.3649E+00
  3.5171E-01  4.4970E-01  5.4937E-05  2.9388E-01  2.3249E+00  4.8358E-03 -2.3248E+00
  3.5319E-01  4.5752E-01  5.4341E-05  2.9047E-01  2.2826E+00  4.6574E-03 -2.2825E+00
  3.5459E-01  4.6484E-01  5.3781E-05  2.8730E-01  2.2436E+00  4.5410E-03 -2.2435E+00
  3.5592E-01  4.7168E-01  5.3258E-05  2.8435E-01  2.2081E+00  4.4689E-03 -2.2081E+00
  3.5735E-01  4.7900E-01  5.2699E-05  2.8121E-01  2.1712E+00  4.3983E-03 -2.1711E+00
  3.5870E-01  4.8584E-01  5.2179E-05  2.7830E-01  2.1375E+00  4.3330E-03 -2.1375E+00
  3.6016E-01  4.9316E-01  5.1624E-05  2.7520E-01  2.1025E+00  4.2635E-03 -2.1024E+00
  3.6154E-01  5.0000E-01  5.1107E-05  2.7233E-01  2.0706E+00  4.1958E-03 -2.0705E+00
  3.6293E-01  5.0683E-01  5.0591E-05  2.6948E-01  2.0393E+00  4.0941E-03 -2.0393E+00
  3.6433E-01  5.1367E-01  5.0075E-05  2.6664E-01  2.0084E+00  3.9150E-03 -2.0084E+00
  3.6574E-01  5.2050E-01  4.9558E-05  2.6383E-01  1.9775E+00  3.6961E-03 -1.9775E+00
  3.6716E-01  5.2734E-01  4.9039E-05  2.6104E-01  1.9465E+00  3.4754E-03 -1.9465E+00
  3.6860E-01  5.3418E-01  4.8517E-05  2.5827E-01  1.9154E+00  3.2578E-03 -1.9154E+00
  3.6994E-01  5.4052E-01  4.8030E-05  2.5572E-01  1.8865E+00  3.0551E-03 -1.8864E+00
  3.7139E-01  5.4736E-01  4.7497E-05  2.5299E-01  1.8551E+00  2.7751E-03 -1.8550E+00
  3.7275E-01  5.5371E-01  4.6994E-05  2.5049E-01  1.8248E+00  2.2026E-03 -1.8248E+00
  3.7412E-01  5.6006E-01  4.6478E-05  2.4802E-01  1.7913E+00  1.2889E-03 -1.7913E+00
  3.7560E-01  5.6687E-01  4.5896E-05  2.4540E-01  1.7503E+00  8.7502E-04 -1.7503E+00
  3.7699E-01  5.7321E-01  4.5324E-05  2.4300E-01  1.7074E+00  1.7478E-03 -1.7074E+00
  3.7838E-01  5.7956E-01  4.4725E-05  2.4065E-01  1.6601E+00  2.8771E-03 -1.6600E+00
  3.7978E-01  5.8591E-01  4.4095E-05  2.3836E-01  1.6085E+00  4.0764E-03 -1.6084E+00
  3.8119E-01  5.9226E-01  4.3428E-05  2.3613E-01  1.5524E+00  5.6341E-03 -1.5523E+00
  3.8260E-01  5.9858E-01  4.2725E-05  2.3399E-01  1.4894E+00  8.1240E-03 -1.4890E+00
  3.8391E-01  6.0443E-01  4.2026E-05  2.3208E-01  1.4211E+00  1.1036E-02 -1.4205E+00
  3.8534E-01  6.1078E-01  4.1199E-05  2.3011E-01  1.3348E+00  1.4313E-02 -1.3337E+00
  3.8678E-01  6.1713E-01  4.0293E-05  2.2826E-01  1.2360E+00  1.7569E-02 -1.2342E+00
  3.8811E-01  6.2299E-01  3.9395E-05  2.2669E-01  1.1338E+00  2.0537E-02 -1.1311E+00
  3.8955E-01  6.2934E-01  3.8377E-05  2.2514E-01  1.0118E+00  2.3548E-02 -1.0079E+00
  3.9100E-01  6.3567E-01  3.7337E-05  2.2378E-01  8.8117E-01  2.5303E-02 -8.7596E-01
  3.9234E-01  6.4153E-01  3.6366E-05  2.2268E-01  7.5964E-01  2.4878E-02 -7.5380E-01
  3.9380E-01  6.4787E-01  3.5354E-05  2.2167E-01  6.3591E-01  2.3170E-02 -6.2988E-01
  3.9515E-01  6.5373E-01  3.4501E-05  2.2090E-01  5.3159E-01  2.1409E-02 -5.2544E-01
  3.9650E-01  6.5959E-01  3.3731E-05  2.2025E-01  4.3675E-01  1.9653E-02 -4.3045E-01
  3.9797E-01  6.6594E-01  3.2982E-05  2.1969E-01  3.4428E-01  1.7759E-02 -3.3775E-01
  3.9932E-01  6.7180E-01  3.2367E-05  2.1928E-01  2.6808E-01  1.6022E-02 -2.6125E-01
  4.0079E-01  6.7815E-01  3.1779E-05  2.1895E-01  1.9513E-01  1.4174E-02 -1.8775E-01
  4.0215E-01  6.8401E-01  3.1306E-05  2.1874E-01  1.3646E-01  1.2508E-02 -1.2816E-01
  4.0351E-01  6.8987E-01  3.0896E-05  2.1860E-01  8.6385E-02  1.0859E-02 -7.6225E-02
  4.0498E-01  6.9621E-01  3.0519E-05  2.1853E-01  4.4293E-02  9.0777E-03 -2.8460E-02
  4.0634E-01  7.0207E-01  3.0232E-05  2.1851E-01  2.8871E-02  7.4377E-03  7.8692E-03
  4.0771E-01  7.0793E-01  2.9998E-05  2.1854E-01  4.2745E-02  5.8169E-03  3.6827E-02
  4.0918E-01  7.1428E-01  2.9797E-05  2.1862E-01  6.2361E-02  4.2350E-03  6.0331E-02
  4.1054E-01  7.2014E-01  2.9657E-05  2.1871E-01  7.7408E-02  3.2775E-03  7.6440E-02
  4.1190E-01  7.2600E-01  2.9550E-05  2.1882E-01  9.0133E-02  2.7853E-03  8.9536E-02
  4.1338E-01  7.3235E-01  2.9454E-05  2.1897E-01  1.0209E-01  2.3974E-03  1.0170E-01
  4.1474E-01  7.3821E-01  2.9379E-05  2.1911E-01  1.1154E-01  2.0489E-03  1.1128E-01
  4.1611E-01  7.4407E-01  2.9316E-05  2.1927E-01  1.1946E-01  1.7036E-03  1.1930E-01
  4.1758E-01  7.5041E-01  2.9260E-05  2.1945E-01  1.2633E-01  1.3436E-03  1.2623E-01
  4.1895E-01  7.5627E-01  2.9218E-05  2.1963E-01  1.3121E-01  1.0734E-03  1.3115E-01
  4.2031E-01  7.6213E-01  2.9186E-05  2.1981E-01  1.3513E-01  9.1631E-04  1.3509E-01
  4.2179E-01  7.6848E-01  2.9158E-05  2.2001E-01  1.3874E-01  8.2182E-04  1.3871E-01
  4.2315E-01  7.7434E-01  2.9135E-05  2.2020E-01  1.4167E-01  7.4882E-04  1.4164E-01
  4.2451E-01  7.8020E-01  2.9116E-05  2.2040E-01  1.4421E-01  6.7949E-04  1.4419E-01
  4.2599E-01  7.8655E-01  2.9099E-05  2.2061E-01  1.4654E-01  6.0996E-04  1.4652E-01
  4.2735E-01  7.9241E-01  2.9086E-05  2.2081E-01  1.4829E-01  5.5512E-04  1.4828E-01
  4.2872E-01  7.9826E-01  2.9075E-05  2.2101E-01  1.4973E-01  5.1783E-04  1.4972E-01
  4.3020E-01  8.0461E-01  2.9066E-05  2.2124E-01  1.5103E-01  4.9649E-04  1.5102E-01
  4.3156E-01  8.1047E-01  2.9059E-05  2.2144E-01  1.5209E-01  4.8338E-04  1.5208E-01
  4.3292E-01  8.1633E-01  2.9053E-05  2.2165E-01  1.5302E-01  4.7212E-04  1.5301E-01
  4.3440E-01  8.2268E-01  2.9047E-05  2.2188E-01  1.5389E-01  4.6159E-04  1.5389E-01
  4.3576E-01  8.2854E-01  2.9043E-05  2.2209E-01  1.5457E-01  4.5355E-04  1.5456E-01
  4.3713E-01  8.3440E-01  2.9040E-05  2.2230E-01  1.5513E-01  4.4760E-04  1.5512E-01
  4.3860E-01  8.4072E-01  2.9038E-05  2.2253E-01  1.5562E-01  4.4377E-04  1.5561E-01
  4.3996E-01  8.4658E-01  2.9037E-05  2.2274E-01  1.5598E-01  4.4166E-04  1.5597E-01
  4.4133E-01  8.5244E-01  2.9036E-05  2.2295E-01  1.5628E-01  4.4021E-04  1.5628E-01
  4.4280E-01  8.5876E-01  2.9035E-05  2.2318E-01  1.5654E-01  4.3925E-04  1.5653E-01
  4.4416E-01  8.6462E-01  2.9035E-05  2.2340E-01  1.5670E-01  4.3889E-04  1.5669E-01
  4.4700E-01  8.7680E-01  2.9037E-05  2.2384E-01  1.5685E-01  4.3975E-04  1.5684E-01
