  3.0831E-01  6.9580E-02  1.8293E-03  3.9877E-01  1.0894E+00  3.2508E-02 -7.7745E-01
  3.0971E-01  1.0474E-01  1.8480E-03  3.9727E-01  1.7120E+00  6.5866E-02 -1.3696E+00
  3.1112E-01  1.3110E-01  1.8774E-03  3.9497E-01  2.2052E+00  9.1030E-02 -1.8904E+00
  3.1257E-01  1.5356E-01  1.9112E-03  3.9191E-01  2.5985E+00  1.0718E-01 -2.3330E+00
  3.1393E-01  1.7212E-01  1.9417E-03  3.8850E-01  2.8895E+00  1.1538E-01 -2.6709E+00
  3.1537E-01  1.8970E-01  1.9700E-03  3.8447E-01  3.1236E+00  1.1847E-01 -2.9482E+00
  3.1676E-01  2.0532E-01  1.9928E-03  3.8023E-01  3.2924E+00  1.1853E-01 -3.1499E+00
  3.1816E-01  2.1997E-01  2.0111E-03  3.7572E-01  3.4156E+00  1.1660E-01 -3.2990E+00
  3.1955E-01  2.3364E-01  2.0244E-03  3.7105E-01  3.5005E+00  1.1313E-01 -3.4047E+00
  3.2092E-01  2.4634E-01  2.0334E-03  3.6635E-01  3.5544E+00  1.0869E-01 -3.4752E+00
  3.2236E-01  2.5903E-01  2.0386E-03  3.6133E-01  3.5851E+00  1.0351E-01 -3.5200E+00
  3.2374E-01  2.7075E-01  2.0398E-03  3.5643E-01  3.5943E+00  9.8320E-02 -3.5399E+00
  3.2519E-01  2.8247E-01  2.0377E-03  3.5130E-01  3.5870E+00  9.2841E-02 -3.5417E+00
  3.2657E-01  2.9321E-01  2.0328E-03  3.4643E-01  3.5674E+00  8.7671E-02 -3.5291E+00
  3.2800E-01  3.0395E-01  2.0252E-03  3.4141E-01  3.5368E+00  8.2477E-02 -3.5044E+00
  3.2933E-01  3.1372E-01  2.0159E-03  3.3673E-01  3.5005E+00  7.7823E-02 -3.4728E+00
  3.3071E-01  3.2349E-01  2.0045E-03  3.3197E-01  3.4574E+00  7.3282E-02 -3.4336E+00
  3.3213E-01  3.3325E-01  1.9911E-03  3.2714E-01  3.4083E+00  6.8890E-02 -3.3879E+00
  3.3358E-01  3.4302E-01  1.9759E-03  3.2224E-01  3.3544E+00  6.4705E-02 -3.3367E+00
  3.3492E-01  3.5181E-01  1.9607E-03  3.1780E-01  3.3023E+00  6.1144E-02 -3.2868E+00
  3.3640E-01  3.6131E-01  1.9428E-03  3.1296E-01  3.2430E+00  5.7530E-02 -3.2295E+00
  3.3780E-01  3.7009E-01  1.9251E-03  3.0847E-01  3.1861E+00  5.4426E-02 -3.1741E+00
  3.3920E-01  3.7870E-01  1.9066E-03  3.0406E-01  3.1290E+00  5.1606E-02 -3.1183E+00
  3.4060E-01  3.8715E-01  1.8877E-03  2.9972E-01  3.0719E+00  4.9063E-02 -3.0623E+00
  3.4192E-01  3.9496E-01  1.8695E-03  2.9571E-01  3.0187E+00  4.6918E-02 -3.0100E+00
  3.4340E-01  4.0362E-01  1.8487E-03  2.9128E-01  2.9597E+00  4.4766E-02 -2.9517E+00
  3.4476E-01  4.1143E-01  1.8294E-03  2.8729E-01  2.9065E+00  4.3017E-02 -2.8991E+00
  3.4614E-01  4.1924E-01  1.8096E-03  2.8331E-01  2.8536E+00  4.1457E-02 -2.8468E+00
  3.4754E-01  4.2705E-01  1.7895E-03  2.7934E-01  2.8014E+00  4.0078E-02 -2.7950E+00
  3.4897E-01  4.3487E-01  1.7692E-03  2.7539E-01  2.7499E+00  3.8857E-02 -2.7438E+00
  3.5040E-01  4.4264E-01  1.7487E-03  2.7148E-01  2.6995E+00  3.7795E-02 -2.6938E+00
  3.5180E-01  4.5014E-01  1.7288E-03  2.6773E-01  2.6519E+00  3.6902E-02 -2.6464E+00
  3.5320E-01  4.5755E-01  1.7090E-03  2.6405E-01  2.6058E+00  3.6125E-02 -2.6005E+00
  3.5451E-01  4.6439E-01  1.6907E-03  2.6067E-01  2.5642E+00  3.5480E-02 -2.5590E+00
  3.5600E-01  4.7212E-01  1.6700E-03  2.5687E-01  2.5182E+00  3.4816E-02 -2.5132E+00
  3.5733E-01  4.7896E-01  1.6518E-03  2.5353E-01  2.4785E+00  3.4268E-02 -2.4736E+00
  3.5880E-01  4.8639E-01  1.6319E-03  2.4993E-01  2.4362E+00  3.3676E-02 -2.4314E+00
  3.6016E-01  4.9323E-01  1.6137E-03  2.4664E-01  2.3982E+00  3.3114E-02 -2.3935E+00
  3.6153E-01  5.0007E-01  1.5957E-03  2.4336E-01  2.3608E+00  3.2500E-02 -2.3563E+00
  3.6292E-01  5.0690E-01  1.5777E-03  2.4012E-01  2.3240E+00  3.1778E-02 -2.3196E+00
  3.6432E-01  5.1374E-01  1.5598E-03  2.3689E-01  2.2875E+00  3.0900E-02 -2.2833E+00
  3.6572E-01  5.2057E-01  1.5421E-03  2.3369E-01  2.2511E+00  2.9818E-02 -2.2472E+00
  3.6714E-01  5.2741E-01  1.5245E-03  2.3052E-01  2.2146E+00  2.8453E-02 -2.2109E+00
  3.6858E-01  5.3425E-01  1.5070E-03  2.2737E-01  2.1774E+00  2.6733E-02 -2.1741E+00
  3.7000E-01  5.4100E-01  1.4899E-03  2.2429E-01  2.1397E+00  2.4638E-02 -2.1369E+00
  3.7140E-01  5.4759E-01  1.4733E-03  2.2131E-01  2.1013E+00  2.2150E-02 -2.0990E+00
  3.7280E-01  5.5414E-01  1.4570E-03  2.1839E-01  2.0611E+00  1.9281E-02 -2.0593E+00
  3.7420E-01  5.6064E-01  1.4407E-03  2.1553E-01  2.0186E+00  1.6389E-02 -2.0173E+00
  3.7560E-01  5.6711E-01  1.4245E-03  2.1272E-01  1.9732E+00  1.4351E-02 -1.9722E+00
  3.7700E-01  5.7353E-01  1.4081E-03  2.0998E-01  1.9243E+00  1.4774E-02 -1.9232E+00
  3.7840E-01  5.7992E-01  1.3914E-03  2.0731E-01  1.8718E+00  1.8649E-02 -1.8699E+00
  3.7980E-01  5.8627E-01  1.3739E-03  2.0472E-01  1.8158E+00  2.5125E-02 -1.8123E+00
  3.8120E-01  5.9259E-01  1.3555E-03  2.0222E-01  1.7561E+00  3.3101E-02 -1.7499E+00
  3.8250E-01  5.9845E-01  1.3372E-03  1.9996E-01  1.6976E+00  4.1234E-02 -1.6875E+00
  3.8400E-01  6.0515E-01  1.3144E-03  1.9748E-01  1.6275E+00  5.0586E-02 -1.6116E+00
  3.8532E-01  6.1100E-01  1.2925E-03  1.9539E-01  1.5639E+00  5.8210E-02 -1.5418E+00
  3.8680E-01  6.1759E-01  1.2660E-03  1.9314E-01  1.4903E+00  6.5792E-02 -1.4605E+00
  3.8813E-01  6.2345E-01  1.2406E-03  1.9124E-01  1.4229E+00  7.1459E-02 -1.3858E+00
  3.8960E-01  6.2994E-01  1.2109E-03  1.8924E-01  1.3468E+00  7.6220E-02 -1.3018E+00
  3.9093E-01  6.3580E-01  1.1832E-03  1.8754E-01  1.2771E+00  7.8995E-02 -1.2256E+00
  3.9240E-01  6.4221E-01  1.1518E-03  1.8580E-01  1.1996E+00  8.0370E-02 -1.1424E+00
  3.9374E-01  6.4807E-01  1.1231E-03  1.8430E-01  1.1282E+00  8.0145E-02 -1.0672E+00
  3.9520E-01  6.5442E-01  1.0925E-03  1.8280E-01  1.0511E+00  7.8363E-02 -9.8795E-01
  3.9655E-01  6.6028E-01  1.0651E-03  1.8150E-01  9.8000E-01  7.5298E-02 -9.1700E-01
  3.9800E-01  6.6658E-01  1.0372E-03  1.8022E-01  9.0482E-01  7.0705E-02 -8.4423E-01
  3.9935E-01  6.7244E-01  1.0130E-03  1.7912E-01  8.3703E-01  6.5415E-02 -7.8065E-01
  4.0071E-01  6.7830E-01  9.9052E-04  1.7810E-01  7.7197E-01  5.9335E-02 -7.2144E-01
  4.0220E-01  6.8475E-01  9.6836E-04  1.7706E-01  7.0493E-01  5.2074E-02 -6.6215E-01
  4.0356E-01  6.9061E-01  9.5042E-04  1.7619E-01  6.4894E-01  4.5202E-02 -6.1385E-01
  4.0492E-01  6.9647E-01  9.3455E-04  1.7539E-01  5.9873E-01  3.8418E-02 -5.7122E-01
  4.0640E-01  7.0286E-01  9.1955E-04  1.7457E-01  5.5172E-01  3.1576E-02 -5.3153E-01
  4.0776E-01  7.0872E-01  9.0768E-04  1.7387E-01  5.1540E-01  2.5928E-02 -5.0080E-01
  4.0912E-01  7.1458E-01  8.9745E-04  1.7320E-01  4.8514E-01  2.0942E-02 -4.7501E-01
  4.1060E-01  7.2095E-01  8.8797E-04  1.7252E-01  4.5882E-01  1.6401E-02 -4.5223E-01
  4.1196E-01  7.2681E-01  8.8044E-04  1.7191E-01  4.3959E-01  1.2992E-02 -4.3526E-01
  4.1332E-01  7.3267E-01  8.7390E-04  1.7133E-01  4.2437E-01  1.0270E-02 -4.2155E-01
  4.1480E-01  7.3902E-01  8.6773E-04  1.7072E-01  4.1138E-01  7.9029E-03 -4.0965E-01
  4.1616E-01  7.4488E-01  8.6266E-04  1.7016E-01  4.0189E-01  6.1646E-03 -4.0081E-01
  4.1753E-01  7.5074E-01  8.5810E-04  1.6962E-01  3.9436E-01  4.8236E-03 -3.9368E-01
  4.1900E-01  7.5707E-01  8.5363E-04  1.6905E-01  3.8789E-01  3.6876E-03 -3.8748E-01
  4.2036E-01  7.6293E-01  8.4982E-04  1.6852E-01  3.8305E-01  2.8543E-03 -3.8281E-01
  4.2173E-01  7.6879E-01  8.4626E-04  1.6800E-01  3.7913E-01  2.2154E-03 -3.7898E-01
  4.2320E-01  7.7513E-01  8.4265E-04  1.6745E-01  3.7569E-01  1.6987E-03 -3.7560E-01
  4.2456E-01  7.8099E-01  8.3947E-04  1.6694E-01  3.7308E-01  1.3446E-03 -3.7303E-01
  4.2593E-01  7.8685E-01  8.3642E-04  1.6643E-01  3.7091E-01  1.1063E-03 -3.7088E-01
  4.2740E-01  7.9318E-01  8.3325E-04  1.6588E-01  3.6899E-01  9.6422E-04 -3.6896E-01
  4.2876E-01  7.9904E-01  8.3040E-04  1.6538E-01  3.6750E-01  9.1284E-04 -3.6748E-01
  4.3013E-01  8.0489E-01  8.2763E-04  1.6488E-01  3.6625E-01  9.1697E-04 -3.6622E-01
  4.3160E-01  8.1122E-01  8.2470E-04  1.6434E-01  3.6513E-01  9.5612E-04 -3.6510E-01
  4.3296E-01  8.1708E-01  8.2204E-04  1.6385E-01  3.6425E-01  1.0071E-03 -3.6422E-01
  4.3433E-01  8.2294E-01  8.1942E-04  1.6335E-01  3.6352E-01  1.0634E-03 -3.6348E-01
  4.3580E-01  8.2927E-01  8.1663E-04  1.6282E-01  3.6285E-01  1.1235E-03 -3.6281E-01
  4.3716E-01  8.3513E-01  8.1408E-04  1.6232E-01  3.6234E-01  1.1763E-03 -3.6229E-01
  4.3853E-01  8.4099E-01  8.1155E-04  1.6183E-01  3.6191E-01  1.2254E-03 -3.6186E-01
  4.4000E-01  8.4731E-01  8.0885E-04  1.6129E-01  3.6153E-01  1.2727E-03 -3.6147E-01
  4.4136E-01  8.5317E-01  8.0638E-04  1.6080E-01  3.6123E-01  1.3114E-03 -3.6117E-01
  4.4273E-01  8.5903E-01  8.0391E-04  1.6031E-01  3.6099E-01  1.3459E-03 -3.6093E-01
  4.4420E-01  8.6535E-01  8.0127E-04  1.5978E-01  3.6078E-01  1.3781E-03 -3.6071E-01
  4.4700E-01  8.7738E-01  7.9629E-04  1.5877E-01  3.6049E-01  1.4265E-03 -3.6042E-01
