# nurbs mesh v.2.1
#
# 14-Jun-2020
#
2 2 6 3 0 
PATCH 1 
4 4 
5 5 
0.000000000000000   0.000000000000000   0.000000000000000   0.000000000000000   0.000000000000000   1.000000000000000   1.000000000000000   1.000000000000000   1.000000000000000   1.000000000000000   
0.000000000000000   0.000000000000000   0.000000000000000   0.000000000000000   0.000000000000000   1.000000000000000   1.000000000000000   1.000000000000000   1.000000000000000   1.000000000000000   
0.302000000000000   0.302000000000000   0.302000000000000   0.302000000000000   0.302000000000000   0.304375000000000   0.306555894842173   0.306032761601461   0.305932267858653   0.306150203084128   0.306750000000000   0.311111789684347   0.310065523202921   0.309864535717306   0.310300406168255   0.309125000000000   0.315667684526520   0.314098284804382   0.313796803575960   0.314450609252383   0.311500000000000   0.320223579368694   0.318131046405843   0.317729071434613   0.318600812336511   
0.020400000000000   0.024750000000000   0.029100000000000   0.033450000000000   0.037800000000000   0.020300000000000   0.025940600460008   0.030076947820200   0.034073816750398   0.037964106212378   0.020200000000000   0.027131200920015   0.031053895640401   0.034697633500796   0.038128212424756   0.020100000000000   0.028321801380023   0.032030843460601   0.035321450251194   0.038292318637134   0.020000000000000   0.029512401840031   0.033007791280801   0.035945267001593   0.038456424849511   
1.000000000000000   1.000000000000000   1.000000000000000   1.000000000000000   1.000000000000000   1.000000000000000   1.003981141268509   1.001075130903149   0.999890908446256   1.000000000000000   1.000000000000000   1.007962282537019   1.002150261806298   0.999781816892512   1.000000000000000   1.000000000000000   1.011943423805528   1.003225392709447   0.999672725338768   1.000000000000000   1.000000000000000   1.015924565074038   1.004300523612596   0.999563633785024   1.000000000000000   
PATCH 2 
4 4 
5 5 
0.000000000000000   0.000000000000000   0.000000000000000   0.000000000000000   0.000000000000000   1.000000000000000   1.000000000000000   1.000000000000000   1.000000000000000   1.000000000000000   
0.000000000000000   0.000000000000000   0.000000000000000   0.000000000000000   0.000000000000000   1.000000000000000   1.000000000000000   1.000000000000000   1.000000000000000   1.000000000000000   
0.302000000000000   0.302000000000000   0.302000000000000   0.302000000000000   0.302000000000000   0.306150203084128   0.303894931489602   0.304505520609613   0.305168286144319   0.305874345705977   0.310300406168255   0.305789862979204   0.307011041219226   0.308336572288639   0.309748691411955   0.314450609252383   0.307684794468807   0.309516561828839   0.311504858432958   0.313623037117933   0.318600812336511   0.309579725958409   0.312022082438451   0.314673144577278   0.317497382823910   
0.037800000000000   0.039600000000000   0.041400000000000   0.043200000000000   0.045000000000000   0.037964106212378   0.040940713169725   0.042958104913108   0.044904553410496   0.046791671335848   0.038128212424756   0.042281426339450   0.044516209826217   0.046609106820992   0.048583342671697   0.038292318637134   0.043622139509174   0.046074314739325   0.048313660231488   0.050375014007545   0.038456424849511   0.044962852678899   0.047632419652434   0.050018213641984   0.052166685343393   
1.000000000000000   1.000000000000000   1.000000000000000   1.000000000000000   1.000000000000000   1.000000000000000   0.991220095225128   0.994080016545989   0.997010968721160   1.000000000000000   1.000000000000000   0.982440190450256   0.988160033091978   0.994021937442319   1.000000000000000   1.000000000000000   0.973660285675384   0.982240049637967   0.991032906163479   1.000000000000000   1.000000000000000   0.964880380900512   0.976320066183956   0.988043874884638   1.000000000000000   
PATCH 3 
4 4 
5 5 
0.000000000000000   0.000000000000000   0.000000000000000   0.000000000000000   0.000000000000000   1.000000000000000   1.000000000000000   1.000000000000000   1.000000000000000   1.000000000000000   
0.000000000000000   0.000000000000000   0.000000000000000   0.000000000000000   0.000000000000000   1.000000000000000   1.000000000000000   1.000000000000000   1.000000000000000   1.000000000000000   
0.277250000000000   0.278008486120234   0.278766972240468   0.279525458360701   0.280283944480935   0.283437500000000   0.282584649498676   0.281731798997353   0.280878948496029   0.280026097994706   0.289625000000000   0.287120676459656   0.284616352919312   0.282112029378968   0.279607705838624   0.295812500000000   0.291612803999167   0.287413107998334   0.283213411997501   0.279013715996668   0.302000000000000   0.297216337314996   0.292432674629993   0.287649011944989   0.282865349259986   
0.045000000000000   0.047543756750363   0.050087513500727   0.052631270251090   0.055175027001454   0.045000000000000   0.047395875006590   0.049791750013180   0.052187625019769   0.054583500026359   0.045000000000000   0.047236418118820   0.049472836237639   0.051709254356459   0.053945672475279   0.045000000000000   0.047064304757961   0.049128609515922   0.051192914273884   0.053257219031845   0.045000000000000   0.045369109690094   0.045738219380187   0.046107329070281   0.046476438760375   
1.000000000000000   0.979735439070414   0.959470878140828   0.939206317211242   0.918941756281656   1.000000000000000   0.977841088971215   0.955682177942431   0.933523266913646   0.911364355884861   1.000000000000000   0.975769653253888   0.951539306507775   0.927308959761662   0.903078613015550   1.000000000000000   0.973504577789306   0.947009155578612   0.920513733367919   0.894018311157225   1.000000000000000   0.972730457448265   0.945460914896530   0.918191372344795   0.890921829793060   
PATCH 4 
4 4 
5 5 
0.000000000000000   0.000000000000000   0.000000000000000   0.000000000000000   0.000000000000000   1.000000000000000   1.000000000000000   1.000000000000000   1.000000000000000   1.000000000000000   
0.000000000000000   0.000000000000000   0.000000000000000   0.000000000000000   0.000000000000000   1.000000000000000   1.000000000000000   1.000000000000000   1.000000000000000   1.000000000000000   
0.252500000000000   0.248125000000000   0.243750000000000   0.239375000000000   0.235000000000000   0.258687500000000   0.257141081286741   0.255594662573483   0.254048243860224   0.252501825146965   0.264875000000000   0.266157162573482   0.267439325146965   0.268721487720447   0.270003650293930   0.271062500000000   0.275173243860224   0.279283987720447   0.283394731580671   0.287505475440895   0.277250000000000   0.284189325146965   0.291128650293930   0.298067975440895   0.305007300587860   
0.045000000000000   0.047500000000000   0.050000000000000   0.052500000000000   0.055000000000000   0.045000000000000   0.047815119971852   0.050630239943703   0.053445359915555   0.056260479887406   0.045000000000000   0.048130239943703   0.051260479887406   0.054390719831109   0.057520959774812   0.045000000000000   0.048445359915555   0.051890719831109   0.055336079746664   0.058781439662218   0.045000000000000   0.048760479887406   0.052520959774812   0.056281439662218   0.060041919549624   
1.000000000000000   1.000000000000000   1.000000000000000   1.000000000000000   1.000000000000000   1.000000000000000   1.000000000000000   1.000000000000000   1.000000000000000   1.000000000000000   1.000000000000000   1.000000000000000   1.000000000000000   1.000000000000000   1.000000000000000   1.000000000000000   1.000000000000000   1.000000000000000   1.000000000000000   1.000000000000000   1.000000000000000   1.000000000000000   1.000000000000000   1.000000000000000   1.000000000000000   
PATCH 5 
4 4 
5 5 
0.000000000000000   0.000000000000000   0.000000000000000   0.000000000000000   0.000000000000000   1.000000000000000   1.000000000000000   1.000000000000000   1.000000000000000   1.000000000000000   
0.000000000000000   0.000000000000000   0.000000000000000   0.000000000000000   0.000000000000000   1.000000000000000   1.000000000000000   1.000000000000000   1.000000000000000   1.000000000000000   
0.220494033478707   0.207294195926025   0.198640059082699   0.189504511183575   0.179926752286366   0.224120525109030   0.228764142249809   0.236817034922605   0.244508869303552   0.251869045435936   0.227747016739353   0.236138421077823   0.246802675770971   0.257226224936220   0.267428668602427   0.231373508369677   0.243526182798659   0.256815282404980   0.269984029247352   0.283042223340203   0.235000000000000   0.246320986120234   0.257641972240467   0.268962958360701   0.280283944480935   
0.055122222794803   0.058663375309692   0.056062346396915   0.053341157936720   0.050509583352209   0.055091667096103   0.060729015978980   0.061759728791108   0.062700321942673   0.063558125501000   0.055061111397402   0.059276051025035   0.060419899938836   0.061503669078928   0.062532245156861   0.055030555698701   0.057822197114168   0.059078293172719   0.060304349344415   0.061502808985032   0.055000000000000   0.055043756750363   0.055087513500727   0.055131270251090   0.055175027001454   
1.000000000000000   0.936288786247090   0.886793099942005   0.835439448978459   0.782378989803242   1.000000000000000   0.993020529097210   0.996702703780288   0.998991404969521   1.000000000000000   1.000000000000000   0.995347019398140   0.997801802520192   0.999327603313014   1.000000000000000   1.000000000000000   0.997673509699070   0.998900901260096   0.999663801656507   1.000000000000000   1.000000000000000   0.979735439070414   0.959470878140828   0.939206317211242   0.918941756281656   
PATCH 6 
4 4 
5 5 
0.000000000000000   0.000000000000000   0.000000000000000   0.000000000000000   0.000000000000000   1.000000000000000   1.000000000000000   1.000000000000000   1.000000000000000   1.000000000000000   
0.000000000000000   0.000000000000000   0.000000000000000   0.000000000000000   0.000000000000000   1.000000000000000   1.000000000000000   1.000000000000000   1.000000000000000   1.000000000000000   
0.230000000000000   0.171512523952307   0.187461556043573   0.203819519495314   0.220494033478707   0.235625000000000   0.190665642964230   0.201533667032679   0.212708389621486   0.224120525109030   0.241250000000000   0.209818761976153   0.215605778021786   0.221597259747657   0.227747016739353   0.246875000000000   0.228971880988077   0.229677889010893   0.230486129873829   0.231373508369677   0.252500000000000   0.248125000000000   0.243750000000000   0.239375000000000   0.235000000000000   
0.045000000000000   0.035806970186507   0.042746888811388   0.049148418408746   0.055122222794803   0.045000000000000   0.038730227639880   0.044560166608541   0.049986313806560   0.055091667096103   0.045000000000000   0.041653485093254   0.046373444405694   0.050824209204373   0.055061111397402   0.045000000000000   0.044576742546627   0.048186722202847   0.051662104602187   0.055030555698701   0.045000000000000   0.047500000000000   0.050000000000000   0.052500000000000   0.055000000000000   
1.000000000000000   0.779439949751883   0.851773118317219   0.925391593359163   1.000000000000000   1.000000000000000   0.834579962313912   0.888829838737914   0.944043695019372   1.000000000000000   1.000000000000000   0.889719974875942   0.925886559158610   0.962695796679581   1.000000000000000   1.000000000000000   0.944859987437971   0.962943279579305   0.981347898339791   1.000000000000000   1.000000000000000   1.000000000000000   1.000000000000000   1.000000000000000   1.000000000000000   
INTERFACE 1 
1 2 
2 1 
1 
INTERFACE 2 
4 3 
6 4 
1 
INTERFACE 3 
5 1 
6 2 
1 
BOUNDARY 1 
12 
1 4 
2 4 
3 2 
5 2 
5 3 
6 3 
6 1 
4 1 
3 1 
2 3 
1 3 
1 1 
