  0.0000E+00  0.0000E+00  3.0700E-01  0.0000E+00  0.0000E+00  0.0000E+00  0.0000E+00 -1.0000E-05   1  -1
  5.0000E-04  0.0000E+00  0.0000E+00  0.0000E+00  0.0000E+00  0.0000E+00  5.0000E-04 -1.0000E-05   1  -3
  0.0000E+00  5.0000E-04  0.0000E+00  0.0000E+00  0.0000E+00  0.0000E+00 -5.0000E-04 -1.0000E-05   1  -3
  1.0000E-03  0.0000E+00  0.0000E+00  0.0000E+00  0.0000E+00  0.0000E+00  1.0000E-03 -1.0000E-05   1  -3
  0.0000E+00  1.0000E-03  0.0000E+00  0.0000E+00  0.0000E+00  0.0000E+00 -1.0000E-03 -1.0000E-05   1  -3
  1.5000E-03  0.0000E+00  0.0000E+00  0.0000E+00  0.0000E+00  0.0000E+00  1.5000E-03 -1.0000E-05   1  -3
  0.0000E+00  1.5000E-03  0.0000E+00  0.0000E+00  0.0000E+00  0.0000E+00 -1.5000E-03 -1.0000E-05   1  -3
  1.3337E-03  1.1897E-03  0.0000E+00  0.0000E+00  0.0000E+00  0.0000E+00 -4.5337E-04 -1.0000E-05   1  -1
  5.7088E-04  3.7032E-04  0.0000E+00  0.0000E+00  0.0000E+00  0.0000E+00  7.4400E-04 -1.0000E-05   1  -1
  5.0253E-05 -2.0237E-04  0.0000E+00  0.0000E+00  0.0000E+00  0.0000E+00 -1.2516E-03 -1.0000E-05   1  -1
