  3.0831E-01  6.8603E-02  1.8305E-03  3.9860E-01  1.3887E+00  4.1572E-02 -9.9264E-01
  3.0971E-01  1.0376E-01  1.8562E-03  3.9673E-01  2.0249E+00  7.5710E-02 -1.6520E+00
  3.1114E-01  1.3013E-01  1.8899E-03  3.9398E-01  2.5118E+00  9.8746E-02 -2.1951E+00
  3.1254E-01  1.5161E-01  1.9239E-03  3.9062E-01  2.8761E+00  1.1222E-01 -2.6161E+00
  3.1391E-01  1.7017E-01  1.9546E-03  3.8681E-01  3.1483E+00  1.1921E-01 -2.9363E+00
  3.1535E-01  1.8774E-01  1.9825E-03  3.8238E-01  3.3610E+00  1.2150E-01 -3.1913E+00
  3.1676E-01  2.0337E-01  2.0044E-03  3.7778E-01  3.5091E+00  1.2049E-01 -3.3720E+00
  3.1817E-01  2.1802E-01  2.0213E-03  3.7293E-01  3.6121E+00  1.1733E-01 -3.5013E+00
  3.1958E-01  2.3169E-01  2.0330E-03  3.6795E-01  3.6771E+00  1.1289E-01 -3.5869E+00
  3.2096E-01  2.4438E-01  2.0400E-03  3.6296E-01  3.7118E+00  1.0779E-01 -3.6377E+00
  3.2240E-01  2.5702E-01  2.0430E-03  3.5769E-01  3.7235E+00  1.0204E-01 -3.6628E+00
  3.2380E-01  2.6872E-01  2.0421E-03  3.5256E-01  3.7158E+00  9.6296E-02 -3.6655E+00
  3.2514E-01  2.7946E-01  2.0383E-03  3.4766E-01  3.6946E+00  9.0805E-02 -3.6523E+00
  3.2652E-01  2.9021E-01  2.0315E-03  3.4261E-01  3.6614E+00  8.5222E-02 -3.6260E+00
  3.2796E-01  3.0095E-01  2.0218E-03  3.3743E-01  3.6177E+00  7.9655E-02 -3.5880E+00
  3.2931E-01  3.1071E-01  2.0107E-03  3.3262E-01  3.5700E+00  7.4687E-02 -3.5448E+00
  3.3080E-01  3.2122E-01  1.9963E-03  3.2736E-01  3.5116E+00  6.9518E-02 -3.4904E+00
  3.3220E-01  3.3080E-01  1.9812E-03  3.2250E-01  3.4529E+00  6.5017E-02 -3.4348E+00
  3.3352E-01  3.3958E-01  1.9658E-03  3.1801E-01  3.3954E+00  6.1099E-02 -3.3797E+00
  3.3500E-01  3.4925E-01  1.9473E-03  3.1303E-01  3.3289E+00  5.7056E-02 -3.3154E+00
  3.3638E-01  3.5804E-01  1.9291E-03  3.0849E-01  3.2662E+00  5.3635E-02 -3.2544E+00
  3.3779E-01  3.6683E-01  1.9098E-03  3.0393E-01  3.2020E+00  5.0473E-02 -3.1916E+00
  3.3920E-01  3.7545E-01  1.8898E-03  2.9946E-01  3.1380E+00  4.7629E-02 -3.1288E+00
  3.4050E-01  3.8326E-01  1.8711E-03  2.9542E-01  3.0797E+00  4.5278E-02 -3.0714E+00
  3.4199E-01  3.9205E-01  1.8492E-03  2.9088E-01  3.0140E+00  4.2891E-02 -3.0066E+00
  3.4334E-01  3.9987E-01  1.8293E-03  2.8686E-01  2.9559E+00  4.0994E-02 -2.9491E+00
  3.4470E-01  4.0768E-01  1.8089E-03  2.8286E-01  2.8983E+00  3.9304E-02 -2.8920E+00
  3.4620E-01  4.1610E-01  1.7865E-03  2.7856E-01  2.8370E+00  3.7706E-02 -2.8312E+00
  3.4760E-01  4.2386E-01  1.7656E-03  2.7463E-01  2.7815E+00  3.6427E-02 -2.7761E+00
  3.4900E-01  4.3152E-01  1.7448E-03  2.7077E-01  2.7278E+00  3.5336E-02 -2.7227E+00
  3.5040E-01  4.3908E-01  1.7241E-03  2.6698E-01  2.6759E+00  3.4411E-02 -2.6710E+00
  3.5180E-01  4.4655E-01  1.7036E-03  2.6326E-01  2.6259E+00  3.3630E-02 -2.6212E+00
  3.5320E-01  4.5393E-01  1.6833E-03  2.5961E-01  2.5778E+00  3.2966E-02 -2.5732E+00
  3.5451E-01  4.6076E-01  1.6645E-03  2.5626E-01  2.5343E+00  3.2430E-02 -2.5298E+00
  3.5600E-01  4.6845E-01  1.6434E-03  2.5252E-01  2.4867E+00  3.1895E-02 -2.4824E+00
  3.5734E-01  4.7528E-01  1.6247E-03  2.4921E-01  2.4456E+00  3.1457E-02 -2.4413E+00
  3.5880E-01  4.8267E-01  1.6046E-03  2.4566E-01  2.4023E+00  3.1001E-02 -2.3981E+00
  3.6016E-01  4.8951E-01  1.5861E-03  2.4241E-01  2.3632E+00  3.0564E-02 -2.3591E+00
  3.6154E-01  4.9635E-01  1.5678E-03  2.3917E-01  2.3251E+00  3.0080E-02 -2.3210E+00
  3.6293E-01  5.0318E-01  1.5496E-03  2.3597E-01  2.2876E+00  2.9503E-02 -2.2837E+00
  3.6433E-01  5.1002E-01  1.5316E-03  2.3278E-01  2.2507E+00  2.8784E-02 -2.2469E+00
  3.6574E-01  5.1685E-01  1.5137E-03  2.2963E-01  2.2141E+00  2.7866E-02 -2.2105E+00
  3.6717E-01  5.2369E-01  1.4960E-03  2.2650E-01  2.1775E+00  2.6685E-02 -2.1741E+00
  3.6860E-01  5.3052E-01  1.4785E-03  2.2340E-01  2.1405E+00  2.5177E-02 -2.1375E+00
  3.7000E-01  5.3715E-01  1.4617E-03  2.2042E-01  2.1039E+00  2.3342E-02 -2.1012E+00
  3.7140E-01  5.4373E-01  1.4451E-03  2.1749E-01  2.0663E+00  2.1106E-02 -2.0641E+00
  3.7280E-01  5.5027E-01  1.4288E-03  2.1462E-01  2.0270E+00  1.8507E-02 -2.0253E+00
  3.7420E-01  5.5676E-01  1.4127E-03  2.1180E-01  1.9857E+00  1.5796E-02 -1.9844E+00
  3.7560E-01  5.6322E-01  1.3967E-03  2.0905E-01  1.9415E+00  1.3745E-02 -1.9405E+00
  3.7700E-01  5.6964E-01  1.3806E-03  2.0635E-01  1.8942E+00  1.3882E-02 -1.8932E+00
  3.7840E-01  5.7602E-01  1.3642E-03  2.0372E-01  1.8433E+00  1.7345E-02 -1.8416E+00
  3.7980E-01  5.8236E-01  1.3473E-03  2.0117E-01  1.7887E+00  2.3527E-02 -1.7855E+00
  3.8120E-01  5.8868E-01  1.3295E-03  1.9870E-01  1.7306E+00  3.1311E-02 -1.7247E+00
  3.8251E-01  5.9454E-01  1.3116E-03  1.9647E-01  1.6735E+00  3.9228E-02 -1.6639E+00
  3.8400E-01  6.0122E-01  1.2894E-03  1.9403E-01  1.6053E+00  4.8316E-02 -1.5901E+00
  3.8532E-01  6.0708E-01  1.2681E-03  1.9196E-01  1.5431E+00  5.5844E-02 -1.5219E+00
  3.8680E-01  6.1365E-01  1.2420E-03  1.8975E-01  1.4712E+00  6.3302E-02 -1.4424E+00
  3.8813E-01  6.1951E-01  1.2171E-03  1.8787E-01  1.4056E+00  6.8783E-02 -1.3696E+00
  3.8960E-01  6.2600E-01  1.1878E-03  1.8590E-01  1.3314E+00  7.3353E-02 -1.2879E+00
  3.9094E-01  6.3186E-01  1.1603E-03  1.8421E-01  1.2633E+00  7.6048E-02 -1.2135E+00
  3.9240E-01  6.3826E-01  1.1295E-03  1.8248E-01  1.1878E+00  7.7374E-02 -1.1325E+00
  3.9374E-01  6.4412E-01  1.1011E-03  1.8100E-01  1.1182E+00  7.7126E-02 -1.0593E+00
  3.9520E-01  6.5047E-01  1.0708E-03  1.7951E-01  1.0426E+00  7.5329E-02 -9.8180E-01
  3.9655E-01  6.5633E-01  1.0437E-03  1.7822E-01  9.7316E-01  7.2344E-02 -9.1260E-01
  3.9800E-01  6.6262E-01  1.0161E-03  1.7694E-01  8.9972E-01  6.7850E-02 -8.4166E-01
  3.9935E-01  6.6848E-01  9.9219E-04  1.7584E-01  8.3320E-01  6.2637E-02 -7.7947E-01
  4.0071E-01  6.7434E-01  9.7021E-04  1.7482E-01  7.6942E-01  5.6635E-02 -7.2162E-01
  4.0220E-01  6.8079E-01  9.4839E-04  1.7379E-01  7.0366E-01  4.9436E-02 -6.6369E-01
  4.0356E-01  6.8665E-01  9.3078E-04  1.7292E-01  6.4915E-01  4.2701E-02 -6.1675E-01
  4.0492E-01  6.9250E-01  9.1525E-04  1.7210E-01  6.0051E-01  3.6088E-02 -5.7545E-01
  4.0640E-01  6.9890E-01  9.0055E-04  1.7128E-01  5.5496E-01  2.9379E-02 -5.3695E-01
  4.0776E-01  7.0476E-01  8.8897E-04  1.7057E-01  5.2011E-01  2.3890E-02 -5.0739E-01
  4.0912E-01  7.1062E-01  8.7898E-04  1.6989E-01  4.9156E-01  1.9168E-02 -4.8287E-01
  4.1060E-01  7.1698E-01  8.6969E-04  1.6920E-01  4.6679E-01  1.4910E-02 -4.6124E-01
  4.1196E-01  7.2284E-01  8.6232E-04  1.6858E-01  4.4884E-01  1.1749E-02 -4.4524E-01
  4.1332E-01  7.2870E-01  8.5588E-04  1.6798E-01  4.3463E-01  9.2132E-03 -4.3233E-01
  4.1480E-01  7.3505E-01  8.4975E-04  1.6735E-01  4.2254E-01  7.0560E-03 -4.2115E-01
  4.1616E-01  7.4091E-01  8.4471E-04  1.6678E-01  4.1377E-01  5.5092E-03 -4.1290E-01
  4.1753E-01  7.4677E-01  8.4013E-04  1.6623E-01  4.0675E-01  4.2966E-03 -4.0621E-01
  4.1900E-01  7.5310E-01  8.3561E-04  1.6563E-01  4.0070E-01  3.2917E-03 -4.0038E-01
  4.2036E-01  7.5896E-01  8.3173E-04  1.6509E-01  3.9621E-01  2.5903E-03 -3.9601E-01
  4.2173E-01  7.6482E-01  8.2809E-04  1.6455E-01  3.9255E-01  2.0687E-03 -3.9242E-01
  4.2320E-01  7.7116E-01  8.2437E-04  1.6398E-01  3.8933E-01  1.6791E-03 -3.8924E-01
  4.2456E-01  7.7702E-01  8.2108E-04  1.6345E-01  3.8688E-01  1.4537E-03 -3.8681E-01
  4.2593E-01  7.8287E-01  8.1792E-04  1.6292E-01  3.8485E-01  1.3334E-03 -3.8480E-01
  4.2740E-01  7.8920E-01  8.1461E-04  1.6236E-01  3.8304E-01  1.2892E-03 -3.8299E-01
  4.2876E-01  7.9506E-01  8.1164E-04  1.6183E-01  3.8164E-01  1.2978E-03 -3.8159E-01
  4.3013E-01  8.0092E-01  8.0873E-04  1.6132E-01  3.8047E-01  1.3325E-03 -3.8041E-01
  4.3160E-01  8.0725E-01  8.0566E-04  1.6076E-01  3.7941E-01  1.3833E-03 -3.7935E-01
  4.3296E-01  8.1311E-01  8.0286E-04  1.6024E-01  3.7859E-01  1.4343E-03 -3.7852E-01
  4.3433E-01  8.1897E-01  8.0010E-04  1.5972E-01  3.7789E-01  1.4850E-03 -3.7782E-01
  4.3580E-01  8.2529E-01  7.9715E-04  1.5917E-01  3.7727E-01  1.5372E-03 -3.7719E-01
  4.3716E-01  8.3115E-01  7.9445E-04  1.5865E-01  3.7679E-01  1.5821E-03 -3.7670E-01
  4.3853E-01  8.3701E-01  7.9178E-04  1.5814E-01  3.7638E-01  1.6230E-03 -3.7629E-01
  4.4000E-01  8.4334E-01  7.8892E-04  1.5759E-01  3.7602E-01  1.6623E-03 -3.7592E-01
  4.4136E-01  8.4920E-01  7.8629E-04  1.5707E-01  3.7574E-01  1.6947E-03 -3.7564E-01
  4.4273E-01  8.5506E-01  7.8368E-04  1.5656E-01  3.7551E-01  1.7232E-03 -3.7540E-01
  4.4420E-01  8.6138E-01  7.8087E-04  1.5601E-01  3.7531E-01  1.7500E-03 -3.7520E-01
  4.4700E-01  8.7341E-01  7.7558E-04  1.5496E-01  3.7504E-01  1.7905E-03 -3.7492E-01
