  3.0831E-01  7.5515E-02  4.2062E-05  3.9971E-01  5.6385E-01  9.1165E-03 -5.2813E-01
  3.0972E-01  1.0921E-01  3.9679E-05  3.9843E-01  1.2963E+00  1.6001E-02 -1.2740E+00
  3.1112E-01  1.3460E-01  3.7420E-05  3.9620E-01  1.8993E+00  2.0528E-02 -1.8828E+00
  3.1253E-01  1.5608E-01  3.5155E-05  3.9318E-01  2.3925E+00  2.3302E-02 -2.3799E+00
  3.1392E-01  1.7464E-01  3.2817E-05  3.8962E-01  2.7670E+00  2.5097E-02 -2.7569E+00
  3.1532E-01  1.9173E-01  3.0271E-05  3.8552E-01  3.0555E+00  2.5955E-02 -3.0473E+00
  3.1673E-01  2.0735E-01  2.7550E-05  3.8109E-01  3.2664E+00  2.6346E-02 -3.2595E+00
  3.1814E-01  2.2200E-01  2.4625E-05  3.7637E-01  3.4163E+00  2.6461E-02 -3.4105E+00
  3.1954E-01  2.3567E-01  2.1559E-05  3.7151E-01  3.5174E+00  2.6416E-02 -3.5123E+00
  3.2092E-01  2.4837E-01  1.8432E-05  3.6663E-01  3.5802E+00  2.6300E-02 -3.5757E+00
  3.2231E-01  2.6057E-01  1.5179E-05  3.6163E-01  3.6148E+00  2.6138E-02 -3.6108E+00
  3.2370E-01  2.7229E-01  1.1833E-05  3.5658E-01  3.6265E+00  2.5952E-02 -3.6228E+00
  3.2516E-01  2.8401E-01  8.2728E-06  3.5131E-01  3.6192E+00  2.5763E-02 -3.6158E+00
  3.2654E-01  2.9475E-01  4.8259E-06  3.4631E-01  3.5976E+00  2.5601E-02 -3.5944E+00
  3.2791E-01  3.0501E-01  1.3790E-06  3.4142E-01  3.5654E+00  2.5475E-02 -3.5624E+00
  3.2932E-01  3.1526E-01 -2.2114E-06  3.3642E-01  3.5234E+00  2.5379E-02 -3.5205E+00
  3.3071E-01  3.2503E-01 -5.7541E-06  3.3157E-01  3.4758E+00  2.5323E-02 -3.4730E+00
  3.3213E-01  3.3479E-01 -9.4073E-06  3.2667E-01  3.4219E+00  2.5298E-02 -3.4192E+00
  3.3352E-01  3.4407E-01 -1.2969E-05  3.2197E-01  3.3660E+00  2.5300E-02 -3.3633E+00
  3.3494E-01  3.5335E-01 -1.6613E-05  3.1723E-01  3.3063E+00  2.5327E-02 -3.3036E+00
  3.3631E-01  3.6214E-01 -2.0135E-05  3.1272E-01  3.2470E+00  2.5375E-02 -3.2444E+00
  3.3772E-01  3.7092E-01 -2.3719E-05  3.0821E-01  3.1857E+00  2.5442E-02 -3.1831E+00
  3.3915E-01  3.7971E-01 -2.7360E-05  3.0368E-01  3.1230E+00  2.5528E-02 -3.1204E+00
  3.4053E-01  3.8801E-01 -3.0847E-05  2.9942E-01  3.0630E+00  2.5624E-02 -3.0603E+00
  3.4194E-01  3.9632E-01 -3.4375E-05  2.9516E-01  3.0026E+00  2.5733E-02 -2.9999E+00
  3.4337E-01  4.0462E-01 -3.7939E-05  2.9092E-01  2.9422E+00  2.5853E-02 -2.9396E+00
  3.4473E-01  4.1243E-01 -4.1323E-05  2.8694E-01  2.8858E+00  2.5974E-02 -2.8831E+00
  3.4612E-01  4.2024E-01 -4.4731E-05  2.8298E-01  2.8299E+00  2.6101E-02 -2.8272E+00
  3.4753E-01  4.2805E-01 -4.8159E-05  2.7904E-01  2.7748E+00  2.6232E-02 -2.7721E+00
  3.4895E-01  4.3587E-01 -5.1606E-05  2.7513E-01  2.7207E+00  2.6366E-02 -2.7179E+00
  3.5031E-01  4.4319E-01 -5.4852E-05  2.7148E-01  2.6710E+00  2.6494E-02 -2.6682E+00
  3.5177E-01  4.5100E-01 -5.8326E-05  2.6762E-01  2.6192E+00  2.6632E-02 -2.6163E+00
  3.5316E-01  4.5833E-01 -6.1592E-05  2.6402E-01  2.5719E+00  2.6761E-02 -2.5689E+00
  3.5456E-01  4.6565E-01 -6.4864E-05  2.6044E-01  2.5258E+00  2.6891E-02 -2.5228E+00
  3.5598E-01  4.7298E-01 -6.8141E-05  2.5689E-01  2.4810E+00  2.7020E-02 -2.4779E+00
  3.5732E-01  4.7981E-01 -7.1201E-05  2.5361E-01  2.4404E+00  2.7139E-02 -2.4373E+00
  3.5877E-01  4.8714E-01 -7.4480E-05  2.5011E-01  2.3981E+00  2.7264E-02 -2.3950E+00
  3.6013E-01  4.9397E-01 -7.7541E-05  2.4687E-01  2.3599E+00  2.7376E-02 -2.3566E+00
  3.6151E-01  5.0081E-01 -8.0603E-05  2.4365E-01  2.3226E+00  2.7483E-02 -2.3193E+00
  3.6299E-01  5.0813E-01 -8.3884E-05  2.4023E-01  2.2837E+00  2.7592E-02 -2.2804E+00
  3.6439E-01  5.1497E-01 -8.6949E-05  2.3706E-01  2.2483E+00  2.7690E-02 -2.2449E+00
  3.6571E-01  5.2132E-01 -8.9797E-05  2.3413E-01  2.2160E+00  2.7776E-02 -2.2125E+00
  3.6713E-01  5.2815E-01 -9.2865E-05  2.3101E-01  2.1818E+00  2.7861E-02 -2.1783E+00
  3.6856E-01  5.3499E-01 -9.5937E-05  2.2791E-01  2.1480E+00  2.7935E-02 -2.1444E+00
  3.6990E-01  5.4134E-01 -9.8797E-05  2.2505E-01  2.1166E+00  2.7990E-02 -2.1130E+00
  3.7136E-01  5.4817E-01 -1.0189E-04  2.2200E-01  2.0826E+00  2.8035E-02 -2.0789E+00
  3.7272E-01  5.5452E-01 -1.0478E-04  2.1920E-01  2.0502E+00  2.8064E-02 -2.0464E+00
  3.7419E-01  5.6135E-01 -1.0792E-04  2.1621E-01  2.0140E+00  2.8083E-02 -2.0101E+00
  3.7557E-01  5.6770E-01 -1.1088E-04  2.1346E-01  1.9785E+00  2.8095E-02 -1.9745E+00
  3.7696E-01  5.7405E-01 -1.1389E-04  2.1075E-01  1.9404E+00  2.8104E-02 -1.9364E+00
  3.7835E-01  5.8040E-01 -1.1696E-04  2.0808E-01  1.8991E+00  2.8120E-02 -1.8950E+00
  3.7975E-01  5.8675E-01 -1.2011E-04  2.0545E-01  1.8535E+00  2.8161E-02 -1.8493E+00
  3.8116E-01  5.9309E-01 -1.2337E-04  2.0288E-01  1.8023E+00  2.8261E-02 -1.7979E+00
  3.8258E-01  5.9944E-01 -1.2676E-04  2.0037E-01  1.7438E+00  2.8488E-02 -1.7392E+00
  3.8400E-01  6.0578E-01 -1.3032E-04  1.9795E-01  1.6767E+00  2.8906E-02 -1.6718E+00
  3.8532E-01  6.1164E-01 -1.3379E-04  1.9579E-01  1.6058E+00  2.9504E-02 -1.6004E+00
  3.8676E-01  6.1799E-01 -1.3778E-04  1.9355E-01  1.5185E+00  3.0399E-02 -1.5124E+00
  3.8820E-01  6.2433E-01 -1.4204E-04  1.9144E-01  1.4202E+00  3.1507E-02 -1.4132E+00
  3.8953E-01  6.3019E-01 -1.4621E-04  1.8962E-01  1.3204E+00  3.2611E-02 -1.3122E+00
  3.9099E-01  6.3654E-01 -1.5098E-04  1.8779E-01  1.2047E+00  3.3664E-02 -1.1952E+00
  3.9233E-01  6.4240E-01 -1.5560E-04  1.8626E-01  1.0944E+00  3.4302E-02 -1.0834E+00
  3.9379E-01  6.4875E-01 -1.6077E-04  1.8477E-01  9.7587E-01  3.4478E-02 -9.6339E-01
  3.9514E-01  6.5461E-01 -1.6563E-04  1.8354E-01  8.7193E-01  3.4180E-02 -8.5812E-01
  3.9660E-01  6.6093E-01 -1.7090E-04  1.8236E-01  7.6987E-01  3.3515E-02 -7.5474E-01
  3.9795E-01  6.6679E-01 -1.7577E-04  1.8140E-01  6.8707E-01  3.2742E-02 -6.7078E-01
  3.9931E-01  6.7265E-01 -1.8057E-04  1.8054E-01  6.1664E-01  3.1996E-02 -5.9920E-01
  4.0078E-01  6.7899E-01 -1.8570E-04  1.7971E-01  5.5394E-01  3.1316E-02 -5.3520E-01
  4.0214E-01  6.8485E-01 -1.9036E-04  1.7901E-01  5.0737E-01  3.0850E-02 -4.8737E-01
  4.0350E-01  6.9071E-01 -1.9495E-04  1.7838E-01  4.7001E-01  3.0522E-02 -4.4873E-01
  4.0497E-01  6.9706E-01 -1.9985E-04  1.7774E-01  4.3806E-01  3.0296E-02 -4.1537E-01
  4.0634E-01  7.0292E-01 -2.0434E-04  1.7719E-01  4.1479E-01  3.0174E-02 -3.9085E-01
  4.0780E-01  7.0922E-01 -2.0913E-04  1.7664E-01  3.9497E-01  3.0105E-02 -3.6974E-01
  4.0916E-01  7.1508E-01 -2.1356E-04  1.7614E-01  3.8031E-01  3.0081E-02 -3.5397E-01
  4.1052E-01  7.2094E-01 -2.1798E-04  1.7567E-01  3.6847E-01  3.0081E-02 -3.4108E-01
  4.1200E-01  7.2729E-01 -2.2275E-04  1.7518E-01  3.5811E-01  3.0102E-02 -3.2969E-01
  4.1336E-01  7.3315E-01 -2.2716E-04  1.7473E-01  3.5034E-01  3.0132E-02 -3.2104E-01
  4.1473E-01  7.3901E-01 -2.3156E-04  1.7430E-01  3.4392E-01  3.0169E-02 -3.1381E-01
  4.1620E-01  7.4535E-01 -2.3633E-04  1.7384E-01  3.3818E-01  3.0217E-02 -3.0725E-01
  4.1756E-01  7.5121E-01 -2.4074E-04  1.7343E-01  3.3376E-01  3.0264E-02 -3.0213E-01
  4.1893E-01  7.5706E-01 -2.4515E-04  1.7302E-01  3.3001E-01  3.0313E-02 -2.9773E-01
  4.2040E-01  7.6340E-01 -2.4993E-04  1.7258E-01  3.2658E-01  3.0368E-02 -2.9363E-01
  4.2176E-01  7.6926E-01 -2.5436E-04  1.7219E-01  3.2386E-01  3.0421E-02 -2.9033E-01
  4.2313E-01  7.7512E-01 -2.5880E-04  1.7179E-01  3.2151E-01  3.0474E-02 -2.8742E-01
  4.2460E-01  7.8145E-01 -2.6360E-04  1.7137E-01  3.1928E-01  3.0532E-02 -2.8462E-01
  4.2596E-01  7.8731E-01 -2.6805E-04  1.7098E-01  3.1748E-01  3.0586E-02 -2.8230E-01
  4.2733E-01  7.9317E-01 -2.7251E-04  1.7060E-01  3.1586E-01  3.0640E-02 -2.8019E-01
  4.2880E-01  7.9949E-01 -2.7734E-04  1.7019E-01  3.1431E-01  3.0698E-02 -2.7811E-01
  4.3016E-01  8.0535E-01 -2.8183E-04  1.6981E-01  3.1301E-01  3.0753E-02 -2.7633E-01
  4.3153E-01  8.1121E-01 -2.8632E-04  1.6944E-01  3.1183E-01  3.0807E-02 -2.7468E-01
  4.3300E-01  8.1754E-01 -2.9118E-04  1.6903E-01  3.1066E-01  3.0865E-02 -2.7302E-01
  4.3436E-01  8.2340E-01 -2.9569E-04  1.6866E-01  3.0967E-01  3.0918E-02 -2.7158E-01
  4.3573E-01  8.2926E-01 -3.0021E-04  1.6829E-01  3.0875E-01  3.0972E-02 -2.7021E-01
  4.3720E-01  8.3558E-01 -3.0509E-04  1.6789E-01  3.0784E-01  3.1029E-02 -2.6882E-01
  4.3856E-01  8.4144E-01 -3.0963E-04  1.6753E-01  3.0705E-01  3.1081E-02 -2.6759E-01
  4.3993E-01  8.4730E-01 -3.1417E-04  1.6716E-01  3.0631E-01  3.1134E-02 -2.6642E-01
  4.4140E-01  8.5363E-01 -3.1908E-04  1.6677E-01  3.0558E-01  3.1190E-02 -2.6522E-01
  4.4276E-01  8.5948E-01 -3.2363E-04  1.6641E-01  3.0494E-01  3.1242E-02 -2.6415E-01
  4.4413E-01  8.6534E-01 -3.2819E-04  1.6605E-01  3.0434E-01  3.1294E-02 -2.6313E-01
  4.4700E-01  8.7768E-01 -3.3782E-04  1.6530E-01  3.0322E-01  3.1400E-02 -2.6112E-01
