  3.0831E-01  6.8603E-02  2.5537E-03  3.9894E-01  1.3964E+00  4.0526E-02 -1.0272E+00
  3.0971E-01  1.0376E-01  2.4219E-03  3.9700E-01  2.0531E+00  7.3759E-02 -1.7075E+00
  3.1114E-01  1.3013E-01  2.2726E-03  3.9417E-01  2.5526E+00  9.5861E-02 -2.2611E+00
  3.1254E-01  1.5161E-01  2.1245E-03  3.9071E-01  2.9238E+00  1.0867E-01 -2.6852E+00
  3.1391E-01  1.7017E-01  1.9837E-03  3.8681E-01  3.1989E+00  1.1513E-01 -3.0049E+00
  3.1535E-01  1.8774E-01  1.8442E-03  3.8229E-01  3.4118E+00  1.1705E-01 -3.2569E+00
  3.1676E-01  2.0337E-01  1.7190E-03  3.7760E-01  3.5583E+00  1.1585E-01 -3.4335E+00
  3.1817E-01  2.1802E-01  1.6031E-03  3.7267E-01  3.6586E+00  1.1261E-01 -3.5579E+00
  3.1958E-01  2.3169E-01  1.4980E-03  3.6761E-01  3.7205E+00  1.0821E-01 -3.6385E+00
  3.2096E-01  2.4438E-01  1.4041E-03  3.6256E-01  3.7519E+00  1.0321E-01 -3.6846E+00
  3.2240E-01  2.5702E-01  1.3151E-03  3.5723E-01  3.7601E+00  9.7615E-02 -3.7049E+00
  3.2380E-01  2.6872E-01  1.2370E-03  3.5205E-01  3.7490E+00  9.2038E-02 -3.7033E+00
  3.2514E-01  2.7946E-01  1.1693E-03  3.4711E-01  3.7247E+00  8.6723E-02 -3.6864E+00
  3.2652E-01  2.9021E-01  1.1055E-03  3.4202E-01  3.6885E+00  8.1331E-02 -3.6564E+00
  3.2796E-01  3.0095E-01  1.0458E-03  3.3680E-01  3.6419E+00  7.5969E-02 -3.6150E+00
  3.2931E-01  3.1071E-01  9.9504E-04  3.3197E-01  3.5917E+00  7.1195E-02 -3.5689E+00
  3.3080E-01  3.2122E-01  9.4404E-04  3.2668E-01  3.5308E+00  6.6241E-02 -3.5115E+00
  3.3220E-01  3.3080E-01  9.0071E-04  3.2180E-01  3.4699E+00  6.1935E-02 -3.4535E+00
  3.3352E-01  3.3958E-01  8.6349E-04  3.1729E-01  3.4106E+00  5.8193E-02 -3.3963E+00
  3.3500E-01  3.4925E-01  8.2523E-04  3.1230E-01  3.3422E+00  5.4336E-02 -3.3300E+00
  3.3638E-01  3.5804E-01  7.9270E-04  3.0775E-01  3.2780E+00  5.1078E-02 -3.2672E+00
  3.3779E-01  3.6683E-01  7.6217E-04  3.0319E-01  3.2123E+00  4.8071E-02 -3.2029E+00
  3.3920E-01  3.7545E-01  7.3400E-04  2.9871E-01  3.1471E+00  4.5370E-02 -3.1388E+00
  3.4050E-01  3.8326E-01  7.0989E-04  2.9466E-01  3.0878E+00  4.3143E-02 -3.0802E+00
  3.4199E-01  3.9205E-01  6.8423E-04  2.9012E-01  3.0211E+00  4.0885E-02 -3.0143E+00
  3.4334E-01  3.9987E-01  6.6257E-04  2.8609E-01  2.9621E+00  3.9095E-02 -2.9559E+00
  3.4470E-01  4.0768E-01  6.4190E-04  2.8209E-01  2.9038E+00  3.7504E-02 -2.8981E+00
  3.4620E-01  4.1610E-01  6.2059E-04  2.7780E-01  2.8419E+00  3.6003E-02 -2.8366E+00
  3.4760E-01  4.2386E-01  6.0172E-04  2.7386E-01  2.7858E+00  3.4803E-02 -2.7809E+00
  3.4900E-01  4.3152E-01  5.8373E-04  2.7000E-01  2.7317E+00  3.3783E-02 -2.7270E+00
  3.5040E-01  4.3908E-01  5.6651E-04  2.6622E-01  2.6795E+00  3.2921E-02 -2.6749E+00
  3.5180E-01  4.4655E-01  5.4995E-04  2.6250E-01  2.6291E+00  3.2196E-02 -2.6248E+00
  3.5320E-01  4.5393E-01  5.3395E-04  2.5886E-01  2.5807E+00  3.1582E-02 -2.5765E+00
  3.5451E-01  4.6076E-01  5.1943E-04  2.5551E-01  2.5371E+00  3.1088E-02 -2.5330E+00
  3.5600E-01  4.6845E-01  5.0341E-04  2.5176E-01  2.4893E+00  3.0594E-02 -2.4853E+00
  3.5734E-01  4.7528E-01  4.8940E-04  2.4846E-01  2.4481E+00  3.0190E-02 -2.4441E+00
  3.5880E-01  4.8267E-01  4.7450E-04  2.4492E-01  2.4047E+00  2.9766E-02 -2.4008E+00
  3.6016E-01  4.8951E-01  4.6095E-04  2.4167E-01  2.3655E+00  2.9360E-02 -2.3617E+00
  3.6154E-01  4.9635E-01  4.4763E-04  2.3844E-01  2.3273E+00  2.8906E-02 -2.3236E+00
  3.6293E-01  5.0318E-01  4.3460E-04  2.3523E-01  2.2898E+00  2.8363E-02 -2.2862E+00
  3.6433E-01  5.1002E-01  4.2193E-04  2.3205E-01  2.2529E+00  2.7682E-02 -2.2493E+00
  3.6574E-01  5.1685E-01  4.0970E-04  2.2890E-01  2.2162E+00  2.6804E-02 -2.2128E+00
  3.6717E-01  5.2369E-01  3.9807E-04  2.2578E-01  2.1795E+00  2.5671E-02 -2.1764E+00
  3.6860E-01  5.3052E-01  3.8720E-04  2.2268E-01  2.1424E+00  2.4216E-02 -2.1396E+00
  3.7000E-01  5.3715E-01  3.7763E-04  2.1970E-01  2.1056E+00  2.2431E-02 -2.1032E+00
  3.7140E-01  5.4373E-01  3.6932E-04  2.1678E-01  2.0678E+00  2.0249E-02 -2.0658E+00
  3.7280E-01  5.5027E-01  3.6259E-04  2.1391E-01  2.0283E+00  1.7681E-02 -2.0267E+00
  3.7420E-01  5.5676E-01  3.5782E-04  2.1110E-01  1.9865E+00  1.4933E-02 -1.9854E+00
  3.7560E-01  5.6322E-01  3.5547E-04  2.0835E-01  1.9418E+00  1.2732E-02 -1.9409E+00
  3.7700E-01  5.6964E-01  3.5600E-04  2.0566E-01  1.8936E+00  1.2662E-02 -1.8927E+00
  3.7840E-01  5.7602E-01  3.5989E-04  2.0304E-01  1.8415E+00  1.6012E-02 -1.8401E+00
  3.7980E-01  5.8236E-01  3.6760E-04  2.0049E-01  1.7854E+00  2.2179E-02 -1.7825E+00
  3.8120E-01  5.8868E-01  3.7947E-04  1.9803E-01  1.7253E+00  2.9981E-02 -1.7199E+00
  3.8251E-01  5.9454E-01  3.9441E-04  1.9582E-01  1.6661E+00  3.7947E-02 -1.6571E+00
  3.8400E-01  6.0122E-01  4.1600E-04  1.9339E-01  1.5951E+00  4.7167E-02 -1.5804E+00
  3.8532E-01  6.0708E-01  4.3863E-04  1.9135E-01  1.5304E+00  5.4809E-02 -1.5096E+00
  3.8680E-01  6.1365E-01  4.6759E-04  1.8916E-01  1.4556E+00  6.2389E-02 -1.4271E+00
  3.8813E-01  6.1951E-01  4.9591E-04  1.8731E-01  1.3875E+00  6.7914E-02 -1.3518E+00
  3.8960E-01  6.2600E-01  5.2921E-04  1.8537E-01  1.3109E+00  7.2425E-02 -1.2675E+00
  3.9094E-01  6.3186E-01  5.6034E-04  1.8371E-01  1.2407E+00  7.4946E-02 -1.1912E+00
  3.9240E-01  6.3826E-01  5.9466E-04  1.8202E-01  1.1633E+00  7.5971E-02 -1.1085E+00
  3.9374E-01  6.4412E-01  6.2566E-04  1.8058E-01  1.0921E+00  7.5352E-02 -1.0342E+00
  3.9520E-01  6.5047E-01  6.5810E-04  1.7912E-01  1.0152E+00  7.3084E-02 -9.5618E-01
  3.9655E-01  6.5633E-01  6.8652E-04  1.7787E-01  9.4491E-01  6.9629E-02 -8.8692E-01
  3.9800E-01  6.6262E-01  7.1488E-04  1.7663E-01  8.7101E-01  6.4655E-02 -8.1641E-01
  3.9935E-01  6.6848E-01  7.3889E-04  1.7557E-01  8.0466E-01  5.9056E-02 -7.5511E-01
  4.0071E-01  6.7434E-01  7.6029E-04  1.7458E-01  7.4177E-01  5.2803E-02 -6.9865E-01
  4.0220E-01  6.8079E-01  7.8059E-04  1.7358E-01  6.7790E-01  4.5519E-02 -6.4273E-01
  4.0356E-01  6.8665E-01  7.9600E-04  1.7273E-01  6.2582E-01  3.8887E-02 -5.9797E-01
  4.0492E-01  6.9250E-01  8.0858E-04  1.7195E-01  5.8019E-01  3.2550E-02 -5.5911E-01
  4.0640E-01  6.9890E-01  8.1927E-04  1.7115E-01  5.3809E-01  2.6254E-02 -5.2328E-01
  4.0776E-01  7.0476E-01  8.2656E-04  1.7045E-01  5.0638E-01  2.1214E-02 -4.9608E-01
  4.0912E-01  7.1062E-01  8.3178E-04  1.6979E-01  4.8062E-01  1.6934E-02 -4.7368E-01
  4.1060E-01  7.1698E-01  8.3548E-04  1.6911E-01  4.5844E-01  1.3126E-02 -4.5405E-01
  4.1196E-01  7.2284E-01  8.3742E-04  1.6850E-01  4.4239E-01  1.0316E-02 -4.3957E-01
  4.1332E-01  7.2870E-01  8.3821E-04  1.6791E-01  4.2968E-01  8.0765E-03 -4.2789E-01
  4.1480E-01  7.3505E-01  8.3805E-04  1.6728E-01  4.1886E-01  6.1790E-03 -4.1778E-01
  4.1616E-01  7.4091E-01  8.3715E-04  1.6672E-01  4.1097E-01  4.8210E-03 -4.1030E-01
  4.1753E-01  7.4677E-01  8.3568E-04  1.6617E-01  4.0465E-01  3.7648E-03 -4.0423E-01
  4.1900E-01  7.5310E-01  8.3359E-04  1.6557E-01  3.9917E-01  2.8963E-03 -3.9891E-01
  4.2036E-01  7.5896E-01  8.3128E-04  1.6503E-01  3.9508E-01  2.3010E-03 -3.9492E-01
  4.2173E-01  7.6482E-01  8.2869E-04  1.6450E-01  3.9174E-01  1.8731E-03 -3.9163E-01
  4.2320E-01  7.7116E-01  8.2563E-04  1.6392E-01  3.8879E-01  1.5704E-03 -3.8871E-01
  4.2456E-01  7.7702E-01  8.2260E-04  1.6339E-01  3.8655E-01  1.4119E-03 -3.8648E-01
  4.2593E-01  7.8287E-01  8.1943E-04  1.6287E-01  3.8468E-01  1.3418E-03 -3.8462E-01
  4.2740E-01  7.8920E-01  8.1586E-04  1.6230E-01  3.8300E-01  1.3316E-03 -3.8295E-01
  4.2876E-01  7.9506E-01  8.1245E-04  1.6178E-01  3.8171E-01  1.3571E-03 -3.8165E-01
  4.3013E-01  8.0092E-01  8.0896E-04  1.6126E-01  3.8062E-01  1.3993E-03 -3.8056E-01
  4.3160E-01  8.0725E-01  8.0511E-04  1.6070E-01  3.7964E-01  1.4519E-03 -3.7957E-01
  4.3296E-01  8.1311E-01  8.0149E-04  1.6018E-01  3.7887E-01  1.5018E-03 -3.7880E-01
  4.3433E-01  8.1897E-01  7.9781E-04  1.5967E-01  3.7823E-01  1.5499E-03 -3.7815E-01
  4.3580E-01  8.2529E-01  7.9379E-04  1.5911E-01  3.7765E-01  1.5988E-03 -3.7756E-01
  4.3716E-01  8.3115E-01  7.9003E-04  1.5860E-01  3.7720E-01  1.6408E-03 -3.7710E-01
  4.3853E-01  8.3701E-01  7.8623E-04  1.5808E-01  3.7682E-01  1.6789E-03 -3.7672E-01
  4.4000E-01  8.4334E-01  7.8210E-04  1.5753E-01  3.7649E-01  1.7153E-03 -3.7638E-01
  4.4136E-01  8.4920E-01  7.7825E-04  1.5702E-01  3.7623E-01  1.7451E-03 -3.7613E-01
  4.4273E-01  8.5506E-01  7.7438E-04  1.5650E-01  3.7602E-01  1.7712E-03 -3.7591E-01
  4.4420E-01  8.6138E-01  7.7018E-04  1.5595E-01  3.7584E-01  1.7955E-03 -3.7572E-01
  4.4700E-01  8.7341E-01  7.6214E-04  1.5490E-01  3.7559E-01  1.8317E-03 -3.7547E-01
