x y
0.2225  0.035
0.2228  0.035
0.2231  0.035
0.2234  0.035
0.2237  0.035
0.224  0.035
0.2243  0.035
0.2246  0.035
0.2249  0.035
0.2252  0.035
0.2255  0.03500000000000001
0.2258  0.035
0.2261  0.035
0.2264  0.035
0.2267  0.035
0.227  0.035
0.2273  0.035
0.2276  0.035
0.2279  0.035
0.2282  0.035
0.2285  0.035
0.2288  0.035
0.2291  0.035
0.2294  0.035
0.2297  0.035
0.23  0.035
0.2303  0.035
0.2306  0.035
0.2309  0.035
0.2312  0.035
0.2315  0.035
0.2318  0.035
0.2321  0.035
0.2324  0.035
0.2327  0.035
0.233  0.035
0.2333  0.035
0.2336  0.035
0.2339  0.035
0.2342  0.035
0.2345  0.035
0.2348  0.035
0.2351  0.035
0.2354  0.035
0.2357  0.035
0.236  0.035
0.2363  0.035
0.2366  0.035
0.2369  0.035
0.2372  0.035
0.2375  0.035
0.2378  0.035
0.2381  0.035
0.2384  0.035
0.2387  0.035
0.239  0.035
0.2393  0.035
0.2396  0.035
0.2399  0.035
0.2402  0.035
0.2405  0.035
0.2408  0.035
0.2411  0.035
0.2414  0.035
0.2417  0.035
0.242  0.035
0.2423  0.035
0.2426  0.035
0.2429  0.035
0.2432  0.035
0.2435  0.035
0.2438  0.035
0.2441  0.035
0.2444  0.035
0.2447  0.035
0.245  0.035
0.2453  0.035
0.2456  0.035
0.2459  0.035
0.2462  0.035
0.2465  0.035
0.2468  0.035
0.2471  0.035
0.2474  0.035
0.2477  0.035
0.248  0.035
0.2483  0.035
0.2486  0.035
0.2489  0.035
0.2492  0.035
0.2495  0.035
0.2498  0.035
0.2501  0.035
0.2504  0.035
0.2507  0.035
0.251  0.035
0.2513  0.035
0.2516  0.035
0.2519  0.035
0.2522  0.035
0.2525  0.035
