x y z
0.0042995  0.0021142  0.0012302
0.004937  0.010032  0.0012439
-4.7023e-05  0.014344  0.0012855
0.0051549  0.0033856  0.0013558
0.0029399  0.0056384  0.0014567
-0.00028712  0.0063161  0.0015904
0.0027768  0.0011268  0.0017602
0.002405  0.0037344  0.0019702
-0.0008931400000000001  0.0045648  0.0022255
0.0029773  -1.4907e-06  0.00079694
0.0027035  0.0034572  0.00059982
-0.0017627  0.0037385  0.0021179
0.0033411  -0.0011665  0.0016844
0.003132  0.0037364  0.00090336
-0.0027117  0.0034266  0.0034137
0.0037883  -0.0023517  0.0031726
0.0037077  0.004353200000000001  0.0014213
-0.0036425  0.0034077  0.0056
0.0043213  -0.0035418  0.0056064
0.004405800000000001  0.005202200000000001  0.0022924
-0.0045546  0.0035897  0.0091801
