x y z
0.0037638  0.012245  0.00078963
0.0037529  0.012208  0.0014162
0.0019935  0.013674  0.0065927
0.0017288  0.011958  0.02164
0.0013154  0.009196999999999999  0.049388
0.00095896  0.006863800000000001  0.089084
0.0007889899999999999  0.0059361  0.13467
0.0006703400000000001  0.0054616  0.18145
0.00055595  0.005079  0.2284
0.00043922  0.0047668  0.27536
0.00031925  0.0045428  0.32233
0.0001905  0.004396300000000001  0.36929
4.992400000000001e-05  0.004315100000000001  0.41625
-9.898100000000001e-05  0.004287099999999999  0.4632
-0.00024893  0.004301999999999999  0.5101599999999999
-0.00039593  0.004352699999999999  0.5571199999999999
-0.00053991  0.004434  0.60407
-0.00067926  0.004542099999999999  0.65102
-0.0008134500000000001  0.0046742  0.69798
-0.00094315  0.0048277  0.74493
-0.0010688  0.005000600000000001  0.79188
-0.0011908  0.0051912  0.83883
-0.0013096  0.0053979  0.88579
-0.0014255  0.005619799999999999  0.93274
-0.0015382  0.0058557  0.9796899999999999
