  3.0787E-01  9.2894E-02  7.9121E-02  5.1891E-01  3.8249E+01  5.6250E-01  3.4468E+01
  3.0883E-01  1.3232E-01  7.6268E-02  5.5459E-01  4.0462E+01  7.9944E-01  3.7757E+01
  3.0980E-01  1.6125E-01  7.3518E-02  5.9042E-01  3.8364E+01  9.1222E-01  3.6317E+01
  3.1076E-01  1.8518E-01  7.0938E-02  6.2442E-01  3.5734E+01  9.7580E-01  3.4114E+01
  3.1172E-01  2.0593E-01  6.8520E-02  6.5616E-01  3.3226E+01  1.0135E+00  3.1905E+01
  3.1269E-01  2.2461E-01  6.6224E-02  6.8599E-01  3.0954E+01  1.0359E+00  2.9853E+01
  3.1365E-01  2.4158E-01  6.4055E-02  7.1383E-01  2.8949E+01  1.0479E+00  2.8016E+01
  3.1461E-01  2.5720E-01  6.1999E-02  7.3989E-01  2.7192E+01  1.0527E+00  2.6392E+01
  3.1558E-01  2.7197E-01  6.0011E-02  7.6478E-01  2.5635E+01  1.0521E+00  2.4943E+01
  3.1654E-01  2.8576E-01  5.8123E-02  7.8818E-01  2.4281E+01  1.0477E+00  2.3678E+01
  3.1751E-01  2.9883E-01  5.6316E-02  8.1044E-01  2.3097E+01  1.0402E+00  2.2568E+01
  3.1847E-01  3.1128E-01  5.4580E-02  8.3171E-01  2.2058E+01  1.0307E+00  2.1591E+01
  3.1943E-01  3.2312E-01  5.2921E-02  8.5199E-01  2.1152E+01  1.0200E+00  2.0738E+01
  3.2040E-01  3.3459E-01  5.1311E-02  8.7167E-01  2.0349E+01  1.0081E+00  1.9980E+01
  3.2136E-01  3.4558E-01  4.9770E-02  8.9056E-01  1.9648E+01  9.9562E-01  1.9318E+01
  3.2232E-01  3.5620E-01  4.8282E-02  9.0884E-01  1.9030E+01  9.8276E-01  1.8734E+01
  3.2328E-01  3.6645E-01  4.6850E-02  9.2654E-01  1.8487E+01  9.6996E-01  1.8220E+01
  3.2424E-01  3.7646E-01  4.5459E-02  9.4386E-01  1.8005E+01  9.5736E-01  1.7763E+01
  3.2521E-01  3.8623E-01  4.4107E-02  9.6081E-01  1.7576E+01  9.4509E-01  1.7357E+01
  3.2618E-01  3.9575E-01  4.2797E-02  9.7740E-01  1.7197E+01  9.3331E-01  1.6998E+01
  3.2714E-01  4.0503E-01  4.1528E-02  9.9362E-01  1.6859E+01  9.2208E-01  1.6678E+01
  3.2810E-01  4.1406E-01  4.0300E-02  1.0095E+00  1.6560E+01  9.1159E-01  1.6393E+01
  3.2907E-01  4.2297E-01  3.9098E-02  1.0252E+00  1.6291E+01  9.0191E-01  1.6138E+01
  3.3003E-01  4.3164E-01  3.7936E-02  1.0406E+00  1.6053E+01  8.9315E-01  1.5911E+01
  3.3100E-01  4.4018E-01  3.6799E-02  1.0558E+00  1.5837E+01  8.8519E-01  1.5706E+01
  3.3196E-01  4.4861E-01  3.5686E-02  1.0709E+00  1.5642E+01  8.7802E-01  1.5520E+01
  3.3292E-01  4.5678E-01  3.4612E-02  1.0856E+00  1.5469E+01  8.7174E-01  1.5355E+01
  3.3389E-01  4.6496E-01  3.3546E-02  1.1004E+00  1.5308E+01  8.6598E-01  1.5202E+01
  3.3485E-01  4.7290E-01  3.2517E-02  1.1149E+00  1.5164E+01  8.6101E-01  1.5065E+01
  3.3581E-01  4.8083E-01  3.1494E-02  1.1294E+00  1.5031E+01  8.5672E-01  1.4937E+01
  3.3678E-01  4.8864E-01  3.0491E-02  1.1438E+00  1.4908E+01  8.5292E-01  1.4819E+01
  3.3774E-01  4.9634E-01  2.9509E-02  1.1580E+00  1.4795E+01  8.5003E-01  1.4711E+01
  3.3870E-01  5.0390E-01  2.8546E-02  1.1721E+00  1.4689E+01  8.4813E-01  1.4609E+01
  3.3966E-01  5.1135E-01  2.7602E-02  1.1860E+00  1.4590E+01  8.4711E-01  1.4514E+01
  3.4062E-01  5.1880E-01  2.6662E-02  1.2000E+00  1.4497E+01  8.4719E-01  1.4424E+01
  3.4160E-01  5.2624E-01  2.5724E-02  1.2140E+00  1.4407E+01  8.4859E-01  1.4337E+01
  3.4255E-01  5.3344E-01  2.4820E-02  1.2277E+00  1.4324E+01  8.5109E-01  1.4256E+01
  3.4352E-01  5.4077E-01  2.3902E-02  1.2416E+00  1.4243E+01  8.5453E-01  1.4177E+01
  3.4448E-01  5.4785E-01  2.3017E-02  1.2552E+00  1.4168E+01  8.5877E-01  1.4104E+01
  3.4544E-01  5.5493E-01  2.2134E-02  1.2687E+00  1.4095E+01  8.6394E-01  1.4033E+01
  3.4641E-01  5.6201E-01  2.1253E-02  1.2824E+00  1.4026E+01  8.6987E-01  1.3965E+01
  3.4736E-01  5.6897E-01  2.0388E-02  1.2958E+00  1.3960E+01  8.7644E-01  1.3900E+01
  3.4833E-01  5.7592E-01  1.9525E-02  1.3093E+00  1.3896E+01  8.8395E-01  1.3837E+01
  3.4930E-01  5.8288E-01  1.8664E-02  1.3229E+00  1.3834E+01  8.9225E-01  1.3776E+01
  3.5026E-01  5.8972E-01  1.7819E-02  1.3362E+00  1.3774E+01  9.0105E-01  1.3718E+01
  3.5123E-01  5.9655E-01  1.6976E-02  1.3496E+00  1.3717E+01  9.1060E-01  1.3660E+01
  3.5219E-01  6.0327E-01  1.6149E-02  1.3628E+00  1.3661E+01  9.2067E-01  1.3605E+01
  3.5315E-01  6.0998E-01  1.5323E-02  1.3760E+00  1.3606E+01  9.3148E-01  1.3551E+01
  3.5411E-01  6.1670E-01  1.4499E-02  1.3892E+00  1.3552E+01  9.4261E-01  1.3497E+01
  3.5508E-01  6.2341E-01  1.3676E-02  1.4025E+00  1.3499E+01  9.5371E-01  1.3444E+01
  3.5604E-01  6.3000E-01  1.2870E-02  1.4156E+00  1.3447E+01  9.6469E-01  1.3393E+01
  3.5700E-01  6.3659E-01  1.2065E-02  1.4287E+00  1.3396E+01  9.7567E-01  1.3342E+01
  3.5797E-01  6.4319E-01  1.1261E-02  1.4418E+00  1.3345E+01  9.8662E-01  1.3291E+01
  3.5894E-01  6.4978E-01  1.0459E-02  1.4549E+00  1.3295E+01  9.9754E-01  1.3241E+01
  3.5990E-01  6.5625E-01  9.6735E-03  1.4678E+00  1.3246E+01  1.0080E+00  1.3193E+01
  3.6086E-01  6.6272E-01  8.8892E-03  1.4807E+00  1.3198E+01  1.0183E+00  1.3145E+01
  3.6182E-01  6.6919E-01  8.1065E-03  1.4936E+00  1.3150E+01  1.0282E+00  1.3097E+01
  3.6279E-01  6.7566E-01  7.3252E-03  1.5066E+00  1.3103E+01  1.0378E+00  1.3050E+01
  3.6375E-01  6.8200E-01  6.5602E-03  1.5193E+00  1.3057E+01  1.0469E+00  1.3005E+01
  3.6470E-01  6.8835E-01  5.7966E-03  1.5320E+00  1.3011E+01  1.0556E+00  1.2959E+01
  3.6568E-01  6.9482E-01  5.0197E-03  1.5450E+00  1.2965E+01  1.0641E+00  1.2914E+01
  3.6665E-01  7.0117E-01  4.2589E-03  1.5578E+00  1.2921E+01  1.0722E+00  1.2870E+01
  3.6760E-01  7.0739E-01  3.5139E-03  1.5703E+00  1.2878E+01  1.0799E+00  1.2828E+01
  3.6856E-01  7.1374E-01  2.7556E-03  1.5831E+00  1.2836E+01  1.0875E+00  1.2786E+01
  3.6954E-01  7.2009E-01  1.9985E-03  1.5959E+00  1.2795E+01  1.0954E+00  1.2745E+01
  3.7049E-01  7.2632E-01  1.2567E-03  1.6084E+00  1.2756E+01  1.1035E+00  1.2707E+01
  3.7145E-01  7.3254E-01  5.1555E-04  1.6210E+00  1.2720E+01  1.1127E+00  1.2671E+01
  3.7242E-01  7.3877E-01 -2.2544E-04  1.6335E+00  1.2687E+01  1.1237E+00  1.2638E+01
  3.7338E-01  7.4499E-01 -9.6681E-04  1.6461E+00  1.2658E+01  1.1379E+00  1.2608E+01
  3.7435E-01  7.5122E-01 -1.7093E-03  1.6587E+00  1.2633E+01  1.1566E+00  1.2583E+01
  3.7532E-01  7.5744E-01 -2.4537E-03  1.6713E+00  1.2614E+01  1.1818E+00  1.2564E+01
  3.7627E-01  7.6355E-01 -3.1864E-03  1.6837E+00  1.2602E+01  1.2156E+00  1.2550E+01
  3.7724E-01  7.6977E-01 -3.9378E-03  1.6964E+00  1.2597E+01  1.2619E+00  1.2542E+01
  3.7820E-01  7.7588E-01 -4.6796E-03  1.7089E+00  1.2601E+01  1.3224E+00  1.2541E+01
  3.7916E-01  7.8198E-01 -5.4275E-03  1.7214E+00  1.2613E+01  1.3992E+00  1.2548E+01
  3.8012E-01  7.8808E-01 -6.1816E-03  1.7339E+00  1.2632E+01  1.4909E+00  1.2560E+01
  3.8108E-01  7.9419E-01 -6.9423E-03  1.7465E+00  1.2659E+01  1.5974E+00  1.2578E+01
  3.8205E-01  8.0029E-01 -7.7097E-03  1.7591E+00  1.2692E+01  1.7150E+00  1.2600E+01
  3.8301E-01  8.0639E-01 -8.4840E-03  1.7717E+00  1.2730E+01  1.8401E+00  1.2626E+01
  3.8398E-01  8.1250E-01 -9.2651E-03  1.7845E+00  1.2772E+01  1.9696E+00  1.2656E+01
  3.8495E-01  8.1860E-01 -1.0053E-02  1.7972E+00  1.2816E+01  2.0992E+00  1.2687E+01
  3.8590E-01  8.2458E-01 -1.0830E-02  1.8098E+00  1.2862E+01  2.2245E+00  1.2720E+01
  3.8687E-01  8.3068E-01 -1.1629E-02  1.8227E+00  1.2910E+01  2.3505E+00  1.2755E+01
  3.8784E-01  8.3679E-01 -1.2434E-02  1.8356E+00  1.2959E+01  2.4725E+00  1.2791E+01
  3.8879E-01  8.4277E-01 -1.3227E-02  1.8483E+00  1.3007E+01  2.5885E+00  1.2827E+01
  3.8977E-01  8.4887E-01 -1.4041E-02  1.8613E+00  1.3057E+01  2.7027E+00  1.2864E+01
  3.9072E-01  8.5485E-01 -1.4842E-02  1.8741E+00  1.3104E+01  2.8096E+00  1.2900E+01
  3.9168E-01  8.6084E-01 -1.5647E-02  1.8870E+00  1.3150E+01  2.9115E+00  1.2935E+01
  3.9265E-01  8.6694E-01 -1.6472E-02  1.9002E+00  1.3196E+01  3.0108E+00  1.2970E+01
  3.9361E-01  8.7292E-01 -1.7284E-02  1.9131E+00  1.3239E+01  3.1016E+00  1.3003E+01
  3.9458E-01  8.7902E-01 -1.8116E-02  1.9263E+00  1.3280E+01  3.1890E+00  1.3036E+01
  3.9554E-01  8.8501E-01 -1.8933E-02  1.9393E+00  1.3318E+01  3.2686E+00  1.3065E+01
  3.9650E-01  8.9099E-01 -1.9754E-02  1.9524E+00  1.3353E+01  3.3414E+00  1.3093E+01
  3.9748E-01  8.9709E-01 -2.0595E-02  1.9657E+00  1.3384E+01  3.4087E+00  1.3119E+01
  3.9843E-01  9.0307E-01 -2.1421E-02  1.9788E+00  1.3412E+01  3.4668E+00  1.3141E+01
  3.9939E-01  9.0905E-01 -2.2250E-02  1.9919E+00  1.3436E+01  3.5176E+00  1.3162E+01
  4.0035E-01  9.1504E-01 -2.3080E-02  2.0050E+00  1.3457E+01  3.5612E+00  1.3180E+01
  4.0133E-01  9.2114E-01 -2.3929E-02  2.0184E+00  1.3475E+01  3.5991E+00  1.3196E+01
  4.0229E-01  9.2712E-01 -2.4762E-02  2.0316E+00  1.3490E+01  3.6310E+00  1.3211E+01
  4.0324E-01  9.3310E-01 -2.5597E-02  2.0448E+00  1.3504E+01  3.6583E+00  1.3224E+01
  4.0420E-01  9.3908E-01 -2.6432E-02  2.0580E+00  1.3516E+01  3.6815E+00  1.3236E+01
  4.0518E-01  9.4519E-01 -2.7285E-02  2.0714E+00  1.3526E+01  3.7017E+00  1.3247E+01
  4.0614E-01  9.5117E-01 -2.8122E-02  2.0846E+00  1.3535E+01  3.7188E+00  1.3257E+01
  4.0709E-01  9.5715E-01 -2.8959E-02  2.0978E+00  1.3543E+01  3.7339E+00  1.3267E+01
  4.0807E-01  9.6325E-01 -2.9813E-02  2.1113E+00  1.3550E+01  3.7476E+00  1.3276E+01
  4.0903E-01  9.6923E-01 -3.0651E-02  2.1246E+00  1.3557E+01  3.7596E+00  1.3284E+01
  4.0999E-01  9.7522E-01 -3.1489E-02  2.1378E+00  1.3563E+01  3.7707E+00  1.3292E+01
  4.1095E-01  9.8120E-01 -3.2327E-02  2.1511E+00  1.3569E+01  3.7810E+00  1.3300E+01
  4.1192E-01  9.8730E-01 -3.3183E-02  2.1646E+00  1.3575E+01  3.7909E+00  1.3308E+01
  4.1288E-01  9.9328E-01 -3.4021E-02  2.1778E+00  1.3580E+01  3.8002E+00  1.3315E+01
  4.1384E-01  9.9926E-01 -3.4860E-02  2.1911E+00  1.3585E+01  3.8091E+00  1.3322E+01
  4.1480E-01  1.0052E+00 -3.5699E-02  2.2044E+00  1.3590E+01  3.8177E+00  1.3329E+01
  4.1578E-01  1.0113E+00 -3.6556E-02  2.2179E+00  1.3594E+01  3.8264E+00  1.3336E+01
  4.1673E-01  1.0173E+00 -3.7395E-02  2.2312E+00  1.3599E+01  3.8348E+00  1.3342E+01
  4.1769E-01  1.0233E+00 -3.8235E-02  2.2445E+00  1.3603E+01  3.8431E+00  1.3349E+01
  4.1867E-01  1.0294E+00 -3.9091E-02  2.2581E+00  1.3607E+01  3.8517E+00  1.3355E+01
  4.1963E-01  1.0354E+00 -3.9931E-02  2.2714E+00  1.3612E+01  3.8601E+00  1.3361E+01
  4.2058E-01  1.0414E+00 -4.0771E-02  2.2847E+00  1.3616E+01  3.8685E+00  1.3367E+01
  4.2154E-01  1.0474E+00 -4.1612E-02  2.2980E+00  1.3620E+01  3.8771E+00  1.3373E+01
  4.2252E-01  1.0535E+00 -4.2469E-02  2.3116E+00  1.3624E+01  3.8859E+00  1.3379E+01
  4.2348E-01  1.0594E+00 -4.3310E-02  2.3249E+00  1.3628E+01  3.8946E+00  1.3385E+01
  4.2444E-01  1.0654E+00 -4.4150E-02  2.3382E+00  1.3632E+01  3.9035E+00  1.3391E+01
  4.2539E-01  1.0714E+00 -4.4991E-02  2.3515E+00  1.3636E+01  3.9124E+00  1.3396E+01
  4.2637E-01  1.0775E+00 -4.5849E-02  2.3652E+00  1.3640E+01  3.9216E+00  1.3402E+01
  4.2733E-01  1.0835E+00 -4.6690E-02  2.3785E+00  1.3644E+01  3.9308E+00  1.3407E+01
  4.2829E-01  1.0895E+00 -4.7531E-02  2.3918E+00  1.3648E+01  3.9400E+00  1.3413E+01
  4.2926E-01  1.0956E+00 -4.8390E-02  2.4055E+00  1.3651E+01  3.9496E+00  1.3418E+01
  4.3022E-01  1.1016E+00 -4.9231E-02  2.4188E+00  1.3655E+01  3.9590E+00  1.3424E+01
  4.3118E-01  1.1075E+00 -5.0073E-02  2.4322E+00  1.3659E+01  3.9684E+00  1.3429E+01
  4.3214E-01  1.1135E+00 -5.0915E-02  2.4455E+00  1.3663E+01  3.9780E+00  1.3434E+01
  4.3312E-01  1.1196E+00 -5.1774E-02  2.4592E+00  1.3666E+01  3.9878E+00  1.3439E+01
  4.3407E-01  1.1256E+00 -5.2616E-02  2.4726E+00  1.3670E+01  3.9975E+00  1.3444E+01
  4.3503E-01  1.1316E+00 -5.3459E-02  2.4859E+00  1.3673E+01  4.0072E+00  1.3449E+01
  4.3601E-01  1.1377E+00 -5.4318E-02  2.4996E+00  1.3677E+01  4.0172E+00  1.3454E+01
  4.3697E-01  1.1437E+00 -5.5161E-02  2.5130E+00  1.3680E+01  4.0270E+00  1.3459E+01
  4.3792E-01  1.1497E+00 -5.6003E-02  2.5264E+00  1.3684E+01  4.0369E+00  1.3464E+01
  4.3888E-01  1.1556E+00 -5.6846E-02  2.5398E+00  1.3687E+01  4.0468E+00  1.3468E+01
  4.3986E-01  1.1617E+00 -5.7706E-02  2.5534E+00  1.3691E+01  4.0569E+00  1.3473E+01
  4.4082E-01  1.1677E+00 -5.8550E-02  2.5668E+00  1.3694E+01  4.0669E+00  1.3478E+01
  4.4178E-01  1.1737E+00 -5.9393E-02  2.5802E+00  1.3697E+01  4.0768E+00  1.3482E+01
  4.4275E-01  1.1798E+00 -6.0253E-02  2.5939E+00  1.3701E+01  4.0870E+00  1.3487E+01
  4.4371E-01  1.1858E+00 -6.1097E-02  2.6073E+00  1.3704E+01  4.0970E+00  1.3491E+01
  4.4467E-01  1.1918E+00 -6.1941E-02  2.6208E+00  1.3707E+01  4.1071E+00  1.3496E+01
  4.4563E-01  1.1977E+00 -6.2784E-02  2.6342E+00  1.3710E+01  4.1171E+00  1.3500E+01
  4.4660E-01  1.2039E+00 -6.3646E-02  2.6479E+00  1.3713E+01  4.1274E+00  1.3504E+01
  4.4756E-01  1.2098E+00 -6.4490E-02  2.6613E+00  1.3716E+01  4.1374E+00  1.3508E+01
  4.4852E-01  1.2158E+00 -6.5334E-02  2.6747E+00  1.3719E+01  4.1475E+00  1.3513E+01
  4.4948E-01  1.2218E+00 -6.6178E-02  2.6882E+00  1.3722E+01  4.1576E+00  1.3517E+01
  4.5045E-01  1.2279E+00 -6.7040E-02  2.7019E+00  1.3725E+01  4.1679E+00  1.3521E+01
  4.5141E-01  1.2339E+00 -6.7884E-02  2.7153E+00  1.3728E+01  4.1781E+00  1.3525E+01
  4.5237E-01  1.2399E+00 -6.8729E-02  2.7288E+00  1.3731E+01  4.1882E+00  1.3529E+01
  4.5335E-01  1.2460E+00 -6.9591E-02  2.7425E+00  1.3734E+01  4.1985E+00  1.3533E+01
  4.5431E-01  1.2519E+00 -7.0436E-02  2.7560E+00  1.3737E+01  4.2087E+00  1.3536E+01
  4.5526E-01  1.2579E+00 -7.1281E-02  2.7694E+00  1.3739E+01  4.2189E+00  1.3540E+01
  4.5622E-01  1.2639E+00 -7.2126E-02  2.7829E+00  1.3742E+01  4.2291E+00  1.3544E+01
  4.5720E-01  1.2700E+00 -7.2989E-02  2.7966E+00  1.3745E+01  4.2395E+00  1.3548E+01
  4.5816E-01  1.2760E+00 -7.3834E-02  2.8101E+00  1.3747E+01  4.2497E+00  1.3551E+01
  4.5911E-01  1.2820E+00 -7.4680E-02  2.8236E+00  1.3750E+01  4.2599E+00  1.3555E+01
  4.6009E-01  1.2881E+00 -7.5542E-02  2.8373E+00  1.3753E+01  4.2703E+00  1.3559E+01
  4.6105E-01  1.2941E+00 -7.6388E-02  2.8508E+00  1.3755E+01  4.2805E+00  1.3562E+01
  4.6201E-01  1.3000E+00 -7.7234E-02  2.8643E+00  1.3758E+01  4.2908E+00  1.3566E+01
  4.6297E-01  1.3060E+00 -7.8080E-02  2.8777E+00  1.3760E+01  4.3010E+00  1.3569E+01
  4.6394E-01  1.3121E+00 -7.8943E-02  2.8915E+00  1.3763E+01  4.3115E+00  1.3573E+01
  4.6490E-01  1.3181E+00 -7.9789E-02  2.9050E+00  1.3765E+01  4.3217E+00  1.3576E+01
  4.6586E-01  1.3241E+00 -8.0636E-02  2.9185E+00  1.3768E+01  4.3320E+00  1.3579E+01
  4.6684E-01  1.3302E+00 -8.1499E-02  2.9322E+00  1.3770E+01  4.3425E+00  1.3583E+01
  4.6779E-01  1.3362E+00 -8.2346E-02  2.9457E+00  1.3773E+01  4.3528E+00  1.3586E+01
  4.6875E-01  1.3422E+00 -8.3192E-02  2.9592E+00  1.3775E+01  4.3631E+00  1.3589E+01
  4.6971E-01  1.3481E+00 -8.4039E-02  2.9727E+00  1.3777E+01  4.3734E+00  1.3592E+01
  4.7069E-01  1.3542E+00 -8.4903E-02  2.9865E+00  1.3780E+01  4.3839E+00  1.3596E+01
  4.7165E-01  1.3602E+00 -8.5750E-02  3.0000E+00  1.3782E+01  4.3942E+00  1.3599E+01
  4.7260E-01  1.3662E+00 -8.6597E-02  3.0135E+00  1.3784E+01  4.4045E+00  1.3602E+01
  4.7356E-01  1.3722E+00 -8.7444E-02  3.0271E+00  1.3787E+01  4.4149E+00  1.3605E+01
  4.7454E-01  1.3783E+00 -8.8309E-02  3.0409E+00  1.3789E+01  4.4254E+00  1.3608E+01
  4.7550E-01  1.3843E+00 -8.9156E-02  3.0544E+00  1.3791E+01  4.4357E+00  1.3611E+01
  4.7645E-01  1.3903E+00 -9.0003E-02  3.0679E+00  1.3793E+01  4.4461E+00  1.3614E+01
  4.7743E-01  1.3964E+00 -9.0868E-02  3.0817E+00  1.3795E+01  4.4566E+00  1.3617E+01
  4.7839E-01  1.4023E+00 -9.1715E-02  3.0952E+00  1.3798E+01  4.4670E+00  1.3620E+01
  4.7935E-01  1.4083E+00 -9.2563E-02  3.1087E+00  1.3800E+01  4.4773E+00  1.3623E+01
  4.8030E-01  1.4143E+00 -9.3411E-02  3.1223E+00  1.3802E+01  4.4877E+00  1.3626E+01
  4.8128E-01  1.4204E+00 -9.4276E-02  3.1361E+00  1.3804E+01  4.4983E+00  1.3628E+01
  4.8224E-01  1.4264E+00 -9.5124E-02  3.1496E+00  1.3806E+01  4.5087E+00  1.3631E+01
  4.8320E-01  1.4324E+00 -9.5972E-02  3.1632E+00  1.3808E+01  4.5191E+00  1.3634E+01
  4.8418E-01  1.4385E+00 -9.6837E-02  3.1770E+00  1.3810E+01  4.5297E+00  1.3637E+01
  4.8513E-01  1.4445E+00 -9.7685E-02  3.1905E+00  1.3812E+01  4.5401E+00  1.3640E+01
  4.8609E-01  1.4504E+00 -9.8534E-02  3.2041E+00  1.3814E+01  4.5504E+00  1.3642E+01
  4.8705E-01  1.4564E+00 -9.9382E-02  3.2176E+00  1.3816E+01  4.5608E+00  1.3645E+01
  4.8803E-01  1.4625E+00 -1.0025E-01  3.2314E+00  1.3818E+01  4.5714E+00  1.3648E+01
  4.8898E-01  1.4685E+00 -1.0110E-01  3.2450E+00  1.3820E+01  4.5818E+00  1.3650E+01
  4.8994E-01  1.4745E+00 -1.0194E-01  3.2585E+00  1.3822E+01  4.5923E+00  1.3653E+01
  4.9092E-01  1.4806E+00 -1.0281E-01  3.2724E+00  1.3824E+01  4.6029E+00  1.3655E+01
  4.9188E-01  1.4866E+00 -1.0366E-01  3.2859E+00  1.3826E+01  4.6133E+00  1.3658E+01
  4.9284E-01  1.4925E+00 -1.0451E-01  3.2995E+00  1.3828E+01  4.6237E+00  1.3660E+01
  4.9379E-01  1.4985E+00 -1.0536E-01  3.3131E+00  1.3829E+01  4.6341E+00  1.3663E+01
  4.9477E-01  1.5046E+00 -1.0622E-01  3.3269E+00  1.3831E+01  4.6448E+00  1.3665E+01
  4.9573E-01  1.5106E+00 -1.0707E-01  3.3405E+00  1.3833E+01  4.6552E+00  1.3668E+01
  4.9669E-01  1.5166E+00 -1.0792E-01  3.3540E+00  1.3835E+01  4.6657E+00  1.3670E+01
  4.9764E-01  1.5226E+00 -1.0877E-01  3.3676E+00  1.3837E+01  4.6761E+00  1.3673E+01
  4.9862E-01  1.5287E+00 -1.0964E-01  3.3815E+00  1.3839E+01  4.6868E+00  1.3675E+01
  4.9958E-01  1.5347E+00 -1.1049E-01  3.3950E+00  1.3840E+01  4.6972E+00  1.3678E+01
  5.0054E-01  1.5406E+00 -1.1134E-01  3.4086E+00  1.3842E+01  4.7076E+00  1.3680E+01
  5.0151E-01  1.5467E+00 -1.1220E-01  3.4225E+00  1.3844E+01  4.7183E+00  1.3682E+01
  5.0247E-01  1.5527E+00 -1.1305E-01  3.4360E+00  1.3846E+01  4.7288E+00  1.3685E+01
  5.0343E-01  1.5587E+00 -1.1390E-01  3.4496E+00  1.3847E+01  4.7392E+00  1.3687E+01
  5.0439E-01  1.5647E+00 -1.1475E-01  3.4632E+00  1.3849E+01  4.7497E+00  1.3689E+01
  5.0537E-01  1.5708E+00 -1.1562E-01  3.4771E+00  1.3851E+01  4.7604E+00  1.3691E+01
  5.0632E-01  1.5768E+00 -1.1647E-01  3.4907E+00  1.3852E+01  4.7708E+00  1.3694E+01
  5.0728E-01  1.5828E+00 -1.1732E-01  3.5043E+00  1.3854E+01  4.7813E+00  1.3696E+01
  5.0826E-01  1.5889E+00 -1.1819E-01  3.5181E+00  1.3856E+01  4.7920E+00  1.3698E+01
  5.0922E-01  1.5948E+00 -1.1904E-01  3.5317E+00  1.3857E+01  4.8024E+00  1.3700E+01
  5.1017E-01  1.6008E+00 -1.1989E-01  3.5453E+00  1.3859E+01  4.8129E+00  1.3702E+01
  5.1113E-01  1.6068E+00 -1.2074E-01  3.5589E+00  1.3860E+01  4.8234E+00  1.3704E+01
  5.1211E-01  1.6129E+00 -1.2161E-01  3.5728E+00  1.3862E+01  4.8341E+00  1.3707E+01
  5.1307E-01  1.6189E+00 -1.2246E-01  3.5864E+00  1.3864E+01  4.8446E+00  1.3709E+01
  5.1403E-01  1.6249E+00 -1.2331E-01  3.6000E+00  1.3865E+01  4.8551E+00  1.3711E+01
  5.1500E-01  1.6310E+00 -1.2417E-01  3.6139E+00  1.3867E+01  4.8658E+00  1.3713E+01
  5.1596E-01  1.6370E+00 -1.2502E-01  3.6275E+00  1.3868E+01  4.8763E+00  1.3715E+01
  5.1692E-01  1.6429E+00 -1.2588E-01  3.6411E+00  1.3870E+01  4.8867E+00  1.3717E+01
  5.1788E-01  1.6489E+00 -1.2673E-01  3.6547E+00  1.3871E+01  4.8972E+00  1.3719E+01
  5.1885E-01  1.6550E+00 -1.2759E-01  3.6686E+00  1.3873E+01  4.9079E+00  1.3721E+01
  5.1981E-01  1.6610E+00 -1.2844E-01  3.6822E+00  1.3874E+01  4.9184E+00  1.3723E+01
  5.2077E-01  1.6670E+00 -1.2930E-01  3.6958E+00  1.3876E+01  4.9289E+00  1.3725E+01
  5.2173E-01  1.6730E+00 -1.3015E-01  3.7094E+00  1.3877E+01  4.9394E+00  1.3727E+01
  5.2270E-01  1.6791E+00 -1.3102E-01  3.7233E+00  1.3879E+01  4.9502E+00  1.3729E+01
  5.2366E-01  1.6851E+00 -1.3187E-01  3.7370E+00  1.3880E+01  4.9607E+00  1.3731E+01
  5.2462E-01  1.6910E+00 -1.3272E-01  3.7506E+00  1.3882E+01  4.9712E+00  1.3733E+01
  5.2560E-01  1.6971E+00 -1.3359E-01  3.7645E+00  1.3883E+01  4.9819E+00  1.3735E+01
  5.2656E-01  1.7031E+00 -1.3444E-01  3.7781E+00  1.3884E+01  4.9924E+00  1.3737E+01
  5.2751E-01  1.7091E+00 -1.3529E-01  3.7917E+00  1.3886E+01  5.0029E+00  1.3738E+01
  5.2847E-01  1.7151E+00 -1.3614E-01  3.8054E+00  1.3887E+01  5.0135E+00  1.3740E+01
  5.2945E-01  1.7212E+00 -1.3701E-01  3.8193E+00  1.3889E+01  5.0242E+00  1.3742E+01
  5.3041E-01  1.7272E+00 -1.3786E-01  3.8329E+00  1.3890E+01  5.0347E+00  1.3744E+01
  5.3136E-01  1.7331E+00 -1.3871E-01  3.8465E+00  1.3891E+01  5.0452E+00  1.3746E+01
  5.3234E-01  1.7393E+00 -1.3958E-01  3.8605E+00  1.3893E+01  5.0559E+00  1.3748E+01
  5.3330E-01  1.7452E+00 -1.4043E-01  3.8741E+00  1.3894E+01  5.0665E+00  1.3749E+01
  5.3426E-01  1.7512E+00 -1.4128E-01  3.8877E+00  1.3895E+01  5.0770E+00  1.3751E+01
  5.3522E-01  1.7572E+00 -1.4214E-01  3.9014E+00  1.3897E+01  5.0875E+00  1.3753E+01
  5.3619E-01  1.7633E+00 -1.4301E-01  3.9153E+00  1.3898E+01  5.0982E+00  1.3755E+01
  5.3715E-01  1.7693E+00 -1.4386E-01  3.9289E+00  1.3899E+01  5.1087E+00  1.3756E+01
  5.3811E-01  1.7753E+00 -1.4471E-01  3.9426E+00  1.3901E+01  5.1192E+00  1.3758E+01
  5.3909E-01  1.7814E+00 -1.4558E-01  3.9565E+00  1.3902E+01  5.1300E+00  1.3760E+01
  5.4004E-01  1.7873E+00 -1.4643E-01  3.9701E+00  1.3903E+01  5.1405E+00  1.3762E+01
  5.4100E-01  1.7933E+00 -1.4728E-01  3.9838E+00  1.3905E+01  5.1510E+00  1.3763E+01
  5.4196E-01  1.7993E+00 -1.4814E-01  3.9974E+00  1.3906E+01  5.1616E+00  1.3765E+01
  5.4294E-01  1.8054E+00 -1.4900E-01  4.0114E+00  1.3907E+01  5.1723E+00  1.3767E+01
  5.4389E-01  1.8114E+00 -1.4986E-01  4.0250E+00  1.3908E+01  5.1828E+00  1.3768E+01
  5.4485E-01  1.8174E+00 -1.5071E-01  4.0387E+00  1.3910E+01  5.1933E+00  1.3770E+01
  5.4583E-01  1.8235E+00 -1.5158E-01  4.0526E+00  1.3911E+01  5.2041E+00  1.3772E+01
  5.4679E-01  1.8295E+00 -1.5243E-01  4.0663E+00  1.3912E+01  5.2146E+00  1.3773E+01
  5.4775E-01  1.8354E+00 -1.5328E-01  4.0799E+00  1.3913E+01  5.2251E+00  1.3775E+01
  5.4870E-01  1.8414E+00 -1.5414E-01  4.0936E+00  1.3915E+01  5.2356E+00  1.3776E+01
  5.4968E-01  1.8475E+00 -1.5501E-01  4.1075E+00  1.3916E+01  5.2464E+00  1.3778E+01
  5.5064E-01  1.8535E+00 -1.5586E-01  4.1212E+00  1.3917E+01  5.2569E+00  1.3780E+01
  5.5160E-01  1.8595E+00 -1.5671E-01  4.1348E+00  1.3918E+01  5.2674E+00  1.3781E+01
  5.5255E-01  1.8655E+00 -1.5757E-01  4.1485E+00  1.3919E+01  5.2779E+00  1.3783E+01
  5.5353E-01  1.8716E+00 -1.5844E-01  4.1624E+00  1.3921E+01  5.2887E+00  1.3784E+01
  5.5449E-01  1.8776E+00 -1.5929E-01  4.1761E+00  1.3922E+01  5.2992E+00  1.3786E+01
  5.5545E-01  1.8835E+00 -1.6014E-01  4.1898E+00  1.3923E+01  5.3097E+00  1.3787E+01
  5.5642E-01  1.8896E+00 -1.6101E-01  4.2037E+00  1.3924E+01  5.3205E+00  1.3789E+01
  5.5738E-01  1.8956E+00 -1.6186E-01  4.2174E+00  1.3925E+01  5.3310E+00  1.3790E+01
  5.5834E-01  1.9016E+00 -1.6272E-01  4.2311E+00  1.3926E+01  5.3415E+00  1.3792E+01
  5.5930E-01  1.9076E+00 -1.6357E-01  4.2447E+00  1.3927E+01  5.3520E+00  1.3793E+01
  5.6028E-01  1.9137E+00 -1.6444E-01  4.2587E+00  1.3929E+01  5.3628E+00  1.3795E+01
  5.6123E-01  1.9197E+00 -1.6529E-01  4.2724E+00  1.3930E+01  5.3733E+00  1.3796E+01
  5.6219E-01  1.9257E+00 -1.6615E-01  4.2860E+00  1.3931E+01  5.3838E+00  1.3798E+01
  5.6317E-01  1.9318E+00 -1.6702E-01  4.3000E+00  1.3932E+01  5.3946E+00  1.3799E+01
  5.6413E-01  1.9377E+00 -1.6787E-01  4.3137E+00  1.3933E+01  5.4051E+00  1.3801E+01
  5.6508E-01  1.9437E+00 -1.6872E-01  4.3274E+00  1.3934E+01  5.4156E+00  1.3802E+01
  5.6604E-01  1.9497E+00 -1.6958E-01  4.3410E+00  1.3935E+01  5.4262E+00  1.3803E+01
  5.6702E-01  1.9558E+00 -1.7045E-01  4.3550E+00  1.3936E+01  5.4369E+00  1.3805E+01
  5.6798E-01  1.9618E+00 -1.7130E-01  4.3687E+00  1.3937E+01  5.4474E+00  1.3806E+01
  5.6894E-01  1.9678E+00 -1.7216E-01  4.3824E+00  1.3938E+01  5.4580E+00  1.3808E+01
  5.6991E-01  1.9739E+00 -1.7303E-01  4.3963E+00  1.3939E+01  5.4687E+00  1.3809E+01
  5.7087E-01  1.9799E+00 -1.7388E-01  4.4100E+00  1.3941E+01  5.4792E+00  1.3810E+01
  5.7183E-01  1.9858E+00 -1.7473E-01  4.4237E+00  1.3942E+01  5.4898E+00  1.3812E+01
  5.7279E-01  1.9918E+00 -1.7559E-01  4.4374E+00  1.3943E+01  5.5003E+00  1.3813E+01
  5.7376E-01  1.9979E+00 -1.7646E-01  4.4514E+00  1.3944E+01  5.5110E+00  1.3814E+01
  5.7472E-01  2.0039E+00 -1.7731E-01  4.4651E+00  1.3945E+01  5.5216E+00  1.3816E+01
  5.7568E-01  2.0099E+00 -1.7817E-01  4.4787E+00  1.3946E+01  5.5321E+00  1.3817E+01
  5.7664E-01  2.0159E+00 -1.7902E-01  4.4924E+00  1.3947E+01  5.5426E+00  1.3818E+01
  5.7761E-01  2.0220E+00 -1.7989E-01  4.5064E+00  1.3948E+01  5.5534E+00  1.3820E+01
  5.7857E-01  2.0279E+00 -1.8075E-01  4.5201E+00  1.3949E+01  5.5639E+00  1.3821E+01
  5.7953E-01  2.0339E+00 -1.8160E-01  4.5338E+00  1.3950E+01  5.5744E+00  1.3822E+01
  5.8051E-01  2.0400E+00 -1.8247E-01  4.5478E+00  1.3951E+01  5.5852E+00  1.3824E+01
  5.8147E-01  2.0460E+00 -1.8333E-01  4.5615E+00  1.3952E+01  5.5957E+00  1.3825E+01
  5.8242E-01  2.0520E+00 -1.8418E-01  4.5752E+00  1.3953E+01  5.6062E+00  1.3826E+01
  5.8338E-01  2.0580E+00 -1.8503E-01  4.5889E+00  1.3954E+01  5.6167E+00  1.3827E+01
  5.8436E-01  2.0641E+00 -1.8591E-01  4.6029E+00  1.3955E+01  5.6275E+00  1.3829E+01
  5.8532E-01  2.0701E+00 -1.8676E-01  4.6166E+00  1.3956E+01  5.6380E+00  1.3830E+01
  5.8627E-01  2.0760E+00 -1.8761E-01  4.6303E+00  1.3957E+01  5.6485E+00  1.3831E+01
  5.8725E-01  2.0821E+00 -1.8849E-01  4.6443E+00  1.3958E+01  5.6593E+00  1.3832E+01
  5.8821E-01  2.0881E+00 -1.8934E-01  4.6580E+00  1.3958E+01  5.6698E+00  1.3834E+01
  5.8917E-01  2.0941E+00 -1.9019E-01  4.6717E+00  1.3959E+01  5.6803E+00  1.3835E+01
  5.9013E-01  2.1001E+00 -1.9105E-01  4.6854E+00  1.3960E+01  5.6908E+00  1.3836E+01
  5.9110E-01  2.1062E+00 -1.9192E-01  4.6994E+00  1.3961E+01  5.7016E+00  1.3837E+01
  5.9206E-01  2.1122E+00 -1.9278E-01  4.7131E+00  1.3962E+01  5.7121E+00  1.3839E+01
  5.9302E-01  2.1182E+00 -1.9363E-01  4.7268E+00  1.3963E+01  5.7226E+00  1.3840E+01
  5.9400E-01  2.1243E+00 -1.9450E-01  4.7408E+00  1.3964E+01  5.7334E+00  1.3841E+01
  5.9600E-01  2.1368E+00 -1.9629E-01  4.7695E+00  1.3966E+01  5.7554E+00  1.3843E+01
