  3.0830E-01  7.5437E-02  4.5488E-05  3.9942E-01  8.6786E-01  7.3619E-03 -8.5302E-01
  3.0970E-01  1.0888E-01  4.7801E-05  3.9768E-01  1.6253E+00  1.3048E-02 -1.6133E+00
  3.1110E-01  1.3427E-01  5.0219E-05  3.9498E-01  2.2353E+00  1.6830E-02 -2.2258E+00
  3.1251E-01  1.5576E-01  5.2537E-05  3.9149E-01  2.7192E+00  1.9108E-02 -2.7116E+00
  3.1391E-01  1.7456E-01  5.4618E-05  3.8743E-01  3.0881E+00  2.0200E-02 -3.0821E+00
  3.1531E-01  1.9165E-01  5.6424E-05  3.8289E-01  3.3645E+00  2.0460E-02 -3.3598E+00
  3.1671E-01  2.0727E-01  5.7911E-05  3.7803E-01  3.5625E+00  2.0177E-02 -3.5587E+00
  3.1810E-01  2.2168E-01  5.9086E-05  3.7300E-01  3.6984E+00  1.9609E-02 -3.6954E+00
  3.1950E-01  2.3535E-01  5.9997E-05  3.6775E-01  3.7888E+00  1.8895E-02 -3.7863E+00
  3.2090E-01  2.4829E-01  6.0660E-05  3.6240E-01  3.8427E+00  1.8092E-02 -3.8407E+00
  3.2232E-01  2.6074E-01  6.1106E-05  3.5693E-01  3.8683E+00  1.7221E-02 -3.8666E+00
  3.2372E-01  2.7246E-01  6.1348E-05  3.5153E-01  3.8710E+00  1.6330E-02 -3.8696E+00
  3.2511E-01  2.8369E-01  6.1417E-05  3.4614E-01  3.8562E+00  1.5433E-02 -3.8550E+00
  3.2653E-01  2.9468E-01  6.1331E-05  3.4071E-01  3.8269E+00  1.4540E-02 -3.8259E+00
  3.2793E-01  3.0517E-01  6.1110E-05  3.3538E-01  3.7872E+00  1.3694E-02 -3.7863E+00
  3.2931E-01  3.1518E-01  6.0779E-05  3.3019E-01  3.7401E+00  1.2911E-02 -3.7393E+00
  3.3072E-01  3.2519E-01  6.0338E-05  3.2492E-01  3.6855E+00  1.2163E-02 -3.6848E+00
  3.3211E-01  3.3471E-01  5.9821E-05  3.1985E-01  3.6278E+00  1.1485E-02 -3.6272E+00
  3.3353E-01  3.4424E-01  5.9218E-05  3.1473E-01  3.5655E+00  1.0841E-02 -3.5650E+00
  3.3492E-01  3.5327E-01  5.8572E-05  3.0984E-01  3.5030E+00  1.0264E-02 -3.5026E+00
  3.3633E-01  3.6230E-01  5.7860E-05  3.0493E-01  3.4380E+00  9.7235E-03 -3.4376E+00
  3.3774E-01  3.7109E-01  5.7110E-05  3.0015E-01  3.3729E+00  9.2351E-03 -3.3726E+00
  3.3913E-01  3.7964E-01  5.6332E-05  2.9549E-01  3.3085E+00  8.7990E-03 -3.3082E+00
  3.4051E-01  3.8794E-01  5.5535E-05  2.9097E-01  3.2453E+00  8.4135E-03 -3.2450E+00
  3.4192E-01  3.9624E-01  5.4704E-05  2.8645E-01  3.1819E+00  8.0655E-03 -3.1816E+00
  3.4330E-01  4.0429E-01  5.3868E-05  2.8208E-01  3.1205E+00  7.7627E-03 -3.1203E+00
  3.4471E-01  4.1235E-01  5.3009E-05  2.7773E-01  3.0597E+00  7.4933E-03 -3.0595E+00
  3.4614E-01  4.2041E-01  5.2129E-05  2.7340E-01  2.9996E+00  7.2556E-03 -2.9994E+00
  3.4750E-01  4.2798E-01  5.1289E-05  2.6935E-01  2.9441E+00  7.0589E-03 -2.9438E+00
  3.4893E-01  4.3579E-01  5.0410E-05  2.6519E-01  2.8878E+00  6.8806E-03 -2.8876E+00
  3.5033E-01  4.4336E-01  4.9550E-05  2.6119E-01  2.8344E+00  6.7296E-03 -2.8342E+00
  3.5174E-01  4.5093E-01  4.8685E-05  2.5721E-01  2.7823E+00  6.5986E-03 -2.7821E+00
  3.5313E-01  4.5825E-01  4.7843E-05  2.5338E-01  2.7331E+00  6.4899E-03 -2.7329E+00
  3.5454E-01  4.6557E-01  4.7001E-05  2.4958E-01  2.6852E+00  6.3986E-03 -2.6851E+00
  3.5591E-01  4.7265E-01  4.6186E-05  2.4593E-01  2.6403E+00  6.3253E-03 -2.6401E+00
  3.5734E-01  4.7998E-01  4.5346E-05  2.4218E-01  2.5951E+00  6.2607E-03 -2.5950E+00
  3.5874E-01  4.8706E-01  4.4536E-05  2.3858E-01  2.5528E+00  6.2024E-03 -2.5526E+00
  3.6010E-01  4.9389E-01  4.3757E-05  2.3512E-01  2.5131E+00  6.1441E-03 -2.5129E+00
  3.6153E-01  5.0097E-01  4.2952E-05  2.3157E-01  2.4731E+00  6.0768E-03 -2.4730E+00
  3.6292E-01  5.0781E-01  4.2178E-05  2.2816E-01  2.4355E+00  6.0029E-03 -2.4353E+00
  3.6432E-01  5.1465E-01  4.1405E-05  2.2477E-01  2.3987E+00  5.9197E-03 -2.3986E+00
  3.6573E-01  5.2148E-01  4.0634E-05  2.2141E-01  2.3627E+00  5.8263E-03 -2.3626E+00
  3.6710E-01  5.2807E-01  3.9889E-05  2.1819E-01  2.3286E+00  5.7214E-03 -2.3285E+00
  3.6853E-01  5.3491E-01  3.9115E-05  2.1488E-01  2.2937E+00  5.5827E-03 -2.2936E+00
  3.6993E-01  5.4150E-01  3.8365E-05  2.1171E-01  2.2603E+00  5.4025E-03 -2.2601E+00
  3.7133E-01  5.4809E-01  3.7606E-05  2.0856E-01  2.2266E+00  5.1604E-03 -2.2265E+00
  3.7274E-01  5.5469E-01  3.6834E-05  2.0544E-01  2.1924E+00  4.8434E-03 -2.1922E+00
  3.7411E-01  5.6103E-01  3.6070E-05  2.0246E-01  2.1583E+00  4.4577E-03 -2.1582E+00
  3.7554E-01  5.6762E-01  3.5250E-05  1.9940E-01  2.1212E+00  3.9697E-03 -2.1211E+00
  3.7693E-01  5.7397E-01  3.4424E-05  1.9649E-01  2.0833E+00  3.4196E-03 -2.0833E+00
  3.7832E-01  5.8032E-01  3.3554E-05  1.9361E-01  2.0425E+00  2.8129E-03 -2.0425E+00
  3.7972E-01  5.8667E-01  3.2627E-05  1.9078E-01  1.9979E+00  2.2590E-03 -1.9979E+00
  3.8113E-01  5.9302E-01  3.1626E-05  1.8799E-01  1.9483E+00  2.1457E-03 -1.9483E+00
  3.8255E-01  5.9936E-01  3.0531E-05  1.8527E-01  1.8923E+00  2.9290E-03 -1.8922E+00
  3.8392E-01  6.0547E-01  2.9367E-05  1.8272E-01  1.8309E+00  4.3699E-03 -1.8308E+00
  3.8535E-01  6.1181E-01  2.8023E-05  1.8016E-01  1.7581E+00  6.2665E-03 -1.7578E+00
  3.8673E-01  6.1792E-01  2.6588E-05  1.7778E-01  1.6788E+00  8.2923E-03 -1.6783E+00
  3.8812E-01  6.2402E-01  2.5006E-05  1.7551E-01  1.5902E+00  1.0362E-02 -1.5894E+00
  3.8951E-01  6.3013E-01  2.3282E-05  1.7337E-01  1.4929E+00  1.2256E-02 -1.4917E+00
  3.9090E-01  6.3623E-01  2.1438E-05  1.7136E-01  1.3888E+00  1.3697E-02 -1.3871E+00
  3.9230E-01  6.4233E-01  1.9517E-05  1.6949E-01  1.2812E+00  1.4444E-02 -1.2792E+00
  3.9371E-01  6.4844E-01  1.7580E-05  1.6777E-01  1.1746E+00  1.4386E-02 -1.1724E+00
  3.9511E-01  6.5454E-01  1.5692E-05  1.6619E-01  1.0734E+00  1.3575E-02 -1.0712E+00
  3.9652E-01  6.6064E-01  1.3913E-05  1.6475E-01  9.8146E-01  1.2190E-02 -9.7955E-01
  3.9793E-01  6.6675E-01  1.2287E-05  1.6342E-01  9.0130E-01  1.0486E-02 -8.9975E-01
  3.9935E-01  6.7285E-01  1.0835E-05  1.6220E-01  8.3382E-01  8.7185E-03 -8.3265E-01
  4.0070E-01  6.7871E-01  9.6047E-06  1.6111E-01  7.8056E-01  7.1417E-03 -7.7971E-01
  4.0212E-01  6.8481E-01  8.4814E-06  1.6004E-01  7.3580E-01  5.7310E-03 -7.3521E-01
  4.0354E-01  6.9092E-01  7.4975E-06  1.5902E-01  7.0028E-01  4.5955E-03 -6.9988E-01
  4.0495E-01  6.9702E-01  6.6287E-06  1.5805E-01  6.7226E-01  3.7274E-03 -6.7199E-01
  4.0631E-01  7.0288E-01  5.8818E-06  1.5715E-01  6.5097E-01  3.1152E-03 -6.5077E-01
  4.0773E-01  7.0898E-01  5.1754E-06  1.5624E-01  6.3336E-01  2.6670E-03 -6.3321E-01
  4.0915E-01  7.1509E-01  4.5263E-06  1.5535E-01  6.1940E-01  2.3686E-03 -6.1928E-01
  4.1051E-01  7.2095E-01  3.9453E-06  1.5452E-01  6.0868E-01  2.1851E-03 -6.0857E-01
  4.1193E-01  7.2705E-01  3.3743E-06  1.5366E-01  5.9968E-01  2.0678E-03 -5.9958E-01
  4.1335E-01  7.3315E-01  2.8307E-06  1.5281E-01  5.9243E-01  2.0000E-03 -5.9233E-01
  4.1472E-01  7.3901E-01  2.3292E-06  1.5201E-01  5.8677E-01  1.9641E-03 -5.8668E-01
  4.1613E-01  7.4512E-01  1.8236E-06  1.5118E-01  5.8195E-01  1.9451E-03 -5.8185E-01
  4.1755E-01  7.5122E-01  1.3316E-06  1.5036E-01  5.7800E-01  1.9371E-03 -5.7791E-01
  4.1892E-01  7.5708E-01  8.6960E-07  1.4957E-01  5.7487E-01  1.9352E-03 -5.7478E-01
  4.2034E-01  7.6318E-01  3.9687E-07  1.4876E-01  5.7217E-01  1.9366E-03 -5.7207E-01
  4.2170E-01  7.6904E-01 -5.0291E-08  1.4798E-01  5.7001E-01  1.9394E-03 -5.6991E-01
  4.2312E-01  7.7514E-01 -5.1048E-07  1.4717E-01  5.6812E-01  1.9430E-03 -5.6802E-01
  4.2454E-01  7.8125E-01 -9.6602E-07  1.4637E-01  5.6654E-01  1.9468E-03 -5.6643E-01
  4.2591E-01  7.8711E-01 -1.3998E-06  1.4559E-01  5.6525E-01  1.9502E-03 -5.6514E-01
  4.2733E-01  7.9321E-01 -1.8485E-06  1.4479E-01  5.6411E-01  1.9535E-03 -5.6400E-01
  4.2875E-01  7.9931E-01 -2.2947E-06  1.4399E-01  5.6314E-01  1.9565E-03 -5.6303E-01
  4.3011E-01  8.0517E-01 -2.7210E-06  1.4322E-01  5.6235E-01  1.9590E-03 -5.6224E-01
  4.3153E-01  8.1128E-01 -3.1633E-06  1.4243E-01  5.6164E-01  1.9614E-03 -5.6153E-01
  4.3295E-01  8.1738E-01 -3.6040E-06  1.4163E-01  5.6104E-01  1.9635E-03 -5.6092E-01
  4.3432E-01  8.2324E-01 -4.0259E-06  1.4086E-01  5.6054E-01  1.9653E-03 -5.6043E-01
  4.3574E-01  8.2934E-01 -4.4642E-06  1.4007E-01  5.6010E-01  1.9670E-03 -5.5999E-01
  4.3710E-01  8.3520E-01 -4.8841E-06  1.3930E-01  5.5974E-01  1.9685E-03 -5.5963E-01
  4.3852E-01  8.4131E-01 -5.3206E-06  1.3851E-01  5.5943E-01  1.9698E-03 -5.5931E-01
  4.3994E-01  8.4741E-01 -5.7562E-06  1.3772E-01  5.5917E-01  1.9711E-03 -5.5905E-01
  4.4131E-01  8.5327E-01 -6.1737E-06  1.3695E-01  5.5897E-01  1.9723E-03 -5.5885E-01
  4.4273E-01  8.5937E-01 -6.6080E-06  1.3616E-01  5.5881E-01  1.9734E-03 -5.5869E-01
  4.4415E-01  8.6548E-01 -7.0416E-06  1.3537E-01  5.5869E-01  1.9745E-03 -5.5857E-01
  4.4700E-01  8.7773E-01 -7.9104E-06  1.3377E-01  5.5858E-01  1.9763E-03 -5.5845E-01
