  3.0830E-01  7.5437E-02  5.9106E-05  3.9942E-01  8.7002E-01  7.3213E-03 -8.5538E-01
  3.0970E-01  1.0888E-01  6.0110E-05  3.9767E-01  1.6281E+00  1.2997E-02 -1.6163E+00
  3.1110E-01  1.3427E-01  6.1073E-05  3.9496E-01  2.2384E+00  1.6777E-02 -2.2289E+00
  3.1251E-01  1.5576E-01  6.1907E-05  3.9147E-01  2.7222E+00  1.9055E-02 -2.7147E+00
  3.1391E-01  1.7456E-01  6.2562E-05  3.8741E-01  3.0909E+00  2.0151E-02 -3.0850E+00
  3.1531E-01  1.9165E-01  6.3034E-05  3.8286E-01  3.3671E+00  2.0415E-02 -3.3624E+00
  3.1671E-01  2.0727E-01  6.3320E-05  3.7800E-01  3.5648E+00  2.0137E-02 -3.5610E+00
  3.1810E-01  2.2168E-01  6.3437E-05  3.7296E-01  3.7005E+00  1.9573E-02 -3.6975E+00
  3.1950E-01  2.3535E-01  6.3407E-05  3.6772E-01  3.7906E+00  1.8863E-02 -3.7882E+00
  3.2090E-01  2.4829E-01  6.3249E-05  3.6236E-01  3.8444E+00  1.8064E-02 -3.8423E+00
  3.2232E-01  2.6074E-01  6.2976E-05  3.5689E-01  3.8697E+00  1.7197E-02 -3.8681E+00
  3.2372E-01  2.7246E-01  6.2611E-05  3.5149E-01  3.8723E+00  1.6310E-02 -3.8709E+00
  3.2511E-01  2.8369E-01  6.2165E-05  3.4610E-01  3.8573E+00  1.5417E-02 -3.8561E+00
  3.2653E-01  2.9468E-01  6.1641E-05  3.4066E-01  3.8279E+00  1.4528E-02 -3.8269E+00
  3.2793E-01  3.0517E-01  6.1063E-05  3.3533E-01  3.7880E+00  1.3685E-02 -3.7872E+00
  3.2931E-01  3.1518E-01  6.0446E-05  3.3015E-01  3.7408E+00  1.2906E-02 -3.7401E+00
  3.3072E-01  3.2519E-01  5.9769E-05  3.2488E-01  3.6861E+00  1.2160E-02 -3.6855E+00
  3.3211E-01  3.3471E-01  5.9075E-05  3.1980E-01  3.6283E+00  1.1484E-02 -3.6278E+00
  3.3353E-01  3.4424E-01  5.8335E-05  3.1468E-01  3.5660E+00  1.0843E-02 -3.5655E+00
  3.3492E-01  3.5327E-01  5.7596E-05  3.0979E-01  3.5035E+00  1.0269E-02 -3.5030E+00
  3.3633E-01  3.6230E-01  5.6825E-05  3.0489E-01  3.4384E+00  9.7300E-03 -3.4380E+00
  3.3774E-01  3.7109E-01  5.6046E-05  3.0010E-01  3.3732E+00  9.2434E-03 -3.3729E+00
  3.3913E-01  3.7964E-01  5.5266E-05  2.9544E-01  3.3088E+00  8.8089E-03 -3.3084E+00
  3.4051E-01  3.8794E-01  5.4490E-05  2.9092E-01  3.2455E+00  8.4248E-03 -3.2452E+00
  3.4192E-01  3.9624E-01  5.3699E-05  2.8640E-01  3.1821E+00  8.0780E-03 -3.1818E+00
  3.4330E-01  4.0429E-01  5.2918E-05  2.8204E-01  3.1207E+00  7.7763E-03 -3.1205E+00
  3.4471E-01  4.1235E-01  5.2128E-05  2.7768E-01  3.0599E+00  7.5078E-03 -3.0596E+00
  3.4614E-01  4.2041E-01  5.1331E-05  2.7335E-01  2.9998E+00  7.2709E-03 -2.9995E+00
  3.4750E-01  4.2798E-01  5.0578E-05  2.6930E-01  2.9442E+00  7.0750E-03 -2.9440E+00
  3.4893E-01  4.3579E-01  4.9796E-05  2.6515E-01  2.8879E+00  6.8973E-03 -2.8877E+00
  3.5033E-01  4.4336E-01  4.9038E-05  2.6114E-01  2.8345E+00  6.7468E-03 -2.8343E+00
  3.5174E-01  4.5093E-01  4.8279E-05  2.5716E-01  2.7824E+00  6.6162E-03 -2.7822E+00
  3.5313E-01  4.5825E-01  4.7545E-05  2.5334E-01  2.7332E+00  6.5079E-03 -2.7330E+00
  3.5454E-01  4.6557E-01  4.6812E-05  2.4953E-01  2.6853E+00  6.4168E-03 -2.6852E+00
  3.5591E-01  4.7265E-01  4.6107E-05  2.4588E-01  2.6404E+00  6.3437E-03 -2.6402E+00
  3.5734E-01  4.7998E-01  4.5380E-05  2.4213E-01  2.5952E+00  6.2794E-03 -2.5950E+00
  3.5874E-01  4.8706E-01  4.4681E-05  2.3853E-01  2.5529E+00  6.2215E-03 -2.5527E+00
  3.6010E-01  4.9389E-01  4.4009E-05  2.3507E-01  2.5132E+00  6.1637E-03 -2.5130E+00
  3.6153E-01  5.0097E-01  4.3317E-05  2.3152E-01  2.4732E+00  6.0970E-03 -2.4730E+00
  3.6292E-01  5.0781E-01  4.2651E-05  2.2811E-01  2.4356E+00  6.0238E-03 -2.4354E+00
  3.6432E-01  5.1465E-01  4.1988E-05  2.2473E-01  2.3988E+00  5.9412E-03 -2.3986E+00
  3.6573E-01  5.2148E-01  4.1328E-05  2.2137E-01  2.3628E+00  5.8487E-03 -2.3626E+00
  3.6710E-01  5.2807E-01  4.0693E-05  2.1815E-01  2.3287E+00  5.7451E-03 -2.3285E+00
  3.6853E-01  5.3491E-01  4.0035E-05  2.1483E-01  2.2938E+00  5.6084E-03 -2.2936E+00
  3.6993E-01  5.4150E-01  3.9400E-05  2.1166E-01  2.2603E+00  5.4307E-03 -2.2602E+00
  3.7133E-01  5.4809E-01  3.8763E-05  2.0851E-01  2.2267E+00  5.1920E-03 -2.2265E+00
  3.7274E-01  5.5469E-01  3.8121E-05  2.0539E-01  2.1924E+00  4.8790E-03 -2.1922E+00
  3.7411E-01  5.6103E-01  3.7496E-05  2.0242E-01  2.1583E+00  4.4983E-03 -2.1582E+00
  3.7554E-01  5.6762E-01  3.6836E-05  1.9935E-01  2.1212E+00  4.0164E-03 -2.1211E+00
  3.7693E-01  5.7397E-01  3.6187E-05  1.9644E-01  2.0832E+00  3.4740E-03 -2.0832E+00
  3.7832E-01  5.8032E-01  3.5518E-05  1.9356E-01  2.0424E+00  2.8761E-03 -2.0424E+00
  3.7972E-01  5.8667E-01  3.4825E-05  1.9073E-01  1.9978E+00  2.3261E-03 -1.9977E+00
  3.8113E-01  5.9302E-01  3.4101E-05  1.8795E-01  1.9481E+00  2.1893E-03 -1.9481E+00
  3.8255E-01  5.9936E-01  3.3339E-05  1.8523E-01  1.8919E+00  2.9242E-03 -1.8919E+00
  3.8392E-01  6.0547E-01  3.2561E-05  1.8268E-01  1.8304E+00  4.3304E-03 -1.8303E+00
  3.8535E-01  6.1181E-01  3.1698E-05  1.8011E-01  1.7575E+00  6.2040E-03 -1.7573E+00
  3.8673E-01  6.1792E-01  3.0814E-05  1.7774E-01  1.6781E+00  8.2147E-03 -1.6776E+00
  3.8812E-01  6.2402E-01  2.9877E-05  1.7547E-01  1.5894E+00  1.0276E-02 -1.5886E+00
  3.8951E-01  6.3013E-01  2.8894E-05  1.7333E-01  1.4919E+00  1.2169E-02 -1.4907E+00
  3.9090E-01  6.3623E-01  2.7876E-05  1.7132E-01  1.3877E+00  1.3615E-02 -1.3861E+00
  3.9230E-01  6.4233E-01  2.6843E-05  1.6946E-01  1.2801E+00  1.4372E-02 -1.2781E+00
  3.9371E-01  6.4844E-01  2.5822E-05  1.6774E-01  1.1735E+00  1.4326E-02 -1.1713E+00
  3.9511E-01  6.5454E-01  2.4840E-05  1.6616E-01  1.0724E+00  1.3524E-02 -1.0703E+00
  3.9652E-01  6.6064E-01  2.3921E-05  1.6472E-01  9.8060E-01  1.2147E-02 -9.7871E-01
  3.9793E-01  6.6675E-01  2.3084E-05  1.6339E-01  9.0059E-01  1.0448E-02 -8.9905E-01
  3.9935E-01  6.7285E-01  2.2335E-05  1.6217E-01  8.3326E-01  8.6846E-03 -8.3209E-01
  4.0070E-01  6.7871E-01  2.1699E-05  1.6108E-01  7.8013E-01  7.1119E-03 -7.7929E-01
  4.0212E-01  6.8481E-01  2.1114E-05  1.6001E-01  7.3548E-01  5.7061E-03 -7.3490E-01
  4.0354E-01  6.9092E-01  2.0599E-05  1.5899E-01  7.0006E-01  4.5766E-03 -6.9967E-01
  4.0495E-01  6.9702E-01  2.0141E-05  1.5802E-01  6.7212E-01  3.7157E-03 -6.7185E-01
  4.0631E-01  7.0288E-01  1.9743E-05  1.5712E-01  6.5089E-01  3.1114E-03 -6.5069E-01
  4.0773E-01  7.0898E-01  1.9364E-05  1.5621E-01  6.3333E-01  2.6717E-03 -6.3318E-01
  4.0915E-01  7.1509E-01  1.9014E-05  1.5533E-01  6.1941E-01  2.3814E-03 -6.1929E-01
  4.1051E-01  7.2095E-01  1.8698E-05  1.5449E-01  6.0871E-01  2.2049E-03 -6.0860E-01
  4.1193E-01  7.2705E-01  1.8386E-05  1.5363E-01  5.9974E-01  2.0937E-03 -5.9964E-01
  4.1335E-01  7.3315E-01  1.8087E-05  1.5279E-01  5.9251E-01  2.0306E-03 -5.9241E-01
  4.1472E-01  7.3901E-01  1.7810E-05  1.5198E-01  5.8686E-01  1.9981E-03 -5.8676E-01
  4.1613E-01  7.4512E-01  1.7531E-05  1.5115E-01  5.8205E-01  1.9817E-03 -5.8195E-01
  4.1755E-01  7.5122E-01  1.7258E-05  1.5033E-01  5.7811E-01  1.9757E-03 -5.7802E-01
  4.1892E-01  7.5708E-01  1.7001E-05  1.4954E-01  5.7499E-01  1.9753E-03 -5.7489E-01
  4.2034E-01  7.6318E-01  1.6737E-05  1.4873E-01  5.7230E-01  1.9778E-03 -5.7220E-01
  4.2170E-01  7.6904E-01  1.6488E-05  1.4795E-01  5.7014E-01  1.9815E-03 -5.7004E-01
  4.2312E-01  7.7514E-01  1.6231E-05  1.4714E-01  5.6825E-01  1.9857E-03 -5.6815E-01
  4.2454E-01  7.8125E-01  1.5976E-05  1.4634E-01  5.6667E-01  1.9900E-03 -5.6657E-01
  4.2591E-01  7.8711E-01  1.5734E-05  1.4557E-01  5.6539E-01  1.9938E-03 -5.6528E-01
  4.2733E-01  7.9321E-01  1.5482E-05  1.4476E-01  5.6425E-01  1.9974E-03 -5.6414E-01
  4.2875E-01  7.9931E-01  1.5232E-05  1.4396E-01  5.6329E-01  2.0007E-03 -5.6317E-01
  4.3011E-01  8.0517E-01  1.4994E-05  1.4320E-01  5.6250E-01  2.0034E-03 -5.6238E-01
  4.3153E-01  8.1128E-01  1.4746E-05  1.4240E-01  5.6179E-01  2.0059E-03 -5.6167E-01
  4.3295E-01  8.1738E-01  1.4499E-05  1.4160E-01  5.6119E-01  2.0082E-03 -5.6107E-01
  4.3432E-01  8.2324E-01  1.4262E-05  1.4083E-01  5.6069E-01  2.0101E-03 -5.6057E-01
  4.3574E-01  8.2934E-01  1.4016E-05  1.4004E-01  5.6025E-01  2.0119E-03 -5.6013E-01
  4.3710E-01  8.3520E-01  1.3781E-05  1.3927E-01  5.5990E-01  2.0134E-03 -5.5977E-01
  4.3852E-01  8.4131E-01  1.3536E-05  1.3848E-01  5.5958E-01  2.0149E-03 -5.5946E-01
  4.3994E-01  8.4741E-01  1.3292E-05  1.3769E-01  5.5933E-01  2.0162E-03 -5.5920E-01
  4.4131E-01  8.5327E-01  1.3057E-05  1.3692E-01  5.5913E-01  2.0174E-03 -5.5900E-01
  4.4273E-01  8.5937E-01  1.2814E-05  1.3613E-01  5.5897E-01  2.0186E-03 -5.5884E-01
  4.4415E-01  8.6548E-01  1.2570E-05  1.3533E-01  5.5885E-01  2.0198E-03 -5.5872E-01
  4.4700E-01  8.7773E-01  1.2082E-05  1.3374E-01  5.5873E-01  2.0217E-03 -5.5860E-01
