  3.0831E-01  7.5437E-02  4.4649E-05  3.9979E-01  3.2348E-01  2.8975E-03 -3.1736E-01
  3.0970E-01  1.0864E-01  4.5816E-05  3.9911E-01  6.5549E-01  5.9653E-03 -6.4940E-01
  3.1111E-01  1.3403E-01  4.7321E-05  3.9797E-01  9.8500E-01  9.0385E-03 -9.7894E-01
  3.1251E-01  1.5527E-01  4.9061E-05  3.9637E-01  1.3080E+00  1.2077E-02 -1.3020E+00
  3.1391E-01  1.7407E-01  5.0999E-05  3.9431E-01  1.6274E+00  1.5104E-02 -1.6213E+00
  3.1531E-01  1.9092E-01  5.3069E-05  3.9183E-01  1.9381E+00  1.8064E-02 -1.9321E+00
  3.1672E-01  2.0654E-01  5.5239E-05  3.8890E-01  2.2370E+00  1.9803E-02 -2.2316E+00
  3.1811E-01  2.2094E-01  5.7194E-05  3.8562E-01  2.4720E+00  1.9048E-02 -2.4681E+00
  3.1952E-01  2.3462E-01  5.8826E-05  3.8201E-01  2.6442E+00  1.8164E-02 -2.6412E+00
  3.2092E-01  2.4756E-01  6.0158E-05  3.7821E-01  2.7679E+00  1.7295E-02 -2.7655E+00
  3.2232E-01  2.5976E-01  6.1225E-05  3.7429E-01  2.8540E+00  1.6448E-02 -2.8521E+00
  3.2372E-01  2.7148E-01  6.2077E-05  3.7026E-01  2.9124E+00  1.5614E-02 -2.9108E+00
  3.2511E-01  2.8271E-01  6.2736E-05  3.6616E-01  2.9484E+00  1.4793E-02 -2.9472E+00
  3.2653E-01  2.9370E-01  6.3235E-05  3.6197E-01  2.9669E+00  1.3935E-02 -2.9659E+00
  3.2793E-01  3.0420E-01  6.3575E-05  3.5781E-01  2.9707E+00  1.3073E-02 -2.9699E+00
  3.2931E-01  3.1421E-01  6.3775E-05  3.5372E-01  2.9630E+00  1.2242E-02 -2.9623E+00
  3.3073E-01  3.2422E-01  6.3858E-05  3.4952E-01  2.9452E+00  1.1403E-02 -2.9446E+00
  3.3212E-01  3.3374E-01  6.3831E-05  3.4545E-01  2.9200E+00  1.0601E-02 -2.9195E+00
  3.3351E-01  3.4302E-01  6.3708E-05  3.4142E-01  2.8882E+00  9.8169E-03 -2.8878E+00
  3.3493E-01  3.5229E-01  6.3493E-05  3.3735E-01  2.8503E+00  9.0796E-03 -2.8499E+00
  3.3630E-01  3.6108E-01  6.3216E-05  3.3345E-01  2.8101E+00  8.5277E-03 -2.8098E+00
  3.3771E-01  3.6987E-01  6.2879E-05  3.2953E-01  2.7675E+00  8.0356E-03 -2.7672E+00
  3.3910E-01  3.7842E-01  6.2500E-05  3.2570E-01  2.7239E+00  7.5606E-03 -2.7237E+00
  3.4052E-01  3.8696E-01  6.2074E-05  3.2187E-01  2.6786E+00  7.0869E-03 -2.6784E+00
  3.4193E-01  3.9526E-01  6.1615E-05  3.1813E-01  2.6329E+00  6.6286E-03 -2.6328E+00
  3.4331E-01  4.0332E-01  6.1131E-05  3.1452E-01  2.5873E+00  6.1945E-03 -2.5871E+00
  3.4472E-01  4.1137E-01  6.0612E-05  3.1090E-01  2.5407E+00  5.8397E-03 -2.5406E+00
  3.4611E-01  4.1919E-01  6.0084E-05  3.0741E-01  2.4956E+00  5.6111E-03 -2.4955E+00
  3.4751E-01  4.2700E-01  5.9538E-05  3.0393E-01  2.4510E+00  5.4121E-03 -2.4509E+00
  3.4894E-01  4.3481E-01  5.8979E-05  3.0047E-01  2.4071E+00  5.2155E-03 -2.4070E+00
  3.5034E-01  4.4238E-01  5.8425E-05  2.9713E-01  2.3650E+00  5.0264E-03 -2.3649E+00
  3.5171E-01  4.4970E-01  5.7878E-05  2.9392E-01  2.3249E+00  4.8454E-03 -2.3248E+00
  3.5314E-01  4.5727E-01  5.7303E-05  2.9061E-01  2.2839E+00  4.6723E-03 -2.2838E+00
  3.5455E-01  4.6460E-01  5.6739E-05  2.8743E-01  2.2449E+00  4.5541E-03 -2.2449E+00
  3.5592E-01  4.7168E-01  5.6190E-05  2.8438E-01  2.2082E+00  4.4787E-03 -2.2081E+00
  3.5730E-01  4.7876E-01  5.5639E-05  2.8135E-01  2.1724E+00  4.4101E-03 -2.1723E+00
  3.5870E-01  4.8584E-01  5.5089E-05  2.7833E-01  2.1376E+00  4.3422E-03 -2.1375E+00
  3.6011E-01  4.9292E-01  5.4538E-05  2.7534E-01  2.1037E+00  4.2747E-03 -2.1036E+00
  3.6154E-01  5.0000E-01  5.3988E-05  2.7236E-01  2.0706E+00  4.2038E-03 -2.0705E+00
  3.6293E-01  5.0683E-01  5.3455E-05  2.6951E-01  2.0394E+00  4.1001E-03 -2.0393E+00
  3.6433E-01  5.1367E-01  5.2919E-05  2.6667E-01  2.0085E+00  3.9198E-03 -2.0084E+00
  3.6574E-01  5.2051E-01  5.2376E-05  2.6386E-01  1.9776E+00  3.7003E-03 -1.9775E+00
  3.6711E-01  5.2710E-01  5.1842E-05  2.6116E-01  1.9477E+00  3.4866E-03 -1.9477E+00
  3.6855E-01  5.3393E-01  5.1279E-05  2.5839E-01  1.9166E+00  3.2680E-03 -1.9166E+00
  3.6994E-01  5.4053E-01  5.0729E-05  2.5575E-01  1.8865E+00  3.0568E-03 -1.8865E+00
  3.7134E-01  5.4712E-01  5.0168E-05  2.5312E-01  1.8563E+00  2.7792E-03 -1.8563E+00
  3.7270E-01  5.5346E-01  4.9609E-05  2.5062E-01  1.8261E+00  2.2161E-03 -1.8261E+00
  3.7412E-01  5.6006E-01  4.8986E-05  2.4804E-01  1.7915E+00  1.2710E-03 -1.7915E+00
  3.7555E-01  5.6665E-01  4.8296E-05  2.4551E-01  1.7520E+00  8.7306E-04 -1.7520E+00
  3.7694E-01  5.7300E-01  4.7560E-05  2.4311E-01  1.7093E+00  1.7381E-03 -1.7092E+00
  3.7833E-01  5.7934E-01  4.6754E-05  2.4076E-01  1.6621E+00  2.8698E-03 -1.6621E+00
  3.7973E-01  5.8569E-01  4.5884E-05  2.3847E-01  1.6108E+00  4.0735E-03 -1.6107E+00
  3.8114E-01  5.9204E-01  4.4941E-05  2.3624E-01  1.5549E+00  5.6378E-03 -1.5548E+00
  3.8250E-01  5.9814E-01  4.3939E-05  2.3416E-01  1.4946E+00  8.0148E-03 -1.4943E+00
  3.8393E-01  6.0449E-01  4.2757E-05  2.3208E-01  1.4212E+00  1.1172E-02 -1.4205E+00
  3.8535E-01  6.1084E-01  4.1394E-05  2.3011E-01  1.3350E+00  1.4457E-02 -1.3339E+00
  3.8673E-01  6.1694E-01  3.9904E-05  2.2834E-01  1.2402E+00  1.7599E-02 -1.2384E+00
  3.8812E-01  6.2304E-01  3.8241E-05  2.2669E-01  1.1340E+00  2.0703E-02 -1.1313E+00
  3.8951E-01  6.2915E-01  3.6411E-05  2.2520E-01  1.0170E+00  2.3588E-02 -1.0131E+00
  3.9090E-01  6.3525E-01  3.4459E-05  2.2388E-01  8.9152E-01  2.5345E-02 -8.8635E-01
  3.9230E-01  6.4136E-01  3.2466E-05  2.2272E-01  7.6467E-01  2.4982E-02 -7.5883E-01
  3.9370E-01  6.4746E-01  3.0542E-05  2.2175E-01  6.4503E-01  2.3358E-02 -6.3899E-01
  3.9511E-01  6.5356E-01  2.8757E-05  2.2093E-01  5.3575E-01  2.1524E-02 -5.2958E-01
  3.9652E-01  6.5967E-01  2.7130E-05  2.2025E-01  4.3676E-01  1.9688E-02 -4.3044E-01
  3.9793E-01  6.6577E-01  2.5657E-05  2.1971E-01  3.4766E-01  1.7859E-02 -3.4112E-01
  3.9934E-01  6.7187E-01  2.4331E-05  2.1928E-01  2.6810E-01  1.6043E-02 -2.6125E-01
  4.0075E-01  6.7798E-01  2.3146E-05  2.1897E-01  1.9778E-01  1.4260E-02 -1.9041E-01
  4.0211E-01  6.8384E-01  2.2136E-05  2.1875E-01  1.3877E-01  1.2587E-02 -1.3051E-01
  4.0353E-01  6.8994E-01  2.1211E-05  2.1860E-01  8.6416E-02  1.0863E-02 -7.6253E-02
  4.0494E-01  6.9604E-01  2.0413E-05  2.1853E-01  4.5596E-02  9.1442E-03 -3.0168E-02
  4.0630E-01  7.0190E-01  1.9764E-05  2.1851E-01  2.8743E-02  7.4988E-03  6.4651E-03
  4.0772E-01  7.0801E-01  1.9209E-05  2.1854E-01  4.2696E-02  5.8077E-03  3.6790E-02
  4.0914E-01  7.1411E-01  1.8769E-05  2.1861E-01  6.1647E-02  4.2870E-03  5.9541E-02
  4.1050E-01  7.1997E-01  1.8437E-05  2.1871E-01  7.6816E-02  3.3123E-03  7.5819E-02
  4.1192E-01  7.2607E-01  1.8156E-05  2.1882E-01  9.0100E-02  2.7952E-03  8.9498E-02
  4.1334E-01  7.3218E-01  1.7914E-05  2.1896E-01  1.0163E-01  2.4169E-03  1.0123E-01
  4.1470E-01  7.3804E-01  1.7707E-05  2.1910E-01  1.1114E-01  2.0669E-03  1.1087E-01
  4.1612E-01  7.4414E-01  1.7518E-05  2.1927E-01  1.1942E-01  1.7059E-03  1.1926E-01
  4.1754E-01  7.5024E-01  1.7356E-05  2.1944E-01  1.2606E-01  1.3588E-03  1.2596E-01
  4.1891E-01  7.5610E-01  1.7221E-05  2.1962E-01  1.3100E-01  1.0847E-03  1.3094E-01
  4.2033E-01  7.6221E-01  1.7100E-05  2.1981E-01  1.3509E-01  9.1913E-04  1.3505E-01
  4.2175E-01  7.6831E-01  1.6991E-05  2.2000E-01  1.3858E-01  8.2717E-04  1.3854E-01
  4.2311E-01  7.7417E-01  1.6894E-05  2.2019E-01  1.4152E-01  7.5279E-04  1.4149E-01
  4.2453E-01  7.8027E-01  1.6800E-05  2.2039E-01  1.4417E-01  6.7953E-04  1.4415E-01
  4.2595E-01  7.8638E-01  1.6711E-05  2.2060E-01  1.4642E-01  6.1146E-04  1.4640E-01
  4.2731E-01  7.9223E-01  1.6633E-05  2.2080E-01  1.4819E-01  5.5488E-04  1.4818E-01
  4.2873E-01  7.9834E-01  1.6556E-05  2.2101E-01  1.4969E-01  5.1449E-04  1.4968E-01
  4.3016E-01  8.0444E-01  1.6484E-05  2.2123E-01  1.5095E-01  4.9331E-04  1.5094E-01
  4.3152E-01  8.1030E-01  1.6418E-05  2.2143E-01  1.5201E-01  4.7948E-04  1.5200E-01
  4.3294E-01  8.1640E-01  1.6351E-05  2.2165E-01  1.5298E-01  4.6717E-04  1.5297E-01
  4.3430E-01  8.2226E-01  1.6289E-05  2.2186E-01  1.5379E-01  4.5686E-04  1.5378E-01
  4.3572E-01  8.2837E-01  1.6226E-05  2.2208E-01  1.5451E-01  4.4784E-04  1.5450E-01
  4.3714E-01  8.3447E-01  1.6165E-05  2.2230E-01  1.5509E-01  4.4100E-04  1.5508E-01
  4.3851E-01  8.4033E-01  1.6108E-05  2.2251E-01  1.5554E-01  4.3695E-04  1.5554E-01
  4.3993E-01  8.4643E-01  1.6051E-05  2.2273E-01  1.5593E-01  4.3447E-04  1.5592E-01
  4.4135E-01  8.5254E-01  1.5994E-05  2.2295E-01  1.5625E-01  4.3270E-04  1.5624E-01
  4.4271E-01  8.5840E-01  1.5941E-05  2.2317E-01  1.5648E-01  4.3156E-04  1.5647E-01
  4.4414E-01  8.6450E-01  1.5887E-05  2.2339E-01  1.5666E-01  4.3094E-04  1.5665E-01
  4.4700E-01  8.7681E-01  1.5781E-05  2.2384E-01  1.5681E-01  4.3116E-04  1.5680E-01
