  3.0830E-01  7.5437E-02  4.5493E-05  3.9942E-01  8.7462E-01  7.3851E-03 -8.5979E-01
  3.0970E-01  1.0888E-01  4.7802E-05  3.9766E-01  1.6319E+00  1.3066E-02 -1.6200E+00
  3.1110E-01  1.3427E-01  5.0214E-05  3.9495E-01  2.2417E+00  1.6845E-02 -2.2322E+00
  3.1251E-01  1.5576E-01  5.2526E-05  3.9146E-01  2.7252E+00  1.9119E-02 -2.7176E+00
  3.1391E-01  1.7456E-01  5.4602E-05  3.8739E-01  3.0937E+00  2.0208E-02 -3.0878E+00
  3.1531E-01  1.9165E-01  5.6402E-05  3.8284E-01  3.3697E+00  2.0465E-02 -3.3650E+00
  3.1671E-01  2.0727E-01  5.7884E-05  3.7798E-01  3.5673E+00  2.0181E-02 -3.5636E+00
  3.1810E-01  2.2168E-01  5.9054E-05  3.7293E-01  3.7029E+00  1.9612E-02 -3.6999E+00
  3.1950E-01  2.3535E-01  5.9960E-05  3.6768E-01  3.7930E+00  1.8897E-02 -3.7905E+00
  3.2090E-01  2.4829E-01  6.0619E-05  3.6233E-01  3.8466E+00  1.8095E-02 -3.8446E+00
  3.2232E-01  2.6074E-01  6.1061E-05  3.5685E-01  3.8720E+00  1.7223E-02 -3.8703E+00
  3.2372E-01  2.7246E-01  6.1299E-05  3.5144E-01  3.8745E+00  1.6333E-02 -3.8730E+00
  3.2511E-01  2.8369E-01  6.1364E-05  3.4606E-01  3.8594E+00  1.5436E-02 -3.8582E+00
  3.2653E-01  2.9468E-01  6.1275E-05  3.4061E-01  3.8300E+00  1.4543E-02 -3.8290E+00
  3.2793E-01  3.0517E-01  6.1051E-05  3.3528E-01  3.7901E+00  1.3697E-02 -3.7892E+00
  3.2930E-01  3.1518E-01  6.0717E-05  3.3009E-01  3.7428E+00  1.2916E-02 -3.7421E+00
  3.3072E-01  3.2519E-01  6.0272E-05  3.2482E-01  3.6881E+00  1.2168E-02 -3.6875E+00
  3.3211E-01  3.3471E-01  5.9753E-05  3.1974E-01  3.6303E+00  1.1490E-02 -3.6297E+00
  3.3353E-01  3.4424E-01  5.9147E-05  3.1462E-01  3.5679E+00  1.0847E-02 -3.5674E+00
  3.3492E-01  3.5327E-01  5.8498E-05  3.0973E-01  3.5053E+00  1.0271E-02 -3.5049E+00
  3.3633E-01  3.6230E-01  5.7783E-05  3.0481E-01  3.4402E+00  9.7300E-03 -3.4399E+00
  3.3774E-01  3.7109E-01  5.7031E-05  3.0002E-01  3.3751E+00  9.2421E-03 -3.3747E+00
  3.3913E-01  3.7964E-01  5.6250E-05  2.9536E-01  3.3106E+00  8.8064E-03 -3.3103E+00
  3.4051E-01  3.8794E-01  5.5452E-05  2.9084E-01  3.2473E+00  8.4212E-03 -3.2470E+00
  3.4192E-01  3.9624E-01  5.4618E-05  2.8632E-01  3.1839E+00  8.0734E-03 -3.1836E+00
  3.4330E-01  4.0429E-01  5.3780E-05  2.8195E-01  3.1225E+00  7.7709E-03 -3.1222E+00
  3.4471E-01  4.1235E-01  5.2919E-05  2.7760E-01  3.0616E+00  7.5018E-03 -3.0613E+00
  3.4614E-01  4.2041E-01  5.2038E-05  2.7326E-01  3.0014E+00  7.2643E-03 -3.0012E+00
  3.4750E-01  4.2798E-01  5.1196E-05  2.6921E-01  2.9458E+00  7.0679E-03 -2.9456E+00
  3.4893E-01  4.3579E-01  5.0315E-05  2.6505E-01  2.8895E+00  6.8897E-03 -2.8893E+00
  3.5033E-01  4.4336E-01  4.9453E-05  2.6104E-01  2.8361E+00  6.7389E-03 -2.8359E+00
  3.5174E-01  4.5093E-01  4.8586E-05  2.5706E-01  2.7839E+00  6.6079E-03 -2.7837E+00
  3.5313E-01  4.5825E-01  4.7743E-05  2.5323E-01  2.7347E+00  6.4994E-03 -2.7345E+00
  3.5453E-01  4.6557E-01  4.6898E-05  2.4943E-01  2.6868E+00  6.4081E-03 -2.6866E+00
  3.5591E-01  4.7265E-01  4.6082E-05  2.4578E-01  2.6418E+00  6.3349E-03 -2.6417E+00
  3.5734E-01  4.7998E-01  4.5240E-05  2.4202E-01  2.5966E+00  6.2703E-03 -2.5965E+00
  3.5874E-01  4.8706E-01  4.4428E-05  2.3842E-01  2.5543E+00  6.2121E-03 -2.5541E+00
  3.6010E-01  4.9389E-01  4.3648E-05  2.3496E-01  2.5146E+00  6.1539E-03 -2.5144E+00
  3.6153E-01  5.0097E-01  4.2842E-05  2.3140E-01  2.4746E+00  6.0866E-03 -2.4744E+00
  3.6292E-01  5.0781E-01  4.2066E-05  2.2799E-01  2.4369E+00  6.0128E-03 -2.4368E+00
  3.6432E-01  5.1465E-01  4.1292E-05  2.2461E-01  2.4001E+00  5.9297E-03 -2.4000E+00
  3.6573E-01  5.2148E-01  4.0519E-05  2.2124E-01  2.3641E+00  5.8365E-03 -2.3640E+00
  3.6710E-01  5.2807E-01  3.9773E-05  2.1802E-01  2.3300E+00  5.7318E-03 -2.3298E+00
  3.6853E-01  5.3491E-01  3.8998E-05  2.1471E-01  2.2951E+00  5.5936E-03 -2.2949E+00
  3.6993E-01  5.4150E-01  3.8246E-05  2.1153E-01  2.2616E+00  5.4139E-03 -2.2615E+00
  3.7133E-01  5.4809E-01  3.7486E-05  2.0838E-01  2.2279E+00  5.1726E-03 -2.2278E+00
  3.7274E-01  5.5469E-01  3.6713E-05  2.0526E-01  2.1937E+00  4.8564E-03 -2.1935E+00
  3.7411E-01  5.6103E-01  3.5948E-05  2.0228E-01  2.1596E+00  4.4719E-03 -2.1595E+00
  3.7554E-01  5.6762E-01  3.5126E-05  1.9922E-01  2.1225E+00  3.9852E-03 -2.1224E+00
  3.7693E-01  5.7397E-01  3.4300E-05  1.9630E-01  2.0846E+00  3.4369E-03 -2.0846E+00
  3.7832E-01  5.8032E-01  3.3429E-05  1.9342E-01  2.0438E+00  2.8318E-03 -2.0438E+00
  3.7972E-01  5.8667E-01  3.2501E-05  1.9059E-01  1.9993E+00  2.2770E-03 -1.9992E+00
  3.8113E-01  5.9302E-01  3.1499E-05  1.8781E-01  1.9497E+00  2.1536E-03 -1.9497E+00
  3.8255E-01  5.9936E-01  3.0403E-05  1.8508E-01  1.8937E+00  2.9215E-03 -1.8936E+00
  3.8392E-01  6.0547E-01  2.9240E-05  1.8253E-01  1.8324E+00  4.3522E-03 -1.8322E+00
  3.8535E-01  6.1181E-01  2.7895E-05  1.7996E-01  1.7596E+00  6.2415E-03 -1.7594E+00
  3.8673E-01  6.1792E-01  2.6460E-05  1.7758E-01  1.6804E+00  8.2619E-03 -1.6799E+00
  3.8811E-01  6.2402E-01  2.4877E-05  1.7531E-01  1.5919E+00  1.0328E-02 -1.5911E+00
  3.8951E-01  6.3013E-01  2.3153E-05  1.7317E-01  1.4946E+00  1.2220E-02 -1.4934E+00
  3.9090E-01  6.3623E-01  2.1309E-05  1.7115E-01  1.3906E+00  1.3660E-02 -1.3889E+00
  3.9230E-01  6.4233E-01  1.9388E-05  1.6928E-01  1.2831E+00  1.4407E-02 -1.2811E+00
  3.9371E-01  6.4844E-01  1.7449E-05  1.6756E-01  1.1765E+00  1.4350E-02 -1.1743E+00
  3.9511E-01  6.5454E-01  1.5561E-05  1.6598E-01  1.0754E+00  1.3540E-02 -1.0732E+00
  3.9652E-01  6.6064E-01  1.3781E-05  1.6453E-01  9.8353E-01  1.2157E-02 -9.8163E-01
  3.9793E-01  6.6675E-01  1.2154E-05  1.6321E-01  9.0345E-01  1.0456E-02 -9.0190E-01
  3.9935E-01  6.7285E-01  1.0700E-05  1.6198E-01  8.3604E-01  8.6919E-03 -8.3488E-01
  4.0070E-01  6.7871E-01  9.4692E-06  1.6088E-01  7.8285E-01  7.1194E-03 -7.8201E-01
  4.0212E-01  6.8481E-01  8.3445E-06  1.5981E-01  7.3815E-01  5.7135E-03 -7.3757E-01
  4.0354E-01  6.9092E-01  7.3590E-06  1.5879E-01  7.0269E-01  4.5830E-03 -7.0230E-01
  4.0495E-01  6.9702E-01  6.4885E-06  1.5782E-01  6.7472E-01  3.7198E-03 -6.7445E-01
  4.0631E-01  7.0288E-01  5.7397E-06  1.5691E-01  6.5346E-01  3.1121E-03 -6.5326E-01
  4.0773E-01  7.0898E-01  5.0313E-06  1.5600E-01  6.3589E-01  2.6680E-03 -6.3574E-01
  4.0915E-01  7.1509E-01  4.3800E-06  1.5511E-01  6.2196E-01  2.3731E-03 -6.2183E-01
  4.1051E-01  7.2095E-01  3.7968E-06  1.5427E-01  6.1125E-01  2.1923E-03 -6.1114E-01
  4.1193E-01  7.2705E-01  3.2234E-06  1.5341E-01  6.0227E-01  2.0771E-03 -6.0217E-01
  4.1335E-01  7.3315E-01  2.6774E-06  1.5256E-01  5.9503E-01  2.0108E-03 -5.9493E-01
  4.1471E-01  7.3901E-01  2.1735E-06  1.5175E-01  5.8938E-01  1.9758E-03 -5.8929E-01
  4.1613E-01  7.4512E-01  1.6654E-06  1.5092E-01  5.8457E-01  1.9574E-03 -5.8447E-01
  4.1755E-01  7.5122E-01  1.1709E-06  1.5009E-01  5.8063E-01  1.9498E-03 -5.8053E-01
  4.1892E-01  7.5708E-01  7.0633E-07  1.4930E-01  5.7751E-01  1.9483E-03 -5.7741E-01
  4.2034E-01  7.6318E-01  2.3101E-07  1.4848E-01  5.7481E-01  1.9498E-03 -5.7471E-01
  4.2170E-01  7.6904E-01 -2.1867E-07  1.4770E-01  5.7265E-01  1.9528E-03 -5.7255E-01
  4.2312E-01  7.7514E-01 -6.8149E-07  1.4689E-01  5.7076E-01  1.9565E-03 -5.7066E-01
  4.2454E-01  7.8125E-01 -1.1397E-06  1.4608E-01  5.6918E-01  1.9602E-03 -5.6908E-01
  4.2590E-01  7.8711E-01 -1.5760E-06  1.4531E-01  5.6790E-01  1.9637E-03 -5.6779E-01
  4.2733E-01  7.9321E-01 -2.0274E-06  1.4450E-01  5.6676E-01  1.9670E-03 -5.6665E-01
  4.2875E-01  7.9931E-01 -2.4762E-06  1.4370E-01  5.6580E-01  1.9700E-03 -5.6569E-01
  4.3011E-01  8.0517E-01 -2.9051E-06  1.4292E-01  5.6500E-01  1.9726E-03 -5.6489E-01
  4.3153E-01  8.1128E-01 -3.3501E-06  1.4212E-01  5.6430E-01  1.9750E-03 -5.6419E-01
  4.3295E-01  8.1738E-01 -3.7935E-06  1.4132E-01  5.6370E-01  1.9771E-03 -5.6358E-01
  4.3431E-01  8.2324E-01 -4.2180E-06  1.4055E-01  5.6320E-01  1.9789E-03 -5.6308E-01
  4.3574E-01  8.2934E-01 -4.6590E-06  1.3975E-01  5.6276E-01  1.9806E-03 -5.6264E-01
  4.3716E-01  8.3545E-01 -5.0990E-06  1.3895E-01  5.6239E-01  1.9821E-03 -5.6227E-01
  4.3852E-01  8.4131E-01 -5.5206E-06  1.3819E-01  5.6209E-01  1.9834E-03 -5.6197E-01
  4.3994E-01  8.4741E-01 -5.9590E-06  1.3739E-01  5.6184E-01  1.9847E-03 -5.6171E-01
  4.4130E-01  8.5327E-01 -6.3791E-06  1.3662E-01  5.6164E-01  1.9859E-03 -5.6151E-01
  4.4273E-01  8.5937E-01 -6.8161E-06  1.3583E-01  5.6148E-01  1.9870E-03 -5.6135E-01
  4.4415E-01  8.6548E-01 -7.2524E-06  1.3503E-01  5.6136E-01  1.9881E-03 -5.6123E-01
  4.4700E-01  8.7773E-01 -8.1269E-06  1.3343E-01  5.6124E-01  1.9898E-03 -5.6111E-01
