  3.0831E-01  7.5437E-02  4.5091E-05  3.9962E-01  5.7929E-01  5.1770E-03 -5.6834E-01
  3.0971E-01  1.0888E-01  4.7102E-05  3.9840E-01  1.1798E+00  1.0686E-02 -1.1689E+00
  3.1111E-01  1.3427E-01  4.9635E-05  3.9635E-01  1.7716E+00  1.6086E-02 -1.7607E+00
  3.1250E-01  1.5551E-01  5.2321E-05  3.9351E-01  2.2941E+00  1.8266E-02 -2.2860E+00
  3.1391E-01  1.7431E-01  5.4678E-05  3.9003E-01  2.6776E+00  1.9111E-02 -2.6716E+00
  3.1531E-01  1.9140E-01  5.6742E-05  3.8604E-01  2.9721E+00  1.9930E-02 -2.9672E+00
  3.1672E-01  2.0703E-01  5.8545E-05  3.8172E-01  3.2004E+00  2.0001E-02 -3.1964E+00
  3.1810E-01  2.2143E-01  6.0028E-05  3.7716E-01  3.3623E+00  1.9350E-02 -3.3591E+00
  3.1951E-01  2.3510E-01  6.1225E-05  3.7236E-01  3.4750E+00  1.8690E-02 -3.4724E+00
  3.2091E-01  2.4804E-01  6.2166E-05  3.6743E-01  3.5497E+00  1.7949E-02 -3.5476E+00
  3.2230E-01  2.6025E-01  6.2868E-05  3.6247E-01  3.5932E+00  1.7044E-02 -3.5915E+00
  3.2373E-01  2.7221E-01  6.3368E-05  3.5733E-01  3.6124E+00  1.6120E-02 -3.6110E+00
  3.2512E-01  2.8344E-01  6.3671E-05  3.5229E-01  3.6119E+00  1.5232E-02 -3.6107E+00
  3.2650E-01  2.9419E-01  6.3810E-05  3.4731E-01  3.5964E+00  1.4352E-02 -3.5954E+00
  3.2790E-01  3.0469E-01  6.3808E-05  3.4229E-01  3.5689E+00  1.3479E-02 -3.5681E+00
  3.2931E-01  3.1494E-01  6.3676E-05  3.3728E-01  3.5315E+00  1.2634E-02 -3.5308E+00
  3.3073E-01  3.2495E-01  6.3430E-05  3.3230E-01  3.4865E+00  1.1868E-02 -3.4859E+00
  3.3212E-01  3.3447E-01  6.3097E-05  3.2750E-01  3.4376E+00  1.1167E-02 -3.4370E+00
  3.3351E-01  3.4375E-01  6.2686E-05  3.2276E-01  3.3848E+00  1.0494E-02 -3.3843E+00
  3.3493E-01  3.5303E-01  6.2195E-05  3.1800E-01  3.3278E+00  9.8763E-03 -3.3274E+00
  3.3630E-01  3.6181E-01  6.1662E-05  3.1346E-01  3.2710E+00  9.3367E-03 -3.2707E+00
  3.3771E-01  3.7060E-01  6.1070E-05  3.0890E-01  3.2120E+00  8.8088E-03 -3.2117E+00
  3.3910E-01  3.7915E-01  6.0443E-05  3.0446E-01  3.1530E+00  8.3426E-03 -3.1527E+00
  3.4052E-01  3.8769E-01  5.9770E-05  3.0003E-01  3.0930E+00  7.9388E-03 -3.0928E+00
  3.4193E-01  3.9599E-01  5.9079E-05  2.9573E-01  3.0344E+00  7.5629E-03 -3.0341E+00
  3.4331E-01  4.0405E-01  5.8377E-05  2.9156E-01  2.9772E+00  7.2302E-03 -2.9770E+00
  3.4472E-01  4.1211E-01  5.7648E-05  2.8741E-01  2.9203E+00  6.9555E-03 -2.9201E+00
  3.4611E-01  4.1992E-01  5.6922E-05  2.8339E-01  2.8657E+00  6.7097E-03 -2.8655E+00
  3.4752E-01  4.2773E-01  5.6178E-05  2.7940E-01  2.8117E+00  6.4822E-03 -2.8116E+00
  3.4894E-01  4.3554E-01  5.5421E-05  2.7543E-01  2.7586E+00  6.2978E-03 -2.7585E+00
  3.5034E-01  4.4311E-01  5.4677E-05  2.7160E-01  2.7082E+00  6.1410E-03 -2.7081E+00
  3.5171E-01  4.5044E-01  5.3950E-05  2.6792E-01  2.6605E+00  6.0002E-03 -2.6603E+00
  3.5315E-01  4.5801E-01  5.3194E-05  2.6414E-01  2.6123E+00  5.8846E-03 -2.6122E+00
  3.5450E-01  4.6509E-01  5.2485E-05  2.6063E-01  2.5684E+00  5.7973E-03 -2.5683E+00
  3.5592E-01  4.7241E-01  5.1750E-05  2.5702E-01  2.5243E+00  5.7127E-03 -2.5241E+00
  3.5731E-01  4.7949E-01  5.1039E-05  2.5355E-01  2.4827E+00  5.6403E-03 -2.4826E+00
  3.5870E-01  4.8657E-01  5.0330E-05  2.5010E-01  2.4424E+00  5.5777E-03 -2.4423E+00
  3.6012E-01  4.9365E-01  4.9623E-05  2.4668E-01  2.4032E+00  5.5162E-03 -2.4031E+00
  3.6154E-01  5.0073E-01  4.8917E-05  2.4328E-01  2.3651E+00  5.4452E-03 -2.3649E+00
  3.6293E-01  5.0757E-01  4.8237E-05  2.4002E-01  2.3291E+00  5.3631E-03 -2.3290E+00
  3.6433E-01  5.1440E-01  4.7557E-05  2.3679E-01  2.2940E+00  5.2748E-03 -2.2939E+00
  3.6574E-01  5.2124E-01  4.6877E-05  2.3357E-01  2.2595E+00  5.1681E-03 -2.2594E+00
  3.6712E-01  5.2783E-01  4.6219E-05  2.3049E-01  2.2267E+00  5.0306E-03 -2.2266E+00
  3.6855E-01  5.3467E-01  4.5533E-05  2.2732E-01  2.1930E+00  4.8673E-03 -2.1929E+00
  3.6994E-01  5.4126E-01  4.4865E-05  2.2429E-01  2.1606E+00  4.6642E-03 -2.1605E+00
  3.7134E-01  5.4785E-01  4.4186E-05  2.2128E-01  2.1278E+00  4.3479E-03 -2.1277E+00
  3.7270E-01  5.5420E-01  4.3516E-05  2.1841E-01  2.0953E+00  3.9698E-03 -2.0952E+00
  3.7413E-01  5.6079E-01  4.2796E-05  2.1546E-01  2.0602E+00  3.5235E-03 -2.0601E+00
  3.7550E-01  5.6714E-01  4.2072E-05  2.1264E-01  2.0246E+00  2.9465E-03 -2.0246E+00
  3.7694E-01  5.7373E-01  4.1279E-05  2.0976E-01  1.9848E+00  2.2281E-03 -1.9848E+00
  3.7834E-01  5.8008E-01  4.0463E-05  2.0702E-01  1.9430E+00  1.6068E-03 -1.9430E+00
  3.7974E-01  5.8642E-01  3.9582E-05  2.0433E-01  1.8971E+00  1.5041E-03 -1.8971E+00
  3.8115E-01  5.9277E-01  3.8617E-05  2.0169E-01  1.8450E+00  2.5075E-03 -1.8449E+00
  3.8251E-01  5.9888E-01  3.7589E-05  1.9921E-01  1.7879E+00  4.0094E-03 -1.7878E+00
  3.8393E-01  6.0522E-01  3.6399E-05  1.9672E-01  1.7206E+00  5.9551E-03 -1.7204E+00
  3.8531E-01  6.1133E-01  3.5123E-05  1.9440E-01  1.6470E+00  8.2158E-03 -1.6465E+00
  3.8674E-01  6.1767E-01  3.3640E-05  1.9210E-01  1.5598E+00  1.0684E-02 -1.5590E+00
  3.8813E-01  6.2378E-01  3.2064E-05  1.9000E-01  1.4661E+00  1.2868E-02 -1.4650E+00
  3.8952E-01  6.2988E-01  3.0358E-05  1.8803E-01  1.3646E+00  1.4679E-02 -1.3630E+00
  3.9092E-01  6.3598E-01  2.8544E-05  1.8620E-01  1.2574E+00  1.6204E-02 -1.2553E+00
  3.9232E-01  6.4209E-01  2.6663E-05  1.8452E-01  1.1461E+00  1.7234E-02 -1.1434E+00
  3.9372E-01  6.4819E-01  2.4765E-05  1.8300E-01  1.0346E+00  1.7107E-02 -1.0317E+00
  3.9512E-01  6.5430E-01  2.2922E-05  1.8162E-01  9.2929E-01  1.6016E-02 -9.2640E-01
  3.9653E-01  6.6040E-01  2.1197E-05  1.8038E-01  8.3331E-01  1.4627E-02 -8.3060E-01
  3.9794E-01  6.6650E-01  1.9622E-05  1.7927E-01  7.4766E-01  1.2948E-02 -7.4529E-01
  3.9930E-01  6.7236E-01  1.8268E-05  1.7831E-01  6.7651E-01  1.1052E-02 -6.7459E-01
  4.0072E-01  6.7846E-01  1.7034E-05  1.7740E-01  6.1474E-01  9.0413E-03 -6.1332E-01
  4.0213E-01  6.8457E-01  1.5974E-05  1.7657E-01  5.6484E-01  7.2739E-03 -5.6384E-01
  4.0355E-01  6.9067E-01  1.5067E-05  1.7580E-01  5.2471E-01  5.8864E-03 -5.2399E-01
  4.0491E-01  6.9653E-01  1.4316E-05  1.7511E-01  4.9361E-01  4.7479E-03 -4.9312E-01
  4.0632E-01  7.0263E-01  1.3636E-05  1.7443E-01  4.6801E-01  3.7410E-03 -4.6768E-01
  4.0774E-01  7.0874E-01  1.3043E-05  1.7378E-01  4.4789E-01  3.0287E-03 -4.4766E-01
  4.0910E-01  7.1460E-01  1.2538E-05  1.7318E-01  4.3232E-01  2.5226E-03 -4.3216E-01
  4.1052E-01  7.2070E-01  1.2062E-05  1.7258E-01  4.1933E-01  2.0907E-03 -4.1922E-01
  4.1194E-01  7.2680E-01  1.1627E-05  1.7199E-01  4.0903E-01  1.7928E-03 -4.0894E-01
  4.1331E-01  7.3266E-01  1.1242E-05  1.7144E-01  4.0098E-01  1.6027E-03 -4.0090E-01
  4.1472E-01  7.3877E-01  1.0865E-05  1.7088E-01  3.9412E-01  1.4517E-03 -3.9406E-01
  4.1614E-01  7.4487E-01  1.0508E-05  1.7032E-01  3.8860E-01  1.3518E-03 -3.8854E-01
  4.1751E-01  7.5073E-01  1.0182E-05  1.6979E-01  3.8423E-01  1.2940E-03 -3.8418E-01
  4.1893E-01  7.5683E-01  9.8542E-06  1.6925E-01  3.8045E-01  1.2514E-03 -3.8040E-01
  4.2035E-01  7.6294E-01  9.5370E-06  1.6871E-01  3.7734E-01  1.2245E-03 -3.7730E-01
  4.2171E-01  7.6880E-01  9.2406E-06  1.6820E-01  3.7486E-01  1.2102E-03 -3.7481E-01
  4.2313E-01  7.7490E-01  8.9385E-06  1.6767E-01  3.7268E-01  1.2004E-03 -3.7263E-01
  4.2455E-01  7.8100E-01  8.6420E-06  1.6714E-01  3.7085E-01  1.1947E-03 -3.7081E-01
  4.2592E-01  7.8686E-01  8.3617E-06  1.6664E-01  3.6938E-01  1.1922E-03 -3.6933E-01
  4.2734E-01  7.9297E-01  8.0734E-06  1.6611E-01  3.6806E-01  1.1908E-03 -3.6802E-01
  4.2876E-01  7.9907E-01  7.7882E-06  1.6559E-01  3.6695E-01  1.1904E-03 -3.6690E-01
  4.3012E-01  8.0493E-01  7.5168E-06  1.6509E-01  3.6604E-01  1.1907E-03 -3.6599E-01
  4.3154E-01  8.1103E-01  7.2364E-06  1.6457E-01  3.6522E-01  1.1913E-03 -3.6518E-01
  4.3290E-01  8.1689E-01  6.9689E-06  1.6407E-01  3.6455E-01  1.1920E-03 -3.6451E-01
  4.3432E-01  8.2300E-01  6.6919E-06  1.6356E-01  3.6396E-01  1.1929E-03 -3.6391E-01
  4.3575E-01  8.2910E-01  6.4162E-06  1.6304E-01  3.6346E-01  1.1938E-03 -3.6341E-01
  4.3711E-01  8.3496E-01  6.1528E-06  1.6255E-01  3.6304E-01  1.1947E-03 -3.6299E-01
  4.3853E-01  8.4106E-01  5.8794E-06  1.6203E-01  3.6269E-01  1.1956E-03 -3.6264E-01
  4.3995E-01  8.4717E-01  5.6070E-06  1.6151E-01  3.6239E-01  1.1965E-03 -3.6234E-01
  4.4131E-01  8.5303E-01  5.3464E-06  1.6102E-01  3.6217E-01  1.1974E-03 -3.6212E-01
  4.4274E-01  8.5913E-01  5.0757E-06  1.6051E-01  3.6198E-01  1.1983E-03 -3.6193E-01
  4.4416E-01  8.6523E-01  4.8058E-06  1.5999E-01  3.6185E-01  1.1992E-03 -3.6180E-01
  4.4700E-01  8.7745E-01  4.2677E-06  1.5896E-01  3.6173E-01  1.2007E-03 -3.6168E-01
