  3.0831E-01  7.5437E-02  5.8908E-05  3.9961E-01  5.8067E-01  5.1433E-03 -5.6989E-01
  3.0971E-01  1.0888E-01  5.9777E-05  3.9839E-01  1.1819E+00  1.0629E-02 -1.1711E+00
  3.1111E-01  1.3427E-01  6.0810E-05  3.9633E-01  1.7743E+00  1.6016E-02 -1.7635E+00
  3.1250E-01  1.5551E-01  6.1827E-05  3.9349E-01  2.2968E+00  1.8205E-02 -2.2888E+00
  3.1391E-01  1.7431E-01  6.2633E-05  3.9001E-01  2.6802E+00  1.9048E-02 -2.6741E+00
  3.1531E-01  1.9140E-01  6.3252E-05  3.8602E-01  2.9745E+00  1.9867E-02 -2.9696E+00
  3.1672E-01  2.0703E-01  6.3706E-05  3.8169E-01  3.2026E+00  1.9949E-02 -3.1986E+00
  3.1810E-01  2.2143E-01  6.3989E-05  3.7713E-01  3.3642E+00  1.9299E-02 -3.3611E+00
  3.1951E-01  2.3510E-01  6.4115E-05  3.7233E-01  3.4767E+00  1.8643E-02 -3.4742E+00
  3.2091E-01  2.4804E-01  6.4105E-05  3.6740E-01  3.5513E+00  1.7907E-02 -3.5492E+00
  3.2230E-01  2.6025E-01  6.3979E-05  3.6243E-01  3.5946E+00  1.7006E-02 -3.5929E+00
  3.2373E-01  2.7221E-01  6.3743E-05  3.5729E-01  3.6136E+00  1.6086E-02 -3.6122E+00
  3.2512E-01  2.8344E-01  6.3422E-05  3.5226E-01  3.6129E+00  1.5202E-02 -3.6117E+00
  3.2650E-01  2.9419E-01  6.3030E-05  3.4727E-01  3.5974E+00  1.4325E-02 -3.5964E+00
  3.2790E-01  3.0469E-01  6.2569E-05  3.4225E-01  3.5697E+00  1.3456E-02 -3.5689E+00
  3.2931E-01  3.1494E-01  6.2047E-05  3.3724E-01  3.5322E+00  1.2613E-02 -3.5315E+00
  3.3073E-01  3.2495E-01  6.1476E-05  3.3226E-01  3.4872E+00  1.1850E-02 -3.4865E+00
  3.3212E-01  3.3447E-01  6.0879E-05  3.2745E-01  3.4381E+00  1.1153E-02 -3.4376E+00
  3.3351E-01  3.4375E-01  6.0254E-05  3.2272E-01  3.3852E+00  1.0481E-02 -3.3848E+00
  3.3493E-01  3.5303E-01  5.9588E-05  3.1795E-01  3.3282E+00  9.8656E-03 -3.3278E+00
  3.3630E-01  3.6181E-01  5.8923E-05  3.1341E-01  3.2714E+00  9.3284E-03 -3.2710E+00
  3.3771E-01  3.7060E-01  5.8229E-05  3.0886E-01  3.2123E+00  8.8020E-03 -3.2120E+00
  3.3910E-01  3.7915E-01  5.7530E-05  3.0442E-01  3.1532E+00  8.3369E-03 -3.1530E+00
  3.4052E-01  3.8769E-01  5.6810E-05  2.9999E-01  3.0933E+00  7.9347E-03 -3.0930E+00
  3.4193E-01  3.9599E-01  5.6094E-05  2.9568E-01  3.0346E+00  7.5602E-03 -3.0343E+00
  3.4331E-01  4.0405E-01  5.5386E-05  2.9151E-01  2.9774E+00  7.2279E-03 -2.9772E+00
  3.4472E-01  4.1211E-01  5.4666E-05  2.8736E-01  2.9204E+00  6.9542E-03 -2.9203E+00
  3.4611E-01  4.1992E-01  5.3961E-05  2.8335E-01  2.8658E+00  6.7095E-03 -2.8656E+00
  3.4752E-01  4.2773E-01  5.3250E-05  2.7936E-01  2.8118E+00  6.4822E-03 -2.8117E+00
  3.4894E-01  4.3554E-01  5.2534E-05  2.7539E-01  2.7587E+00  6.2983E-03 -2.7586E+00
  3.5034E-01  4.4311E-01  5.1838E-05  2.7156E-01  2.7083E+00  6.1424E-03 -2.7082E+00
  3.5171E-01  4.5044E-01  5.1163E-05  2.6788E-01  2.6606E+00  6.0015E-03 -2.6604E+00
  3.5315E-01  4.5801E-01  5.0466E-05  2.6410E-01  2.6124E+00  5.8861E-03 -2.6122E+00
  3.5450E-01  4.6509E-01  4.9815E-05  2.6059E-01  2.5685E+00  5.7993E-03 -2.5683E+00
  3.5592E-01  4.7241E-01  4.9143E-05  2.5698E-01  2.5243E+00  5.7149E-03 -2.5242E+00
  3.5731E-01  4.7949E-01  4.8495E-05  2.5351E-01  2.4828E+00  5.6427E-03 -2.4826E+00
  3.5870E-01  4.8657E-01  4.7850E-05  2.5006E-01  2.4424E+00  5.5804E-03 -2.4423E+00
  3.6012E-01  4.9365E-01  4.7208E-05  2.4664E-01  2.4032E+00  5.5194E-03 -2.4031E+00
  3.6154E-01  5.0073E-01  4.6569E-05  2.4324E-01  2.3651E+00  5.4490E-03 -2.3650E+00
  3.6293E-01  5.0757E-01  4.5955E-05  2.3998E-01  2.3292E+00  5.3674E-03 -2.3290E+00
  3.6433E-01  5.1440E-01  4.5342E-05  2.3674E-01  2.2940E+00  5.2800E-03 -2.2939E+00
  3.6574E-01  5.2124E-01  4.4731E-05  2.3353E-01  2.2596E+00  5.1746E-03 -2.2594E+00
  3.6712E-01  5.2783E-01  4.4143E-05  2.3045E-01  2.2268E+00  5.0379E-03 -2.2266E+00
  3.6855E-01  5.3467E-01  4.3533E-05  2.2728E-01  2.1930E+00  4.8762E-03 -2.1929E+00
  3.6994E-01  5.4126E-01  4.2942E-05  2.2425E-01  2.1606E+00  4.6772E-03 -2.1605E+00
  3.7134E-01  5.4785E-01  4.2349E-05  2.2124E-01  2.1278E+00  4.3637E-03 -2.1277E+00
  3.7270E-01  5.5420E-01  4.1773E-05  2.1837E-01  2.0952E+00  3.9880E-03 -2.0952E+00
  3.7413E-01  5.6079E-01  4.1163E-05  2.1542E-01  2.0602E+00  3.5497E-03 -2.0601E+00
  3.7550E-01  5.6714E-01  4.0564E-05  2.1260E-01  2.0246E+00  2.9789E-03 -2.0245E+00
  3.7694E-01  5.7373E-01  3.9927E-05  2.0972E-01  1.9847E+00  2.2655E-03 -1.9846E+00
  3.7834E-01  5.8008E-01  3.9288E-05  2.0698E-01  1.9429E+00  1.6544E-03 -1.9429E+00
  3.7974E-01  5.8642E-01  3.8622E-05  2.0429E-01  1.8969E+00  1.5234E-03 -1.8968E+00
  3.8115E-01  5.9277E-01  3.7924E-05  2.0165E-01  1.8446E+00  2.4812E-03 -1.8446E+00
  3.8251E-01  5.9888E-01  3.7210E-05  1.9918E-01  1.7875E+00  3.9593E-03 -1.7874E+00
  3.8393E-01  6.0522E-01  3.6415E-05  1.9668E-01  1.7201E+00  5.8858E-03 -1.7199E+00
  3.8531E-01  6.1133E-01  3.5601E-05  1.9436E-01  1.6463E+00  8.1313E-03 -1.6459E+00
  3.8674E-01  6.1767E-01  3.4699E-05  1.9206E-01  1.5590E+00  1.0594E-02 -1.5582E+00
  3.8813E-01  6.2378E-01  3.3776E-05  1.8997E-01  1.4652E+00  1.2777E-02 -1.4640E+00
  3.8952E-01  6.2988E-01  3.2805E-05  1.8800E-01  1.3636E+00  1.4584E-02 -1.3620E+00
  3.9092E-01  6.3598E-01  3.1806E-05  1.8617E-01  1.2563E+00  1.6110E-02 -1.2542E+00
  3.9232E-01  6.4209E-01  3.0806E-05  1.8449E-01  1.1449E+00  1.7162E-02 -1.1422E+00
  3.9372E-01  6.4819E-01  2.9813E-05  1.8297E-01  1.0335E+00  1.7046E-02 -1.0306E+00
  3.9512E-01  6.5430E-01  2.8852E-05  1.8160E-01  9.2825E-01  1.5965E-02 -9.2537E-01
  3.9653E-01  6.6040E-01  2.7964E-05  1.8036E-01  8.3234E-01  1.4581E-02 -8.2965E-01
  3.9794E-01  6.6650E-01  2.7162E-05  1.7925E-01  7.4682E-01  1.2911E-02 -7.4446E-01
  3.9930E-01  6.7236E-01  2.6472E-05  1.7829E-01  6.7581E-01  1.1023E-02 -6.7390E-01
  4.0072E-01  6.7846E-01  2.5838E-05  1.7738E-01  6.1420E-01  9.0110E-03 -6.1278E-01
  4.0213E-01  6.8457E-01  2.5292E-05  1.7655E-01  5.6443E-01  7.2469E-03 -5.6342E-01
  4.0355E-01  6.9067E-01  2.4824E-05  1.7578E-01  5.2437E-01  5.8623E-03 -5.2367E-01
  4.0491E-01  6.9653E-01  2.4434E-05  1.7509E-01  4.9337E-01  4.7282E-03 -4.9288E-01
  4.0632E-01  7.0263E-01  2.4074E-05  1.7441E-01  4.6784E-01  3.7247E-03 -4.6752E-01
  4.0774E-01  7.0874E-01  2.3759E-05  1.7376E-01  4.4777E-01  3.0152E-03 -4.4755E-01
  4.0910E-01  7.1460E-01  2.3489E-05  1.7316E-01  4.3224E-01  2.5132E-03 -4.3208E-01
  4.1052E-01  7.2070E-01  2.3230E-05  1.7256E-01  4.1930E-01  2.0867E-03 -4.1918E-01
  4.1194E-01  7.2680E-01  2.2993E-05  1.7197E-01  4.0902E-01  1.7935E-03 -4.0893E-01
  4.1331E-01  7.3266E-01  2.2781E-05  1.7142E-01  4.0098E-01  1.6067E-03 -4.0091E-01
  4.1472E-01  7.3877E-01  2.2572E-05  1.7086E-01  3.9415E-01  1.4607E-03 -3.9409E-01
  4.1614E-01  7.4487E-01  2.2373E-05  1.7030E-01  3.8864E-01  1.3649E-03 -3.8858E-01
  4.1751E-01  7.5073E-01  2.2190E-05  1.6978E-01  3.8427E-01  1.3093E-03 -3.8422E-01
  4.1893E-01  7.5683E-01  2.2006E-05  1.6923E-01  3.8050E-01  1.2696E-03 -3.8045E-01
  4.2035E-01  7.6294E-01  2.1826E-05  1.6869E-01  3.7741E-01  1.2449E-03 -3.7736E-01
  4.2171E-01  7.6880E-01  2.1658E-05  1.6818E-01  3.7493E-01  1.2318E-03 -3.7488E-01
  4.2313E-01  7.7490E-01  2.1487E-05  1.6765E-01  3.7275E-01  1.2233E-03 -3.7270E-01
  4.2455E-01  7.8100E-01  2.1318E-05  1.6712E-01  3.7093E-01  1.2187E-03 -3.7088E-01
  4.2592E-01  7.8686E-01  2.1158E-05  1.6662E-01  3.6946E-01  1.2168E-03 -3.6941E-01
  4.2734E-01  7.9297E-01  2.0993E-05  1.6609E-01  3.6815E-01  1.2160E-03 -3.6810E-01
  4.2876E-01  7.9907E-01  2.0830E-05  1.6557E-01  3.6703E-01  1.2162E-03 -3.6699E-01
  4.3012E-01  8.0493E-01  2.0674E-05  1.6507E-01  3.6613E-01  1.2168E-03 -3.6608E-01
  4.3154E-01  8.1103E-01  2.0514E-05  1.6455E-01  3.6531E-01  1.2176E-03 -3.6526E-01
  4.3290E-01  8.1689E-01  2.0360E-05  1.6406E-01  3.6464E-01  1.2186E-03 -3.6459E-01
  4.3432E-01  8.2300E-01  2.0201E-05  1.6354E-01  3.6405E-01  1.2197E-03 -3.6400E-01
  4.3575E-01  8.2910E-01  2.0043E-05  1.6302E-01  3.6355E-01  1.2208E-03 -3.6350E-01
  4.3711E-01  8.3496E-01  1.9891E-05  1.6253E-01  3.6314E-01  1.2218E-03 -3.6308E-01
  4.3853E-01  8.4106E-01  1.9734E-05  1.6201E-01  3.6278E-01  1.2229E-03 -3.6273E-01
  4.3995E-01  8.4717E-01  1.9578E-05  1.6150E-01  3.6249E-01  1.2239E-03 -3.6243E-01
  4.4131E-01  8.5303E-01  1.9428E-05  1.6100E-01  3.6226E-01  1.2249E-03 -3.6221E-01
  4.4274E-01  8.5913E-01  1.9272E-05  1.6049E-01  3.6208E-01  1.2259E-03 -3.6203E-01
  4.4416E-01  8.6523E-01  1.9117E-05  1.5997E-01  3.6195E-01  1.2269E-03 -3.6189E-01
  4.4700E-01  8.7745E-01  1.8806E-05  1.5894E-01  3.6183E-01  1.2287E-03 -3.6177E-01
