  3.0830E-01  7.5437E-02  5.9093E-05  3.9944E-01  8.4571E-01  7.2537E-03 -8.3092E-01
  3.0970E-01  1.0888E-01  6.0104E-05  3.9773E-01  1.6028E+00  1.2904E-02 -1.5909E+00
  3.1110E-01  1.3427E-01  6.1076E-05  3.9506E-01  2.2138E+00  1.6715E-02 -2.2043E+00
  3.1251E-01  1.5576E-01  6.1920E-05  3.9160E-01  2.6990E+00  1.9015E-02 -2.6914E+00
  3.1391E-01  1.7456E-01  6.2585E-05  3.8757E-01  3.0692E+00  2.0118E-02 -3.0632E+00
  3.1532E-01  1.9165E-01  6.3067E-05  3.8305E-01  3.3468E+00  2.0390E-02 -3.3421E+00
  3.1672E-01  2.0727E-01  6.3363E-05  3.7822E-01  3.5460E+00  2.0121E-02 -3.5422E+00
  3.1810E-01  2.2168E-01  6.3490E-05  3.7320E-01  3.6830E+00  1.9562E-02 -3.6800E+00
  3.1950E-01  2.3535E-01  6.3469E-05  3.6798E-01  3.7744E+00  1.8852E-02 -3.7719E+00
  3.2091E-01  2.4829E-01  6.3320E-05  3.6265E-01  3.8292E+00  1.8053E-02 -3.8272E+00
  3.2232E-01  2.6074E-01  6.3055E-05  3.5720E-01  3.8555E+00  1.7185E-02 -3.8539E+00
  3.2372E-01  2.7246E-01  6.2697E-05  3.5181E-01  3.8589E+00  1.6297E-02 -3.8575E+00
  3.2511E-01  2.8369E-01  6.2259E-05  3.4644E-01  3.8446E+00  1.5404E-02 -3.8434E+00
  3.2653E-01  2.9468E-01  6.1742E-05  3.4102E-01  3.8159E+00  1.4513E-02 -3.8149E+00
  3.2793E-01  3.0517E-01  6.1170E-05  3.3571E-01  3.7767E+00  1.3669E-02 -3.7758E+00
  3.2931E-01  3.1518E-01  6.0559E-05  3.3053E-01  3.7300E+00  1.2888E-02 -3.7293E+00
  3.3073E-01  3.2519E-01  5.9888E-05  3.2528E-01  3.6758E+00  1.2141E-02 -3.6752E+00
  3.3211E-01  3.3471E-01  5.9199E-05  3.2022E-01  3.6184E+00  1.1463E-02 -3.6179E+00
  3.3350E-01  3.4399E-01  5.8484E-05  3.1525E-01  3.5581E+00  1.0836E-02 -3.5577E+00
  3.3492E-01  3.5327E-01  5.7731E-05  3.1024E-01  3.4943E+00  1.0244E-02 -3.4939E+00
  3.3633E-01  3.6230E-01  5.6964E-05  3.0534E-01  3.4296E+00  9.7037E-03 -3.4292E+00
  3.3770E-01  3.7085E-01  5.6212E-05  3.0070E-01  3.3666E+00  9.2287E-03 -3.3662E+00
  3.3913E-01  3.7964E-01  5.5415E-05  2.9592E-01  3.3006E+00  8.7798E-03 -3.3003E+00
  3.4051E-01  3.8794E-01  5.4643E-05  2.9141E-01  3.2376E+00  8.3944E-03 -3.2373E+00
  3.4192E-01  3.9624E-01  5.3856E-05  2.8690E-01  3.1744E+00  8.0464E-03 -3.1742E+00
  3.4331E-01  4.0429E-01  5.3080E-05  2.8255E-01  3.1133E+00  7.7436E-03 -3.1130E+00
  3.4471E-01  4.1235E-01  5.2294E-05  2.7821E-01  3.0526E+00  7.4741E-03 -3.0524E+00
  3.4614E-01  4.2041E-01  5.1501E-05  2.7388E-01  2.9927E+00  7.2363E-03 -2.9925E+00
  3.4751E-01  4.2798E-01  5.0750E-05  2.6984E-01  2.9373E+00  7.0396E-03 -2.9371E+00
  3.4893E-01  4.3579E-01  4.9973E-05  2.6570E-01  2.8811E+00  6.8613E-03 -2.8810E+00
  3.5033E-01  4.4336E-01  4.9218E-05  2.6170E-01  2.8279E+00  6.7103E-03 -2.8277E+00
  3.5170E-01  4.5068E-01  4.8487E-05  2.5786E-01  2.7776E+00  6.5832E-03 -2.7774E+00
  3.5314E-01  4.5825E-01  4.7732E-05  2.5391E-01  2.7269E+00  6.4707E-03 -2.7267E+00
  3.5454E-01  4.6557E-01  4.7003E-05  2.5012E-01  2.6792E+00  6.3794E-03 -2.6790E+00
  3.5591E-01  4.7265E-01  4.6300E-05  2.4648E-01  2.6343E+00  6.3061E-03 -2.6341E+00
  3.5734E-01  4.7998E-01  4.5577E-05  2.4273E-01  2.5893E+00  6.2415E-03 -2.5891E+00
  3.5874E-01  4.8706E-01  4.4881E-05  2.3914E-01  2.5471E+00  6.1833E-03 -2.5469E+00
  3.6011E-01  4.9389E-01  4.4212E-05  2.3569E-01  2.5075E+00  6.1253E-03 -2.5073E+00
  3.6153E-01  5.0097E-01  4.3522E-05  2.3215E-01  2.4676E+00  6.0583E-03 -2.4674E+00
  3.6292E-01  5.0781E-01  4.2860E-05  2.2875E-01  2.4300E+00  5.9848E-03 -2.4299E+00
  3.6432E-01  5.1465E-01  4.2200E-05  2.2537E-01  2.3933E+00  5.9019E-03 -2.3932E+00
  3.6573E-01  5.2148E-01  4.1542E-05  2.2201E-01  2.3574E+00  5.8088E-03 -2.3573E+00
  3.6710E-01  5.2807E-01  4.0910E-05  2.1880E-01  2.3234E+00  5.7040E-03 -2.3232E+00
  3.6854E-01  5.3491E-01  4.0254E-05  2.1550E-01  2.2885E+00  5.5656E-03 -2.2884E+00
  3.6993E-01  5.4150E-01  3.9622E-05  2.1233E-01  2.2551E+00  5.3858E-03 -2.2550E+00
  3.7133E-01  5.4809E-01  3.8988E-05  2.0919E-01  2.2215E+00  5.1444E-03 -2.2214E+00
  3.7275E-01  5.5469E-01  3.8349E-05  2.0608E-01  2.1873E+00  4.8279E-03 -2.1871E+00
  3.7411E-01  5.6103E-01  3.7726E-05  2.0311E-01  2.1532E+00  4.4429E-03 -2.1531E+00
  3.7555E-01  5.6762E-01  3.7068E-05  2.0005E-01  2.1161E+00  3.9557E-03 -2.1160E+00
  3.7693E-01  5.7397E-01  3.6420E-05  1.9715E-01  2.0781E+00  3.4067E-03 -2.0781E+00
  3.7832E-01  5.8032E-01  3.5754E-05  1.9428E-01  2.0372E+00  2.8029E-03 -2.0372E+00
  3.7973E-01  5.8667E-01  3.5062E-05  1.9145E-01  1.9925E+00  2.2571E-03 -1.9925E+00
  3.8114E-01  5.9302E-01  3.4340E-05  1.8868E-01  1.9427E+00  2.1589E-03 -1.9427E+00
  3.8255E-01  5.9936E-01  3.3578E-05  1.8597E-01  1.8864E+00  2.9535E-03 -1.8863E+00
  3.8392E-01  6.0547E-01  3.2801E-05  1.8342E-01  1.8247E+00  4.3996E-03 -1.8246E+00
  3.8535E-01  6.1181E-01  3.1940E-05  1.8087E-01  1.7516E+00  6.3012E-03 -1.7513E+00
  3.8673E-01  6.1792E-01  3.1056E-05  1.7850E-01  1.6719E+00  8.3324E-03 -1.6714E+00
  3.8812E-01  6.2402E-01  3.0120E-05  1.7624E-01  1.5829E+00  1.0407E-02 -1.5820E+00
  3.8951E-01  6.3013E-01  2.9137E-05  1.7411E-01  1.4851E+00  1.2307E-02 -1.4839E+00
  3.9091E-01  6.3623E-01  2.8121E-05  1.7211E-01  1.3806E+00  1.3756E-02 -1.3790E+00
  3.9231E-01  6.4233E-01  2.7090E-05  1.7025E-01  1.2728E+00  1.4513E-02 -1.2708E+00
  3.9371E-01  6.4844E-01  2.6070E-05  1.6855E-01  1.1659E+00  1.4464E-02 -1.1637E+00
  3.9512E-01  6.5454E-01  2.5089E-05  1.6698E-01  1.0646E+00  1.3659E-02 -1.0624E+00
  3.9653E-01  6.6064E-01  2.4173E-05  1.6555E-01  9.7254E-01  1.2274E-02 -9.7060E-01
  3.9794E-01  6.6675E-01  2.3337E-05  1.6424E-01  8.9224E-01  1.0566E-02 -8.9066E-01
  3.9935E-01  6.7285E-01  2.2591E-05  1.6303E-01  8.2461E-01  8.7884E-03 -8.2342E-01
  4.0071E-01  6.7871E-01  2.1957E-05  1.6195E-01  7.7121E-01  7.1995E-03 -7.7035E-01
  4.0212E-01  6.8481E-01  2.1376E-05  1.6089E-01  7.2632E-01  5.7750E-03 -7.2572E-01
  4.0354E-01  6.9092E-01  2.0864E-05  1.5989E-01  6.9068E-01  4.6263E-03 -6.9027E-01
  4.0490E-01  6.9678E-01  2.0426E-05  1.5897E-01  6.6356E-01  3.7768E-03 -6.6327E-01
  4.0632E-01  7.0288E-01  2.0015E-05  1.5804E-01  6.4118E-01  3.1249E-03 -6.4098E-01
  4.0774E-01  7.0898E-01  1.9640E-05  1.5715E-01  6.2350E-01  2.6689E-03 -6.2335E-01
  4.0916E-01  7.1509E-01  1.9294E-05  1.5627E-01  6.0949E-01  2.3649E-03 -6.0936E-01
  4.1052E-01  7.2095E-01  1.8982E-05  1.5545E-01  5.9871E-01  2.1780E-03 -5.9860E-01
  4.1194E-01  7.2705E-01  1.8675E-05  1.5461E-01  5.8968E-01  2.0587E-03 -5.8958E-01
  4.1336E-01  7.3315E-01  1.8381E-05  1.5378E-01  5.8240E-01  1.9899E-03 -5.8230E-01
  4.1472E-01  7.3901E-01  1.8109E-05  1.5299E-01  5.7671E-01  1.9537E-03 -5.7662E-01
  4.1614E-01  7.4512E-01  1.7834E-05  1.5217E-01  5.7187E-01  1.9348E-03 -5.7177E-01
  4.1750E-01  7.5097E-01  1.7577E-05  1.5140E-01  5.6805E-01  1.9272E-03 -5.6795E-01
  4.1892E-01  7.5708E-01  1.7314E-05  1.5059E-01  5.6476E-01  1.9256E-03 -5.6466E-01
  4.2034E-01  7.6318E-01  1.7056E-05  1.4979E-01  5.6204E-01  1.9273E-03 -5.6195E-01
  4.2171E-01  7.6904E-01  1.6811E-05  1.4903E-01  5.5987E-01  1.9306E-03 -5.5977E-01
  4.2313E-01  7.7514E-01  1.6559E-05  1.4823E-01  5.5797E-01  1.9345E-03 -5.5787E-01
  4.2455E-01  7.8125E-01  1.6310E-05  1.4744E-01  5.5638E-01  1.9386E-03 -5.5628E-01
  4.2591E-01  7.8711E-01  1.6072E-05  1.4668E-01  5.5509E-01  1.9423E-03 -5.5498E-01
  4.2733E-01  7.9321E-01  1.5826E-05  1.4590E-01  5.5394E-01  1.9458E-03 -5.5384E-01
  4.2875E-01  7.9931E-01  1.5581E-05  1.4511E-01  5.5297E-01  1.9489E-03 -5.5286E-01
  4.3011E-01  8.0517E-01  1.5347E-05  1.4436E-01  5.5217E-01  1.9517E-03 -5.5206E-01
  4.3154E-01  8.1128E-01  1.5105E-05  1.4357E-01  5.5146E-01  1.9542E-03 -5.5135E-01
  4.3296E-01  8.1738E-01  1.4863E-05  1.4279E-01  5.5085E-01  1.9564E-03 -5.5074E-01
  4.3432E-01  8.2324E-01  1.4631E-05  1.4204E-01  5.5035E-01  1.9583E-03 -5.5024E-01
  4.3574E-01  8.2934E-01  1.4391E-05  1.4126E-01  5.4991E-01  1.9601E-03 -5.4980E-01
  4.3710E-01  8.3520E-01  1.4160E-05  1.4051E-01  5.4955E-01  1.9616E-03 -5.4943E-01
  4.3853E-01  8.4131E-01  1.3921E-05  1.3973E-01  5.4924E-01  1.9631E-03 -5.4912E-01
  4.3995E-01  8.4741E-01  1.3682E-05  1.3895E-01  5.4898E-01  1.9644E-03 -5.4886E-01
  4.4131E-01  8.5327E-01  1.3452E-05  1.3820E-01  5.4878E-01  1.9657E-03 -5.4866E-01
  4.4273E-01  8.5937E-01  1.3214E-05  1.3742E-01  5.4862E-01  1.9668E-03 -5.4849E-01
  4.4415E-01  8.6548E-01  1.2976E-05  1.3664E-01  5.4850E-01  1.9680E-03 -5.4837E-01
  4.4700E-01  8.7771E-01  1.2499E-05  1.3508E-01  5.4838E-01  1.9699E-03 -5.4826E-01
