  3.0830E-01  7.5437E-02  5.9109E-05  3.9941E-01  8.7680E-01  7.3448E-03 -8.6218E-01
  3.0970E-01  1.0888E-01  6.0111E-05  3.9765E-01  1.6348E+00  1.3015E-02 -1.6230E+00
  3.1110E-01  1.3427E-01  6.1072E-05  3.9494E-01  2.2448E+00  1.6792E-02 -2.2353E+00
  3.1251E-01  1.5576E-01  6.1902E-05  3.9144E-01  2.7282E+00  1.9067E-02 -2.7207E+00
  3.1391E-01  1.7456E-01  6.2555E-05  3.8736E-01  3.0965E+00  2.0159E-02 -3.0906E+00
  3.1531E-01  1.9165E-01  6.3024E-05  3.8281E-01  3.3723E+00  2.0420E-02 -3.3676E+00
  3.1671E-01  2.0727E-01  6.3307E-05  3.7795E-01  3.5696E+00  2.0140E-02 -3.5659E+00
  3.1810E-01  2.2168E-01  6.3422E-05  3.7290E-01  3.7050E+00  1.9575E-02 -3.7020E+00
  3.1950E-01  2.3535E-01  6.3390E-05  3.6765E-01  3.7948E+00  1.8865E-02 -3.7923E+00
  3.2090E-01  2.4829E-01  6.3229E-05  3.6229E-01  3.8483E+00  1.8067E-02 -3.8462E+00
  3.2232E-01  2.6074E-01  6.2954E-05  3.5681E-01  3.8734E+00  1.7200E-02 -3.8717E+00
  3.2372E-01  2.7246E-01  6.2587E-05  3.5140E-01  3.8757E+00  1.6313E-02 -3.8743E+00
  3.2511E-01  2.8369E-01  6.2140E-05  3.4601E-01  3.8605E+00  1.5421E-02 -3.8593E+00
  3.2653E-01  2.9468E-01  6.1614E-05  3.4057E-01  3.8309E+00  1.4531E-02 -3.8299E+00
  3.2793E-01  3.0517E-01  6.1034E-05  3.3523E-01  3.7909E+00  1.3689E-02 -3.7901E+00
  3.2930E-01  3.1518E-01  6.0415E-05  3.3004E-01  3.7436E+00  1.2910E-02 -3.7428E+00
  3.3072E-01  3.2519E-01  5.9737E-05  3.2477E-01  3.6888E+00  1.2165E-02 -3.6881E+00
  3.3211E-01  3.3471E-01  5.9041E-05  3.1969E-01  3.6309E+00  1.1490E-02 -3.6303E+00
  3.3353E-01  3.4424E-01  5.8300E-05  3.1457E-01  3.5684E+00  1.0849E-02 -3.5679E+00
  3.3492E-01  3.5327E-01  5.7560E-05  3.0968E-01  3.5058E+00  1.0275E-02 -3.5054E+00
  3.3633E-01  3.6230E-01  5.6787E-05  3.0477E-01  3.4406E+00  9.7368E-03 -3.4402E+00
  3.3774E-01  3.7109E-01  5.6007E-05  2.9998E-01  3.3754E+00  9.2507E-03 -3.3751E+00
  3.3913E-01  3.7964E-01  5.5226E-05  2.9531E-01  3.3109E+00  8.8165E-03 -3.3105E+00
  3.4051E-01  3.8794E-01  5.4449E-05  2.9079E-01  3.2475E+00  8.4327E-03 -3.2473E+00
  3.4192E-01  3.9624E-01  5.3656E-05  2.8627E-01  3.1841E+00  8.0863E-03 -3.1838E+00
  3.4330E-01  4.0429E-01  5.2875E-05  2.8190E-01  3.1227E+00  7.7848E-03 -3.1224E+00
  3.4471E-01  4.1235E-01  5.2084E-05  2.7755E-01  3.0617E+00  7.5166E-03 -3.0615E+00
  3.4614E-01  4.2041E-01  5.1286E-05  2.7321E-01  3.0016E+00  7.2800E-03 -3.0014E+00
  3.4750E-01  4.2798E-01  5.0531E-05  2.6916E-01  2.9460E+00  7.0842E-03 -2.9457E+00
  3.4893E-01  4.3579E-01  4.9749E-05  2.6500E-01  2.8896E+00  6.9067E-03 -2.8894E+00
  3.5033E-01  4.4336E-01  4.8989E-05  2.6100E-01  2.8362E+00  6.7564E-03 -2.8360E+00
  3.5174E-01  4.5093E-01  4.8229E-05  2.5701E-01  2.7840E+00  6.6258E-03 -2.7838E+00
  3.5313E-01  4.5825E-01  4.7494E-05  2.5319E-01  2.7348E+00  6.5176E-03 -2.7346E+00
  3.5453E-01  4.6557E-01  4.6761E-05  2.4938E-01  2.6869E+00  6.4266E-03 -2.6867E+00
  3.5591E-01  4.7265E-01  4.6055E-05  2.4573E-01  2.6419E+00  6.3536E-03 -2.6417E+00
  3.5734E-01  4.7998E-01  4.5327E-05  2.4197E-01  2.5967E+00  6.2893E-03 -2.5966E+00
  3.5874E-01  4.8706E-01  4.4627E-05  2.3837E-01  2.5544E+00  6.2316E-03 -2.5542E+00
  3.6010E-01  4.9389E-01  4.3955E-05  2.3491E-01  2.5147E+00  6.1738E-03 -2.5145E+00
  3.6153E-01  5.0097E-01  4.3261E-05  2.3136E-01  2.4746E+00  6.1072E-03 -2.4745E+00
  3.6292E-01  5.0781E-01  4.2595E-05  2.2795E-01  2.4370E+00  6.0340E-03 -2.4368E+00
  3.6432E-01  5.1465E-01  4.1932E-05  2.2456E-01  2.4002E+00  5.9516E-03 -2.4000E+00
  3.6573E-01  5.2148E-01  4.1270E-05  2.2120E-01  2.3642E+00  5.8592E-03 -2.3640E+00
  3.6710E-01  5.2807E-01  4.0634E-05  2.1798E-01  2.3300E+00  5.7558E-03 -2.3299E+00
  3.6853E-01  5.3491E-01  3.9976E-05  2.1466E-01  2.2951E+00  5.6196E-03 -2.2950E+00
  3.6993E-01  5.4150E-01  3.9341E-05  2.1149E-01  2.2616E+00  5.4425E-03 -2.2615E+00
  3.7133E-01  5.4809E-01  3.8703E-05  2.0834E-01  2.2280E+00  5.2044E-03 -2.2278E+00
  3.7274E-01  5.5469E-01  3.8061E-05  2.0522E-01  2.1937E+00  4.8924E-03 -2.1936E+00
  3.7411E-01  5.6103E-01  3.7435E-05  2.0224E-01  2.1596E+00  4.5127E-03 -2.1595E+00
  3.7554E-01  5.6762E-01  3.6774E-05  1.9917E-01  2.1225E+00  4.0323E-03 -2.1224E+00
  3.7693E-01  5.7397E-01  3.6124E-05  1.9626E-01  2.0845E+00  3.4915E-03 -2.0845E+00
  3.7832E-01  5.8032E-01  3.5455E-05  1.9338E-01  2.0437E+00  2.8952E-03 -2.0437E+00
  3.7972E-01  5.8667E-01  3.4762E-05  1.9055E-01  1.9991E+00  2.3444E-03 -1.9991E+00
  3.8113E-01  5.9302E-01  3.4038E-05  1.8776E-01  1.9495E+00  2.1982E-03 -1.9494E+00
  3.8255E-01  5.9936E-01  3.3274E-05  1.8504E-01  1.8934E+00  2.9177E-03 -1.8933E+00
  3.8392E-01  6.0547E-01  3.2496E-05  1.8249E-01  1.8319E+00  4.3133E-03 -1.8318E+00
  3.8535E-01  6.1181E-01  3.1634E-05  1.7992E-01  1.7591E+00  6.1794E-03 -1.7588E+00
  3.8673E-01  6.1792E-01  3.0749E-05  1.7754E-01  1.6797E+00  8.1847E-03 -1.6793E+00
  3.8811E-01  6.2402E-01  2.9812E-05  1.7528E-01  1.5911E+00  1.0242E-02 -1.5903E+00
  3.8951E-01  6.3013E-01  2.8828E-05  1.7313E-01  1.4937E+00  1.2133E-02 -1.4925E+00
  3.9090E-01  6.3623E-01  2.7810E-05  1.7112E-01  1.3895E+00  1.3579E-02 -1.3879E+00
  3.9230E-01  6.4233E-01  2.6777E-05  1.6925E-01  1.2820E+00  1.4336E-02 -1.2800E+00
  3.9371E-01  6.4844E-01  2.5756E-05  1.6753E-01  1.1754E+00  1.4289E-02 -1.1733E+00
  3.9511E-01  6.5454E-01  2.4773E-05  1.6595E-01  1.0744E+00  1.3490E-02 -1.0723E+00
  3.9652E-01  6.6064E-01  2.3854E-05  1.6450E-01  9.8268E-01  1.2113E-02 -9.8079E-01
  3.9793E-01  6.6675E-01  2.3016E-05  1.6318E-01  9.0274E-01  1.0418E-02 -9.0120E-01
  3.9935E-01  6.7285E-01  2.2266E-05  1.6195E-01  8.3548E-01  8.6581E-03 -8.3432E-01
  4.0070E-01  6.7871E-01  2.1629E-05  1.6086E-01  7.8242E-01  7.0896E-03 -7.8158E-01
  4.0212E-01  6.8481E-01  2.1045E-05  1.5978E-01  7.3784E-01  5.6887E-03 -7.3727E-01
  4.0354E-01  6.9092E-01  2.0529E-05  1.5876E-01  7.0248E-01  4.5643E-03 -7.0209E-01
  4.0495E-01  6.9702E-01  2.0069E-05  1.5779E-01  6.7459E-01  3.7084E-03 -6.7431E-01
  4.0631E-01  7.0288E-01  1.9671E-05  1.5689E-01  6.5339E-01  3.1086E-03 -6.5319E-01
  4.0773E-01  7.0898E-01  1.9291E-05  1.5597E-01  6.3586E-01  2.6731E-03 -6.3571E-01
  4.0915E-01  7.1509E-01  1.8939E-05  1.5508E-01  6.2197E-01  2.3864E-03 -6.2184E-01
  4.1051E-01  7.2095E-01  1.8622E-05  1.5424E-01  6.1129E-01  2.2125E-03 -6.1117E-01
  4.1193E-01  7.2705E-01  1.8308E-05  1.5338E-01  6.0233E-01  2.1034E-03 -6.0223E-01
  4.1335E-01  7.3315E-01  1.8009E-05  1.5253E-01  5.9511E-01  2.0417E-03 -5.9501E-01
  4.1471E-01  7.3901E-01  1.7731E-05  1.5172E-01  5.8947E-01  2.0102E-03 -5.8938E-01
  4.1613E-01  7.4512E-01  1.7450E-05  1.5089E-01  5.8467E-01  1.9945E-03 -5.8457E-01
  4.1755E-01  7.5122E-01  1.7175E-05  1.5006E-01  5.8074E-01  1.9889E-03 -5.8064E-01
  4.1892E-01  7.5708E-01  1.6917E-05  1.4927E-01  5.7763E-01  1.9887E-03 -5.7753E-01
  4.2034E-01  7.6318E-01  1.6652E-05  1.4846E-01  5.7494E-01  1.9914E-03 -5.7483E-01
  4.2170E-01  7.6904E-01  1.6402E-05  1.4767E-01  5.7278E-01  1.9952E-03 -5.7268E-01
  4.2312E-01  7.7514E-01  1.6143E-05  1.4686E-01  5.7090E-01  1.9995E-03 -5.7079E-01
  4.2454E-01  7.8125E-01  1.5887E-05  1.4605E-01  5.6932E-01  2.0038E-03 -5.6921E-01
  4.2590E-01  7.8711E-01  1.5643E-05  1.4528E-01  5.6804E-01  2.0077E-03 -5.6793E-01
  4.2733E-01  7.9321E-01  1.5391E-05  1.4447E-01  5.6691E-01  2.0113E-03 -5.6679E-01
  4.2875E-01  7.9931E-01  1.5139E-05  1.4367E-01  5.6594E-01  2.0145E-03 -5.6583E-01
  4.3011E-01  8.0517E-01  1.4899E-05  1.4290E-01  5.6515E-01  2.0173E-03 -5.6504E-01
  4.3153E-01  8.1128E-01  1.4650E-05  1.4209E-01  5.6445E-01  2.0198E-03 -5.6433E-01
  4.3295E-01  8.1738E-01  1.4402E-05  1.4129E-01  5.6385E-01  2.0221E-03 -5.6373E-01
  4.3431E-01  8.2324E-01  1.4164E-05  1.4052E-01  5.6335E-01  2.0240E-03 -5.6323E-01
  4.3574E-01  8.2934E-01  1.3917E-05  1.3972E-01  5.6291E-01  2.0258E-03 -5.6279E-01
  4.3716E-01  8.3545E-01  1.3670E-05  1.3892E-01  5.6254E-01  2.0274E-03 -5.6242E-01
  4.3852E-01  8.4131E-01  1.3434E-05  1.3816E-01  5.6225E-01  2.0288E-03 -5.6212E-01
  4.3994E-01  8.4741E-01  1.3188E-05  1.3736E-01  5.6199E-01  2.0301E-03 -5.6186E-01
  4.4130E-01  8.5327E-01  1.2952E-05  1.3659E-01  5.6179E-01  2.0313E-03 -5.6166E-01
  4.4273E-01  8.5937E-01  1.2707E-05  1.3579E-01  5.6163E-01  2.0325E-03 -5.6150E-01
  4.4415E-01  8.6548E-01  1.2462E-05  1.3500E-01  5.6151E-01  2.0337E-03 -5.6138E-01
  4.4700E-01  8.7773E-01  1.1971E-05  1.3340E-01  5.6140E-01  2.0356E-03 -5.6126E-01
