  3.0830E-01  7.5437E-02  4.5344E-05  3.9951E-01  7.5200E-01  6.7107E-03 -7.3778E-01
  3.0971E-01  1.0888E-01  4.7716E-05  3.9793E-01  1.5099E+00  1.2716E-02 -1.4977E+00
  3.1110E-01  1.3427E-01  5.0201E-05  3.9540E-01  2.1170E+00  1.6590E-02 -2.1073E+00
  3.1251E-01  1.5576E-01  5.2620E-05  3.9207E-01  2.6085E+00  1.8798E-02 -2.6009E+00
  3.1391E-01  1.7456E-01  5.4786E-05  3.8815E-01  2.9837E+00  2.0089E-02 -2.9776E+00
  3.1532E-01  1.9165E-01  5.6682E-05  3.8375E-01  3.2666E+00  2.0328E-02 -3.2618E+00
  3.1672E-01  2.0727E-01  5.8258E-05  3.7903E-01  3.4717E+00  2.0100E-02 -3.4679E+00
  3.1811E-01  2.2168E-01  5.9517E-05  3.7411E-01  3.6139E+00  1.9563E-02 -3.6109E+00
  3.1951E-01  2.3535E-01  6.0509E-05  3.6897E-01  3.7102E+00  1.8843E-02 -3.7077E+00
  3.2091E-01  2.4829E-01  6.1249E-05  3.6373E-01  3.7693E+00  1.8044E-02 -3.7672E+00
  3.2230E-01  2.6050E-01  6.1760E-05  3.5847E-01  3.7991E+00  1.7187E-02 -3.7974E+00
  3.2373E-01  2.7246E-01  6.2078E-05  3.5305E-01  3.8061E+00  1.6272E-02 -3.8047E+00
  3.2512E-01  2.8369E-01  6.2211E-05  3.4775E-01  3.7948E+00  1.5373E-02 -3.7936E+00
  3.2651E-01  2.9443E-01  6.2189E-05  3.4251E-01  3.7696E+00  1.4494E-02 -3.7686E+00
  3.2791E-01  3.0493E-01  6.2030E-05  3.3726E-01  3.7330E+00  1.3643E-02 -3.7321E+00
  3.2932E-01  3.1518E-01  6.1748E-05  3.3203E-01  3.6875E+00  1.2832E-02 -3.6868E+00
  3.3070E-01  3.2495E-01  6.1370E-05  3.2696E-01  3.6367E+00  1.2094E-02 -3.6361E+00
  3.3212E-01  3.3471E-01  6.0893E-05  3.2183E-01  3.5798E+00  1.1390E-02 -3.5792E+00
  3.3351E-01  3.4399E-01  6.0354E-05  3.1690E-01  3.5211E+00  1.0754E-02 -3.5206E+00
  3.3493E-01  3.5327E-01  5.9738E-05  3.1194E-01  3.4588E+00  1.0154E-02 -3.4583E+00
  3.3631E-01  3.6206E-01  5.9089E-05  3.0723E-01  3.3971E+00  9.6196E-03 -3.3967E+00
  3.3771E-01  3.7085E-01  5.8383E-05  3.0250E-01  3.3336E+00  9.1236E-03 -3.3332E+00
  3.3911E-01  3.7939E-01  5.7646E-05  2.9789E-01  3.2705E+00  8.6805E-03 -3.2702E+00
  3.4053E-01  3.8794E-01  5.6867E-05  2.9329E-01  3.2067E+00  8.2763E-03 -3.2065E+00
  3.4193E-01  3.9624E-01  5.6073E-05  2.8883E-01  3.1445E+00  7.9231E-03 -3.1443E+00
  3.4332E-01  4.0429E-01  5.5274E-05  2.8452E-01  3.0842E+00  7.6152E-03 -3.0840E+00
  3.4472E-01  4.1235E-01  5.4450E-05  2.8021E-01  3.0244E+00  7.3410E-03 -3.0242E+00
  3.4611E-01  4.2016E-01  5.3632E-05  2.7606E-01  2.9670E+00  7.1064E-03 -2.9668E+00
  3.4752E-01  4.2798E-01  5.2799E-05  2.7193E-01  2.9105E+00  6.8991E-03 -2.9103E+00
  3.4894E-01  4.3579E-01  5.1953E-05  2.6782E-01  2.8550E+00  6.7179E-03 -2.8548E+00
  3.5034E-01  4.4336E-01  5.1125E-05  2.6386E-01  2.8024E+00  6.5646E-03 -2.8022E+00
  3.5171E-01  4.5068E-01  5.0317E-05  2.6005E-01  2.7526E+00  6.4356E-03 -2.7525E+00
  3.5310E-01  4.5801E-01  4.9506E-05  2.5626E-01  2.7041E+00  6.3253E-03 -2.7039E+00
  3.5450E-01  4.6533E-01  4.8693E-05  2.5250E-01  2.6568E+00  6.2325E-03 -2.6566E+00
  3.5592E-01  4.7265E-01  4.7880E-05  2.4877E-01  2.6109E+00  6.1551E-03 -2.6107E+00
  3.5731E-01  4.7973E-01  4.7096E-05  2.4518E-01  2.5677E+00  6.0912E-03 -2.5676E+00
  3.5871E-01  4.8681E-01  4.6313E-05  2.4162E-01  2.5259E+00  6.0315E-03 -2.5257E+00
  3.6012E-01  4.9389E-01  4.5534E-05  2.3808E-01  2.4853E+00  5.9700E-03 -2.4851E+00
  3.6155E-01  5.0097E-01  4.4757E-05  2.3456E-01  2.4457E+00  5.9015E-03 -2.4456E+00
  3.6293E-01  5.0781E-01  4.4008E-05  2.3119E-01  2.4086E+00  5.8265E-03 -2.4084E+00
  3.6433E-01  5.1465E-01  4.3261E-05  2.2784E-01  2.3722E+00  5.7417E-03 -2.3721E+00
  3.6575E-01  5.2148E-01  4.2515E-05  2.2452E-01  2.3366E+00  5.6454E-03 -2.3365E+00
  3.6712E-01  5.2807E-01  4.1794E-05  2.2133E-01  2.3029E+00  5.5347E-03 -2.3027E+00
  3.6850E-01  5.3467E-01  4.1072E-05  2.1817E-01  2.2695E+00  5.3935E-03 -2.2694E+00
  3.6995E-01  5.4150E-01  4.0317E-05  2.1492E-01  2.2351E+00  5.1969E-03 -2.2349E+00
  3.7135E-01  5.4809E-01  3.9580E-05  2.1181E-01  2.2016E+00  4.9418E-03 -2.2015E+00
  3.7271E-01  5.5444E-01  3.8857E-05  2.0884E-01  2.1688E+00  4.6213E-03 -2.1687E+00
  3.7413E-01  5.6103E-01  3.8085E-05  2.0578E-01  2.1335E+00  4.2018E-03 -2.1334E+00
  3.7551E-01  5.6738E-01  3.7314E-05  2.0286E-01  2.0979E+00  3.7079E-03 -2.0978E+00
  3.7695E-01  5.7397E-01  3.6475E-05  1.9987E-01  2.0584E+00  3.1065E-03 -2.0584E+00
  3.7834E-01  5.8032E-01  3.5621E-05  1.9703E-01  2.0174E+00  2.4750E-03 -2.0173E+00
  3.7974E-01  5.8667E-01  3.4707E-05  1.9423E-01  1.9724E+00  1.9572E-03 -1.9723E+00
  3.8115E-01  5.9302E-01  3.3716E-05  1.9149E-01  1.9221E+00  2.0698E-03 -1.9221E+00
  3.8251E-01  5.9912E-01  3.2673E-05  1.8890E-01  1.8676E+00  3.0760E-03 -1.8675E+00
  3.8394E-01  6.0547E-01  3.1471E-05  1.8629E-01  1.8029E+00  4.7427E-03 -1.8028E+00
  3.8531E-01  6.1157E-01  3.0185E-05  1.8386E-01  1.7320E+00  6.6780E-03 -1.7317E+00
  3.8675E-01  6.1792E-01  2.8698E-05  1.8143E-01  1.6484E+00  8.8745E-03 -1.6479E+00
  3.8813E-01  6.2402E-01  2.7118E-05  1.7921E-01  1.5585E+00  1.1005E-02 -1.5576E+00
  3.8953E-01  6.3013E-01  2.5397E-05  1.7711E-01  1.4598E+00  1.2927E-02 -1.4585E+00
  3.9092E-01  6.3623E-01  2.3559E-05  1.7514E-01  1.3545E+00  1.4376E-02 -1.3527E+00
  3.9232E-01  6.4233E-01  2.1648E-05  1.7332E-01  1.2458E+00  1.5119E-02 -1.2437E+00
  3.9372E-01  6.4844E-01  1.9723E-05  1.7165E-01  1.1381E+00  1.5053E-02 -1.1357E+00
  3.9513E-01  6.5454E-01  1.7850E-05  1.7013E-01  1.0358E+00  1.4221E-02 -1.0335E+00
  3.9654E-01  6.6064E-01  1.6088E-05  1.6874E-01  9.4264E-01  1.2810E-02 -9.4055E-01
  3.9795E-01  6.6675E-01  1.4478E-05  1.6747E-01  8.6112E-01  1.1058E-02 -8.5940E-01
  3.9931E-01  6.7261E-01  1.3097E-05  1.6635E-01  7.9475E-01  9.3022E-03 -7.9342E-01
  4.0072E-01  6.7871E-01  1.1832E-05  1.6527E-01  7.3767E-01  7.5777E-03 -7.3671E-01
  4.0214E-01  6.8481E-01  1.0731E-05  1.6426E-01  6.9167E-01  6.0822E-03 -6.9100E-01
  4.0355E-01  6.9092E-01  9.7724E-06  1.6331E-01  6.5507E-01  4.8576E-03 -6.5462E-01
  4.0492E-01  6.9678E-01  8.9642E-06  1.6244E-01  6.2719E-01  3.9361E-03 -6.2688E-01
  4.0633E-01  7.0288E-01  8.2163E-06  1.6157E-01  6.0416E-01  3.2120E-03 -6.0394E-01
  4.0775E-01  7.0898E-01  7.5445E-06  1.6072E-01  5.8596E-01  2.6879E-03 -5.8580E-01
  4.0911E-01  7.1484E-01  6.9559E-06  1.5993E-01  5.7205E-01  2.3368E-03 -5.7192E-01
  4.1053E-01  7.2095E-01  6.3884E-06  1.5913E-01  5.6044E-01  2.0901E-03 -5.6033E-01
  4.1195E-01  7.2705E-01  5.8575E-06  1.5834E-01  5.5113E-01  1.9318E-03 -5.5104E-01
  4.1331E-01  7.3291E-01  5.3749E-06  1.5760E-01  5.4390E-01  1.8375E-03 -5.4382E-01
  4.1473E-01  7.3901E-01  4.8943E-06  1.5683E-01  5.3778E-01  1.7785E-03 -5.3770E-01
  4.1615E-01  7.4512E-01  4.4317E-06  1.5607E-01  5.3279E-01  1.7453E-03 -5.3271E-01
  4.1752E-01  7.5097E-01  4.0011E-06  1.5535E-01  5.2886E-01  1.7283E-03 -5.2878E-01
  4.1894E-01  7.5708E-01  3.5636E-06  1.5460E-01  5.2547E-01  1.7198E-03 -5.2540E-01
  4.2036E-01  7.6318E-01  3.1354E-06  1.5385E-01  5.2268E-01  1.7170E-03 -5.2260E-01
  4.2172E-01  7.6904E-01  2.7312E-06  1.5314E-01  5.2044E-01  1.7171E-03 -5.2036E-01
  4.2314E-01  7.7514E-01  2.3161E-06  1.5241E-01  5.1848E-01  1.7188E-03 -5.1840E-01
  4.2450E-01  7.8100E-01  1.9222E-06  1.5170E-01  5.1690E-01  1.7211E-03 -5.1682E-01
  4.2592E-01  7.8711E-01  1.5158E-06  1.5097E-01  5.1551E-01  1.7238E-03 -5.1543E-01
  4.2734E-01  7.9321E-01  1.1127E-06  1.5024E-01  5.1433E-01  1.7265E-03 -5.1425E-01
  4.2871E-01  7.9907E-01  7.2826E-07  1.4953E-01  5.1337E-01  1.7290E-03 -5.1328E-01
  4.3013E-01  8.0517E-01  3.3003E-07  1.4881E-01  5.1251E-01  1.7313E-03 -5.1242E-01
  4.3155E-01  8.1128E-01 -6.6279E-08  1.4808E-01  5.1178E-01  1.7335E-03 -5.1169E-01
  4.3291E-01  8.1714E-01 -4.4521E-07  1.4738E-01  5.1117E-01  1.7354E-03 -5.1108E-01
  4.3433E-01  8.2324E-01 -8.3856E-07  1.4666E-01  5.1064E-01  1.7372E-03 -5.1055E-01
  4.3575E-01  8.2934E-01 -1.2307E-06  1.4593E-01  5.1018E-01  1.7388E-03 -5.1009E-01
  4.3712E-01  8.3520E-01 -1.6061E-06  1.4524E-01  5.0981E-01  1.7402E-03 -5.0972E-01
  4.3854E-01  8.4131E-01 -1.9963E-06  1.4451E-01  5.0949E-01  1.7416E-03 -5.0939E-01
  4.3990E-01  8.4717E-01 -2.3701E-06  1.4382E-01  5.0923E-01  1.7428E-03 -5.0914E-01
  4.4132E-01  8.5327E-01 -2.7586E-06  1.4309E-01  5.0902E-01  1.7440E-03 -5.0892E-01
  4.4274E-01  8.5937E-01 -3.1465E-06  1.4237E-01  5.0885E-01  1.7451E-03 -5.0875E-01
  4.4411E-01  8.6523E-01 -3.5182E-06  1.4168E-01  5.0873E-01  1.7462E-03 -5.0863E-01
  4.4700E-01  8.7765E-01 -4.3042E-06  1.4021E-01  5.0861E-01  1.7480E-03 -5.0851E-01
