  3.0830E-01  7.5437E-02  4.5465E-05  3.9945E-01  8.4358E-01  7.2931E-03 -8.2859E-01
  3.0970E-01  1.0888E-01  4.7792E-05  3.9774E-01  1.5999E+00  1.2956E-02 -1.5880E+00
  3.1110E-01  1.3427E-01  5.0229E-05  3.9507E-01  2.2108E+00  1.6769E-02 -2.2012E+00
  3.1251E-01  1.5576E-01  5.2568E-05  3.9162E-01  2.6960E+00  1.9068E-02 -2.6884E+00
  3.1391E-01  1.7456E-01  5.4670E-05  3.8759E-01  3.0664E+00  2.0169E-02 -3.0604E+00
  3.1532E-01  1.9165E-01  5.6496E-05  3.8307E-01  3.3443E+00  2.0436E-02 -3.3395E+00
  3.1672E-01  2.0727E-01  5.8002E-05  3.7825E-01  3.5437E+00  2.0163E-02 -3.5399E+00
  3.1810E-01  2.2168E-01  5.9196E-05  3.7324E-01  3.6810E+00  1.9599E-02 -3.6780E+00
  3.1950E-01  2.3535E-01  6.0124E-05  3.6801E-01  3.7726E+00  1.8886E-02 -3.7701E+00
  3.2091E-01  2.4829E-01  6.0804E-05  3.6268E-01  3.8276E+00  1.8082E-02 -3.8256E+00
  3.2232E-01  2.6074E-01  6.1266E-05  3.5724E-01  3.8541E+00  1.7210E-02 -3.8524E+00
  3.2372E-01  2.7246E-01  6.1523E-05  3.5185E-01  3.8577E+00  1.6318E-02 -3.8562E+00
  3.2511E-01  2.8369E-01  6.1606E-05  3.4648E-01  3.8435E+00  1.5420E-02 -3.8423E+00
  3.2653E-01  2.9468E-01  6.1533E-05  3.4106E-01  3.8150E+00  1.4526E-02 -3.8140E+00
  3.2793E-01  3.0517E-01  6.1325E-05  3.3575E-01  3.7758E+00  1.3679E-02 -3.7749E+00
  3.2931E-01  3.1518E-01  6.1006E-05  3.3058E-01  3.7292E+00  1.2895E-02 -3.7285E+00
  3.3073E-01  3.2519E-01  6.0575E-05  3.2533E-01  3.6751E+00  1.2144E-02 -3.6745E+00
  3.3211E-01  3.3471E-01  6.0070E-05  3.2027E-01  3.6179E+00  1.1464E-02 -3.6173E+00
  3.3350E-01  3.4399E-01  5.9493E-05  3.1529E-01  3.5577E+00  1.0835E-02 -3.5572E+00
  3.3492E-01  3.5327E-01  5.8841E-05  3.1029E-01  3.4939E+00  1.0241E-02 -3.4935E+00
  3.3633E-01  3.6230E-01  5.8138E-05  3.0539E-01  3.4292E+00  9.6982E-03 -3.4288E+00
  3.3770E-01  3.7085E-01  5.7418E-05  3.0075E-01  3.3663E+00  9.2215E-03 -3.3659E+00
  3.3913E-01  3.7964E-01  5.6628E-05  2.9597E-01  3.3003E+00  8.7710E-03 -3.3000E+00
  3.4051E-01  3.8794E-01  5.5839E-05  2.9146E-01  3.2373E+00  8.3842E-03 -3.2371E+00
  3.4192E-01  3.9624E-01  5.5016E-05  2.8695E-01  3.1742E+00  8.0349E-03 -3.1739E+00
  3.4331E-01  4.0429E-01  5.4188E-05  2.8260E-01  3.1131E+00  7.7311E-03 -3.1128E+00
  3.4471E-01  4.1235E-01  5.3337E-05  2.7825E-01  3.0524E+00  7.4607E-03 -3.0522E+00
  3.4614E-01  4.2041E-01  5.2465E-05  2.7393E-01  2.9925E+00  7.2221E-03 -2.9923E+00
  3.4751E-01  4.2798E-01  5.1632E-05  2.6989E-01  2.9371E+00  7.0247E-03 -2.9369E+00
  3.4893E-01  4.3579E-01  5.0760E-05  2.6574E-01  2.8810E+00  6.8457E-03 -2.8808E+00
  3.5033E-01  4.4336E-01  4.9907E-05  2.6175E-01  2.8278E+00  6.6942E-03 -2.8276E+00
  3.5170E-01  4.5068E-01  4.9076E-05  2.5791E-01  2.7775E+00  6.5667E-03 -2.7773E+00
  3.5314E-01  4.5825E-01  4.8213E-05  2.5396E-01  2.7268E+00  6.4539E-03 -2.7266E+00
  3.5454E-01  4.6557E-01  4.7377E-05  2.5017E-01  2.6791E+00  6.3624E-03 -2.6789E+00
  3.5591E-01  4.7265E-01  4.6569E-05  2.4652E-01  2.6342E+00  6.2889E-03 -2.6341E+00
  3.5734E-01  4.7998E-01  4.5734E-05  2.4278E-01  2.5892E+00  6.2239E-03 -2.5890E+00
  3.5874E-01  4.8706E-01  4.4930E-05  2.3919E-01  2.5470E+00  6.1653E-03 -2.5468E+00
  3.6011E-01  4.9389E-01  4.4157E-05  2.3574E-01  2.5074E+00  6.1068E-03 -2.5072E+00
  3.6153E-01  5.0097E-01  4.3359E-05  2.3219E-01  2.4675E+00  6.0392E-03 -2.4673E+00
  3.6292E-01  5.0781E-01  4.2590E-05  2.2879E-01  2.4300E+00  5.9651E-03 -2.4298E+00
  3.6432E-01  5.1465E-01  4.1823E-05  2.2541E-01  2.3933E+00  5.8816E-03 -2.3931E+00
  3.6573E-01  5.2148E-01  4.1056E-05  2.2206E-01  2.3574E+00  5.7876E-03 -2.3572E+00
  3.6710E-01  5.2807E-01  4.0317E-05  2.1885E-01  2.3233E+00  5.6815E-03 -2.3232E+00
  3.6854E-01  5.3491E-01  3.9549E-05  2.1554E-01  2.2885E+00  5.5411E-03 -2.2883E+00
  3.6993E-01  5.4150E-01  3.8803E-05  2.1238E-01  2.2551E+00  5.3587E-03 -2.2549E+00
  3.7133E-01  5.4809E-01  3.8049E-05  2.0924E-01  2.2215E+00  5.1140E-03 -2.2214E+00
  3.7275E-01  5.5469E-01  3.7281E-05  2.0612E-01  2.1873E+00  4.7934E-03 -2.1871E+00
  3.7411E-01  5.6103E-01  3.6522E-05  2.0315E-01  2.1532E+00  4.4034E-03 -2.1531E+00
  3.7555E-01  5.6762E-01  3.5705E-05  2.0010E-01  2.1161E+00  3.9099E-03 -2.1161E+00
  3.7693E-01  5.7397E-01  3.4884E-05  1.9719E-01  2.0782E+00  3.3535E-03 -2.0781E+00
  3.7832E-01  5.8032E-01  3.4017E-05  1.9432E-01  2.0374E+00  2.7408E-03 -2.0373E+00
  3.7973E-01  5.8667E-01  3.3093E-05  1.9150E-01  1.9927E+00  2.1914E-03 -1.9927E+00
  3.8114E-01  5.9302E-01  3.2095E-05  1.8872E-01  1.9430E+00  2.1193E-03 -1.9429E+00
  3.8255E-01  5.9936E-01  3.1001E-05  1.8601E-01  1.8867E+00  2.9623E-03 -1.8867E+00
  3.8392E-01  6.0547E-01  2.9839E-05  1.8347E-01  1.8251E+00  4.4415E-03 -1.8250E+00
  3.8535E-01  6.1181E-01  2.8496E-05  1.8091E-01  1.7521E+00  6.3654E-03 -1.7518E+00
  3.8673E-01  6.1792E-01  2.7061E-05  1.7854E-01  1.6726E+00  8.4111E-03 -1.6721E+00
  3.8812E-01  6.2402E-01  2.5480E-05  1.7628E-01  1.5837E+00  1.0494E-02 -1.5829E+00
  3.8951E-01  6.3013E-01  2.3756E-05  1.7415E-01  1.4861E+00  1.2395E-02 -1.4848E+00
  3.9091E-01  6.3623E-01  2.1914E-05  1.7215E-01  1.3817E+00  1.3838E-02 -1.3800E+00
  3.9231E-01  6.4233E-01  1.9996E-05  1.7029E-01  1.2739E+00  1.4584E-02 -1.2718E+00
  3.9371E-01  6.4844E-01  1.8061E-05  1.6858E-01  1.1670E+00  1.4525E-02 -1.1648E+00
  3.9512E-01  6.5454E-01  1.6176E-05  1.6701E-01  1.0656E+00  1.3710E-02 -1.0634E+00
  3.9653E-01  6.6064E-01  1.4401E-05  1.6558E-01  9.7340E-01  1.2317E-02 -9.7145E-01
  3.9794E-01  6.6675E-01  1.2779E-05  1.6427E-01  8.9295E-01  1.0603E-02 -8.9137E-01
  3.9935E-01  6.7285E-01  1.1330E-05  1.6306E-01  8.2518E-01  8.8222E-03 -8.2398E-01
  4.0071E-01  6.7871E-01  1.0105E-05  1.6197E-01  7.7165E-01  7.2294E-03 -7.7078E-01
  4.0212E-01  6.8481E-01  8.9867E-06  1.6092E-01  7.2664E-01  5.8003E-03 -7.2604E-01
  4.0354E-01  6.9092E-01  8.0087E-06  1.5991E-01  6.9090E-01  4.6458E-03 -6.9049E-01
  4.0490E-01  6.9678E-01  7.1790E-06  1.5899E-01  6.6370E-01  3.7896E-03 -6.6342E-01
  4.0632E-01  7.0288E-01  6.4065E-06  1.5807E-01  6.4126E-01  3.1299E-03 -6.4106E-01
  4.0774E-01  7.0898E-01  5.7078E-06  1.5717E-01  6.2354E-01  2.6659E-03 -6.2339E-01
  4.0916E-01  7.1509E-01  5.0670E-06  1.5630E-01  6.0948E-01  2.3538E-03 -6.0936E-01
  4.1052E-01  7.2095E-01  4.4942E-06  1.5548E-01  5.9868E-01  2.1598E-03 -5.9857E-01
  4.1194E-01  7.2705E-01  3.9321E-06  1.5463E-01  5.8962E-01  2.0345E-03 -5.8953E-01
  4.1336E-01  7.3315E-01  3.3976E-06  1.5380E-01  5.8232E-01  1.9609E-03 -5.8223E-01
  4.1472E-01  7.3901E-01  2.9051E-06  1.5301E-01  5.7662E-01  1.9212E-03 -5.7653E-01
  4.1614E-01  7.4512E-01  2.4089E-06  1.5220E-01  5.7177E-01  1.8995E-03 -5.7168E-01
  4.1750E-01  7.5097E-01  1.9456E-06  1.5142E-01  5.6794E-01  1.8900E-03 -5.6785E-01
  4.1892E-01  7.5708E-01  1.4738E-06  1.5062E-01  5.6464E-01  1.8868E-03 -5.6455E-01
  4.2034E-01  7.6318E-01  1.0108E-06  1.4982E-01  5.6192E-01  1.8874E-03 -5.6183E-01
  4.2171E-01  7.6904E-01  5.7313E-07  1.4905E-01  5.5974E-01  1.8897E-03 -5.5965E-01
  4.2313E-01  7.7514E-01  1.2285E-07  1.4826E-01  5.5784E-01  1.8930E-03 -5.5774E-01
  4.2455E-01  7.8125E-01 -3.2274E-07  1.4747E-01  5.5625E-01  1.8965E-03 -5.5615E-01
  4.2591E-01  7.8711E-01 -7.4690E-07  1.4671E-01  5.5495E-01  1.8998E-03 -5.5485E-01
  4.2733E-01  7.9321E-01 -1.1856E-06  1.4592E-01  5.5380E-01  1.9030E-03 -5.5370E-01
  4.2875E-01  7.9931E-01 -1.6218E-06  1.4514E-01  5.5283E-01  1.9059E-03 -5.5272E-01
  4.3011E-01  8.0517E-01 -2.0384E-06  1.4438E-01  5.5203E-01  1.9084E-03 -5.5192E-01
  4.3154E-01  8.1128E-01 -2.4706E-06  1.4360E-01  5.5132E-01  1.9108E-03 -5.5121E-01
  4.3296E-01  8.1738E-01 -2.9013E-06  1.4282E-01  5.5071E-01  1.9129E-03 -5.5060E-01
  4.3432E-01  8.2324E-01 -3.3134E-06  1.4207E-01  5.5021E-01  1.9146E-03 -5.5010E-01
  4.3574E-01  8.2934E-01 -3.7416E-06  1.4129E-01  5.4976E-01  1.9163E-03 -5.4965E-01
  4.3710E-01  8.3520E-01 -4.1517E-06  1.4054E-01  5.4940E-01  1.9178E-03 -5.4929E-01
  4.3853E-01  8.4131E-01 -4.5780E-06  1.3976E-01  5.4909E-01  1.9192E-03 -5.4898E-01
  4.3995E-01  8.4741E-01 -5.0035E-06  1.3898E-01  5.4883E-01  1.9205E-03 -5.4872E-01
  4.4131E-01  8.5327E-01 -5.4113E-06  1.3823E-01  5.4863E-01  1.9216E-03 -5.4851E-01
  4.4273E-01  8.5937E-01 -5.8354E-06  1.3745E-01  5.4847E-01  1.9228E-03 -5.4835E-01
  4.4415E-01  8.6548E-01 -6.2588E-06  1.3667E-01  5.4835E-01  1.9239E-03 -5.4823E-01
  4.4700E-01  8.7771E-01 -7.1059E-06  1.3511E-01  5.4823E-01  1.9256E-03 -5.4811E-01
