# nurbs mesh v.2.1
#
# 21-May-2020
#
2 2 6 6 0 
PATCH 1 
2 2 
3 3 
0.000000000000000   0.000000000000000   0.000000000000000   1.000000000000000   1.000000000000000   1.000000000000000   
0.000000000000000   0.000000000000000   0.000000000000000   1.000000000000000   1.000000000000000   1.000000000000000   
0.302000000000000   0.302000000000000   0.302000000000000   0.306750000000000   0.308575000000000   0.308615120941657   0.311500000000000   0.315150000000000   0.315230241883314   
0.020400000000000   0.029100000000000   0.037800000000000   0.020200000000000   0.029000000000000   0.036415987566681   0.020000000000000   0.028900000000000   0.035031975133362   
1.000000000000000   1.000000000000000   1.000000000000000   1.000000000000000   1.000000000000000   1.000000000000000   1.000000000000000   1.000000000000000   1.000000000000000   
PATCH 2 
2 2 
3 3 
0.000000000000000   0.000000000000000   0.000000000000000   1.000000000000000   1.000000000000000   1.000000000000000   
0.000000000000000   0.000000000000000   0.000000000000000   1.000000000000000   1.000000000000000   1.000000000000000   
0.302000000000000   0.302000000000000   0.302000000000000   0.308615120941657   0.291277699894874   0.306383409644648   0.315230241883314   0.280555399789749   0.310766819289297   
0.037800000000000   0.041400000000000   0.045000000000000   0.036415987566681   0.038646147130113   0.046855174114583   0.035031975133362   0.035892294260225   0.048710348229167   
1.000000000000000   1.000000000000000   1.000000000000000   1.000000000000000   0.944902786929041   1.000000000000000   1.000000000000000   0.889805573858082   1.000000000000000   
PATCH 3 
2 2 
3 3 
0.000000000000000   0.000000000000000   0.000000000000000   1.000000000000000   1.000000000000000   1.000000000000000   
0.000000000000000   0.000000000000000   0.000000000000000   1.000000000000000   1.000000000000000   1.000000000000000   
0.252500000000000   0.275447631482713   0.298395262965426   0.277250000000000   0.274869348078889   0.272488696157779   0.302000000000000   0.306383409644648   0.310766819289297   
0.045000000000000   0.052414301471925   0.059828602943850   0.045000000000000   0.047896592228768   0.050793184457536   0.045000000000000   0.046855174114583   0.048710348229167   
1.000000000000000   1.000000000000000   1.000000000000000   1.000000000000000   0.944902786929041   0.889805573858082   1.000000000000000   1.000000000000000   1.000000000000000   
PATCH 4 
2 2 
3 3 
0.000000000000000   0.000000000000000   0.000000000000000   1.000000000000000   1.000000000000000   1.000000000000000   
0.000000000000000   0.000000000000000   0.000000000000000   1.000000000000000   1.000000000000000   1.000000000000000   
0.252500000000000   0.243750000000000   0.235000000000000   0.275447631482713   0.262192181968801   0.251103060659791   0.298395262965426   0.280634363937603   0.267206121319583   
0.045000000000000   0.050000000000000   0.055000000000000   0.052414301471925   0.058024260542835   0.060973545877035   0.059828602943850   0.066048521085671   0.066947091754071   
1.000000000000000   1.000000000000000   1.000000000000000   1.000000000000000   1.000000000000000   1.000000000000000   1.000000000000000   1.000000000000000   1.000000000000000   
PATCH 5 
2 2 
3 3 
0.000000000000000   0.000000000000000   0.000000000000000   1.000000000000000   1.000000000000000   1.000000000000000   
0.000000000000000   0.000000000000000   0.000000000000000   1.000000000000000   1.000000000000000   1.000000000000000   
0.224264654973889   0.160813291449028   0.236581184735245   0.229632327486944   0.206900288891484   0.253777878701562   0.235000000000000   0.251103060659791   0.267206121319583   
0.051073718017677   0.040398596677155   0.060854746471662   0.053036859008839   0.052658442931898   0.067845662422471   0.055000000000000   0.060973545877035   0.066947091754071   
1.000000000000000   0.707106781186547   1.000000000000000   1.000000000000000   0.853553390593274   1.000000000000000   1.000000000000000   1.000000000000000   1.000000000000000   
PATCH 6 
2 2 
3 3 
0.000000000000000   0.000000000000000   0.000000000000000   1.000000000000000   1.000000000000000   1.000000000000000   
0.000000000000000   0.000000000000000   0.000000000000000   1.000000000000000   1.000000000000000   1.000000000000000   
0.230000000000000   0.156344825175968   0.224264654973889   0.241250000000000   0.200047412587984   0.229632327486944   0.252500000000000   0.243750000000000   0.235000000000000   
0.045000000000000   0.031830548024263   0.051073718017677   0.045000000000000   0.040915274012132   0.053036859008839   0.045000000000000   0.050000000000000   0.055000000000000   
1.000000000000000   0.707106781186547   1.000000000000000   1.000000000000000   0.853553390593274   1.000000000000000   1.000000000000000   1.000000000000000   1.000000000000000   
INTERFACE 1 
1 2 
2 1 
1 
INTERFACE 2 
2 2 
3 4 
1 
INTERFACE 3 
3 3 
4 1 
1 
INTERFACE 4 
4 2 
5 4 
1 
INTERFACE 5 
4 3 
6 4 
1 
INTERFACE 6 
5 1 
6 2 
1 
BOUNDARY 1 
12 
1 4 
2 4 
3 2 
4 4 
5 2 
5 3 
6 3 
6 1 
3 1 
2 3 
1 3 
1 1 
