  3.0830E-01  7.5437E-02  5.9032E-05  3.9950E-01  7.5350E-01  6.6652E-03 -7.3950E-01
  3.0971E-01  1.0888E-01  6.0052E-05  3.9792E-01  1.5119E+00  1.2661E-02 -1.4999E+00
  3.1110E-01  1.3427E-01  6.1038E-05  3.9539E-01  2.1192E+00  1.6529E-02 -2.1095E+00
  3.1251E-01  1.5576E-01  6.1910E-05  3.9205E-01  2.6105E+00  1.8738E-02 -2.6030E+00
  3.1391E-01  1.7456E-01  6.2598E-05  3.8814E-01  2.9855E+00  2.0035E-02 -2.9795E+00
  3.1532E-01  1.9165E-01  6.3109E-05  3.8373E-01  3.2683E+00  2.0276E-02 -3.2635E+00
  3.1672E-01  2.0727E-01  6.3432E-05  3.7900E-01  3.4732E+00  2.0054E-02 -3.4694E+00
  3.1811E-01  2.2168E-01  6.3586E-05  3.7408E-01  3.6152E+00  1.9521E-02 -3.6122E+00
  3.1951E-01  2.3535E-01  6.3592E-05  3.6895E-01  3.7113E+00  1.8805E-02 -3.7088E+00
  3.2091E-01  2.4829E-01  6.3467E-05  3.6370E-01  3.7702E+00  1.8010E-02 -3.7682E+00
  3.2230E-01  2.6050E-01  6.3232E-05  3.5844E-01  3.7998E+00  1.7157E-02 -3.7981E+00
  3.2373E-01  2.7246E-01  6.2891E-05  3.5302E-01  3.8068E+00  1.6247E-02 -3.8054E+00
  3.2512E-01  2.8369E-01  6.2473E-05  3.4772E-01  3.7953E+00  1.5352E-02 -3.7942E+00
  3.2651E-01  2.9443E-01  6.1988E-05  3.4248E-01  3.7700E+00  1.4476E-02 -3.7690E+00
  3.2791E-01  3.0493E-01  6.1437E-05  3.3723E-01  3.7333E+00  1.3629E-02 -3.7325E+00
  3.2932E-01  3.1518E-01  6.0830E-05  3.3200E-01  3.6878E+00  1.2821E-02 -3.6870E+00
  3.3070E-01  3.2495E-01  6.0193E-05  3.2693E-01  3.6369E+00  1.2086E-02 -3.6362E+00
  3.3212E-01  3.3471E-01  5.9503E-05  3.2179E-01  3.5799E+00  1.1384E-02 -3.5793E+00
  3.3351E-01  3.4399E-01  5.8804E-05  3.1687E-01  3.5211E+00  1.0750E-02 -3.5206E+00
  3.3493E-01  3.5327E-01  5.8066E-05  3.1191E-01  3.4588E+00  1.0153E-02 -3.4583E+00
  3.3631E-01  3.6206E-01  5.7334E-05  3.0720E-01  3.3971E+00  9.6204E-03 -3.3967E+00
  3.3771E-01  3.7085E-01  5.6575E-05  3.0247E-01  3.3335E+00  9.1260E-03 -3.3332E+00
  3.3911E-01  3.7939E-01  5.5813E-05  2.9786E-01  3.2704E+00  8.6846E-03 -3.2701E+00
  3.4053E-01  3.8794E-01  5.5032E-05  2.9326E-01  3.2066E+00  8.2818E-03 -3.2063E+00
  3.4193E-01  3.9624E-01  5.4256E-05  2.8880E-01  3.1444E+00  7.9297E-03 -3.1441E+00
  3.4332E-01  4.0429E-01  5.3492E-05  2.8449E-01  3.0841E+00  7.6229E-03 -3.0838E+00
  3.4473E-01  4.1235E-01  5.2717E-05  2.8019E-01  3.0242E+00  7.3496E-03 -3.0240E+00
  3.4611E-01  4.2016E-01  5.1959E-05  2.7603E-01  2.9668E+00  7.1157E-03 -2.9666E+00
  3.4752E-01  4.2798E-01  5.1195E-05  2.7190E-01  2.9103E+00  6.9093E-03 -2.9101E+00
  3.4894E-01  4.3579E-01  5.0428E-05  2.6779E-01  2.8548E+00  6.7285E-03 -2.8546E+00
  3.5034E-01  4.4336E-01  4.9683E-05  2.6383E-01  2.8022E+00  6.5757E-03 -2.8020E+00
  3.5171E-01  4.5068E-01  4.8962E-05  2.6002E-01  2.7524E+00  6.4472E-03 -2.7523E+00
  3.5310E-01  4.5801E-01  4.8240E-05  2.5624E-01  2.7039E+00  6.3371E-03 -2.7037E+00
  3.5450E-01  4.6533E-01  4.7521E-05  2.5248E-01  2.6566E+00  6.2446E-03 -2.6564E+00
  3.5592E-01  4.7265E-01  4.6803E-05  2.4874E-01  2.6106E+00  6.1675E-03 -2.6105E+00
  3.5731E-01  4.7973E-01  4.6113E-05  2.4516E-01  2.5675E+00  6.1039E-03 -2.5674E+00
  3.5871E-01  4.8681E-01  4.5425E-05  2.4159E-01  2.5257E+00  6.0445E-03 -2.5255E+00
  3.6012E-01  4.9389E-01  4.4741E-05  2.3805E-01  2.4851E+00  5.9835E-03 -2.4849E+00
  3.6155E-01  5.0097E-01  4.4060E-05  2.3454E-01  2.4455E+00  5.9156E-03 -2.4454E+00
  3.6293E-01  5.0781E-01  4.3405E-05  2.3117E-01  2.4084E+00  5.8412E-03 -2.4082E+00
  3.6433E-01  5.1465E-01  4.2754E-05  2.2782E-01  2.3720E+00  5.7571E-03 -2.3719E+00
  3.6575E-01  5.2148E-01  4.2104E-05  2.2450E-01  2.3364E+00  5.6617E-03 -2.3363E+00
  3.6712E-01  5.2807E-01  4.1479E-05  2.2131E-01  2.3027E+00  5.5522E-03 -2.3025E+00
  3.6850E-01  5.3467E-01  4.0854E-05  2.1815E-01  2.2693E+00  5.4131E-03 -2.2692E+00
  3.6995E-01  5.4150E-01  4.0206E-05  2.1490E-01  2.2349E+00  5.2189E-03 -2.2347E+00
  3.7135E-01  5.4809E-01  3.9578E-05  2.1179E-01  2.2014E+00  4.9670E-03 -2.2013E+00
  3.7271E-01  5.5444E-01  3.8969E-05  2.0882E-01  2.1685E+00  4.6508E-03 -2.1684E+00
  3.7413E-01  5.6103E-01  3.8329E-05  2.0576E-01  2.1332E+00  4.2357E-03 -2.1332E+00
  3.7551E-01  5.6738E-01  3.7701E-05  2.0285E-01  2.0976E+00  3.7482E-03 -2.0975E+00
  3.7695E-01  5.7397E-01  3.7033E-05  1.9986E-01  2.0581E+00  3.1556E-03 -2.0580E+00
  3.7834E-01  5.8032E-01  3.6371E-05  1.9701E-01  2.0170E+00  2.5321E-03 -2.0170E+00
  3.7974E-01  5.8667E-01  3.5683E-05  1.9422E-01  1.9719E+00  2.0164E-03 -1.9719E+00
  3.8115E-01  5.9302E-01  3.4963E-05  1.9147E-01  1.9216E+00  2.0979E-03 -1.9216E+00
  3.8251E-01  5.9912E-01  3.4232E-05  1.8889E-01  1.8669E+00  3.0616E-03 -1.8669E+00
  3.8394E-01  6.0547E-01  3.3426E-05  1.8628E-01  1.8021E+00  4.6990E-03 -1.8020E+00
  3.8531E-01  6.1157E-01  3.2598E-05  1.8385E-01  1.7311E+00  6.6167E-03 -1.7308E+00
  3.8675E-01  6.1792E-01  3.1679E-05  1.8142E-01  1.6474E+00  8.7990E-03 -1.6468E+00
  3.8813E-01  6.2402E-01  3.0742E-05  1.7920E-01  1.5573E+00  1.0925E-02 -1.5564E+00
  3.8953E-01  6.3013E-01  2.9758E-05  1.7710E-01  1.4585E+00  1.2844E-02 -1.4572E+00
  3.9092E-01  6.3623E-01  2.8741E-05  1.7514E-01  1.3531E+00  1.4301E-02 -1.3513E+00
  3.9232E-01  6.4233E-01  2.7711E-05  1.7332E-01  1.2443E+00  1.5052E-02 -1.2422E+00
  3.9373E-01  6.4844E-01  2.6693E-05  1.7166E-01  1.1367E+00  1.4997E-02 -1.1343E+00
  3.9513E-01  6.5454E-01  2.5715E-05  1.7013E-01  1.0344E+00  1.4176E-02 -1.0321E+00
  3.9654E-01  6.6064E-01  2.4801E-05  1.6874E-01  9.4138E-01  1.2771E-02 -9.3930E-01
  3.9795E-01  6.6675E-01  2.3968E-05  1.6748E-01  8.6001E-01  1.1026E-02 -8.5830E-01
  3.9931E-01  6.7261E-01  2.3253E-05  1.6636E-01  7.9377E-01  9.2722E-03 -7.9245E-01
  4.0072E-01  6.7871E-01  2.2595E-05  1.6528E-01  7.3682E-01  7.5521E-03 -7.3587E-01
  4.0214E-01  6.8481E-01  2.2018E-05  1.6427E-01  6.9093E-01  6.0595E-03 -6.9027E-01
  4.0356E-01  6.9092E-01  2.1512E-05  1.6332E-01  6.5443E-01  4.8396E-03 -6.5398E-01
  4.0492E-01  6.9678E-01  2.1081E-05  1.6245E-01  6.2661E-01  3.9223E-03 -6.2630E-01
  4.0633E-01  7.0288E-01  2.0678E-05  1.6158E-01  6.0364E-01  3.2038E-03 -6.0343E-01
  4.0775E-01  7.0898E-01  2.0313E-05  1.6074E-01  5.8549E-01  2.6863E-03 -5.8534E-01
  4.0911E-01  7.1484E-01  1.9989E-05  1.5995E-01  5.7161E-01  2.3410E-03 -5.7149E-01
  4.1053E-01  7.2095E-01  1.9674E-05  1.5915E-01  5.6003E-01  2.1006E-03 -5.5993E-01
  4.1195E-01  7.2705E-01  1.9377E-05  1.5836E-01  5.5075E-01  1.9476E-03 -5.5066E-01
  4.1331E-01  7.3291E-01  1.9105E-05  1.5761E-01  5.4354E-01  1.8576E-03 -5.4345E-01
  4.1473E-01  7.3901E-01  1.8833E-05  1.5685E-01  5.3743E-01  1.8023E-03 -5.3735E-01
  4.1615E-01  7.4512E-01  1.8569E-05  1.5609E-01  5.3245E-01  1.7717E-03 -5.3237E-01
  4.1752E-01  7.5097E-01  1.8323E-05  1.5536E-01  5.2853E-01  1.7568E-03 -5.2845E-01
  4.1894E-01  7.5708E-01  1.8072E-05  1.5462E-01  5.2515E-01  1.7499E-03 -5.2507E-01
  4.2030E-01  7.6294E-01  1.7835E-05  1.5390E-01  5.2246E-01  1.7482E-03 -5.2238E-01
  4.2172E-01  7.6904E-01  1.7592E-05  1.5316E-01  5.2012E-01  1.7492E-03 -5.2004E-01
  4.2314E-01  7.7514E-01  1.7352E-05  1.5243E-01  5.1817E-01  1.7516E-03 -5.1809E-01
  4.2450E-01  7.8100E-01  1.7124E-05  1.5172E-01  5.1659E-01  1.7545E-03 -5.1651E-01
  4.2592E-01  7.8711E-01  1.6889E-05  1.5099E-01  5.1521E-01  1.7576E-03 -5.1512E-01
  4.2735E-01  7.9321E-01  1.6655E-05  1.5026E-01  5.1403E-01  1.7606E-03 -5.1394E-01
  4.2871E-01  7.9907E-01  1.6432E-05  1.4956E-01  5.1307E-01  1.7633E-03 -5.1298E-01
  4.3013E-01  8.0517E-01  1.6200E-05  1.4883E-01  5.1221E-01  1.7659E-03 -5.1212E-01
  4.3155E-01  8.1128E-01  1.5970E-05  1.4810E-01  5.1148E-01  1.7683E-03 -5.1138E-01
  4.3291E-01  8.1714E-01  1.5750E-05  1.4740E-01  5.1087E-01  1.7703E-03 -5.1078E-01
  4.3433E-01  8.2324E-01  1.5521E-05  1.4668E-01  5.1034E-01  1.7722E-03 -5.1024E-01
  4.3576E-01  8.2934E-01  1.5293E-05  1.4595E-01  5.0988E-01  1.7739E-03 -5.0979E-01
  4.3712E-01  8.3520E-01  1.5074E-05  1.4526E-01  5.0952E-01  1.7754E-03 -5.0942E-01
  4.3854E-01  8.4131E-01  1.4847E-05  1.4454E-01  5.0919E-01  1.7769E-03 -5.0909E-01
  4.3990E-01  8.4717E-01  1.4629E-05  1.4384E-01  5.0894E-01  1.7782E-03 -5.0884E-01
  4.4132E-01  8.5327E-01  1.4403E-05  1.4312E-01  5.0872E-01  1.7794E-03 -5.0862E-01
  4.4275E-01  8.5937E-01  1.4177E-05  1.4240E-01  5.0856E-01  1.7806E-03 -5.0846E-01
  4.4411E-01  8.6523E-01  1.3960E-05  1.4170E-01  5.0844E-01  1.7817E-03 -5.0834E-01
  4.4700E-01  8.7765E-01  1.3502E-05  1.4023E-01  5.0832E-01  1.7837E-03 -5.0822E-01
