  3.0830E-01  7.5437E-02  5.9032E-05  3.9950E-01  7.5348E-01  6.6651E-03 -7.3949E-01
  3.0971E-01  1.0888E-01  6.0051E-05  3.9792E-01  1.5119E+00  1.2660E-02 -1.4998E+00
  3.1110E-01  1.3427E-01  6.1037E-05  3.9539E-01  2.1191E+00  1.6528E-02 -2.1095E+00
  3.1251E-01  1.5576E-01  6.1908E-05  3.9205E-01  2.6105E+00  1.8737E-02 -2.6030E+00
  3.1391E-01  1.7456E-01  6.2595E-05  3.8814E-01  2.9855E+00  2.0035E-02 -2.9795E+00
  3.1532E-01  1.9165E-01  6.3105E-05  3.8373E-01  3.2682E+00  2.0276E-02 -3.2635E+00
  3.1672E-01  2.0727E-01  6.3428E-05  3.7900E-01  3.4732E+00  2.0054E-02 -3.4694E+00
  3.1811E-01  2.2168E-01  6.3581E-05  3.7408E-01  3.6152E+00  1.9521E-02 -3.6122E+00
  3.1951E-01  2.3535E-01  6.3587E-05  3.6895E-01  3.7113E+00  1.8805E-02 -3.7088E+00
  3.2091E-01  2.4829E-01  6.3461E-05  3.6370E-01  3.7702E+00  1.8010E-02 -3.7682E+00
  3.2230E-01  2.6050E-01  6.3226E-05  3.5844E-01  3.7998E+00  1.7157E-02 -3.7981E+00
  3.2373E-01  2.7246E-01  6.2885E-05  3.5302E-01  3.8067E+00  1.6247E-02 -3.8053E+00
  3.2512E-01  2.8369E-01  6.2467E-05  3.4772E-01  3.7953E+00  1.5352E-02 -3.7941E+00
  3.2651E-01  2.9443E-01  6.1981E-05  3.4248E-01  3.7700E+00  1.4476E-02 -3.7690E+00
  3.2791E-01  3.0493E-01  6.1430E-05  3.3723E-01  3.7333E+00  1.3629E-02 -3.7324E+00
  3.2932E-01  3.1518E-01  6.0822E-05  3.3200E-01  3.6877E+00  1.2821E-02 -3.6870E+00
  3.3070E-01  3.2495E-01  6.0185E-05  3.2693E-01  3.6368E+00  1.2086E-02 -3.6362E+00
  3.3212E-01  3.3471E-01  5.9495E-05  3.2179E-01  3.5799E+00  1.1384E-02 -3.5793E+00
  3.3351E-01  3.4399E-01  5.8796E-05  3.1687E-01  3.5211E+00  1.0750E-02 -3.5206E+00
  3.3493E-01  3.5327E-01  5.8057E-05  3.1191E-01  3.4587E+00  1.0152E-02 -3.4583E+00
  3.3631E-01  3.6206E-01  5.7325E-05  3.0720E-01  3.3971E+00  9.6203E-03 -3.3967E+00
  3.3771E-01  3.7085E-01  5.6566E-05  3.0247E-01  3.3335E+00  9.1259E-03 -3.3331E+00
  3.3911E-01  3.7939E-01  5.5804E-05  2.9787E-01  3.2704E+00  8.6845E-03 -3.2701E+00
  3.4053E-01  3.8794E-01  5.5022E-05  2.9327E-01  3.2066E+00  8.2817E-03 -3.2063E+00
  3.4193E-01  3.9624E-01  5.4247E-05  2.8881E-01  3.1443E+00  7.9295E-03 -3.1441E+00
  3.4332E-01  4.0429E-01  5.3482E-05  2.8449E-01  3.0841E+00  7.6228E-03 -3.0838E+00
  3.4473E-01  4.1235E-01  5.2707E-05  2.8019E-01  3.0242E+00  7.3495E-03 -3.0240E+00
  3.4611E-01  4.2016E-01  5.1949E-05  2.7603E-01  2.9668E+00  7.1155E-03 -2.9666E+00
  3.4752E-01  4.2798E-01  5.1185E-05  2.7190E-01  2.9103E+00  6.9091E-03 -2.9101E+00
  3.4894E-01  4.3579E-01  5.0417E-05  2.6779E-01  2.8548E+00  6.7284E-03 -2.8546E+00
  3.5034E-01  4.4336E-01  4.9672E-05  2.6383E-01  2.8022E+00  6.5756E-03 -2.8020E+00
  3.5171E-01  4.5068E-01  4.8950E-05  2.6002E-01  2.7524E+00  6.4470E-03 -2.7522E+00
  3.5310E-01  4.5801E-01  4.8229E-05  2.5624E-01  2.7039E+00  6.3369E-03 -2.7037E+00
  3.5450E-01  4.6533E-01  4.7509E-05  2.5248E-01  2.6566E+00  6.2444E-03 -2.6564E+00
  3.5592E-01  4.7265E-01  4.6792E-05  2.4874E-01  2.6106E+00  6.1673E-03 -2.6105E+00
  3.5731E-01  4.7973E-01  4.6101E-05  2.4516E-01  2.5675E+00  6.1037E-03 -2.5674E+00
  3.5871E-01  4.8681E-01  4.5413E-05  2.4159E-01  2.5257E+00  6.0444E-03 -2.5255E+00
  3.6012E-01  4.9389E-01  4.4729E-05  2.3806E-01  2.4850E+00  5.9834E-03 -2.4849E+00
  3.6155E-01  5.0097E-01  4.4048E-05  2.3454E-01  2.4455E+00  5.9155E-03 -2.4454E+00
  3.6293E-01  5.0781E-01  4.3393E-05  2.3117E-01  2.4083E+00  5.8411E-03 -2.4082E+00
  3.6433E-01  5.1465E-01  4.2741E-05  2.2782E-01  2.3720E+00  5.7569E-03 -2.3719E+00
  3.6575E-01  5.2148E-01  4.2091E-05  2.2450E-01  2.3364E+00  5.6616E-03 -2.3362E+00
  3.6712E-01  5.2807E-01  4.1466E-05  2.2132E-01  2.3026E+00  5.5520E-03 -2.3025E+00
  3.6850E-01  5.3467E-01  4.0841E-05  2.1815E-01  2.2693E+00  5.4129E-03 -2.2691E+00
  3.6995E-01  5.4150E-01  4.0193E-05  2.1490E-01  2.2348E+00  5.2187E-03 -2.2347E+00
  3.7135E-01  5.4809E-01  3.9565E-05  2.1179E-01  2.2014E+00  4.9668E-03 -2.2013E+00
  3.7271E-01  5.5444E-01  3.8955E-05  2.0882E-01  2.1685E+00  4.6506E-03 -2.1684E+00
  3.7413E-01  5.6103E-01  3.8315E-05  2.0576E-01  2.1332E+00  4.2356E-03 -2.1331E+00
  3.7551E-01  5.6738E-01  3.7687E-05  2.0285E-01  2.0975E+00  3.7480E-03 -2.0975E+00
  3.7695E-01  5.7397E-01  3.7019E-05  1.9986E-01  2.0581E+00  3.1554E-03 -2.0580E+00
  3.7834E-01  5.8032E-01  3.6356E-05  1.9702E-01  2.0170E+00  2.5319E-03 -2.0170E+00
  3.7974E-01  5.8667E-01  3.5668E-05  1.9422E-01  1.9719E+00  2.0163E-03 -1.9719E+00
  3.8115E-01  5.9302E-01  3.4948E-05  1.9147E-01  1.9216E+00  2.0979E-03 -1.9216E+00
  3.8251E-01  5.9912E-01  3.4217E-05  1.8889E-01  1.8669E+00  3.0618E-03 -1.8669E+00
  3.8394E-01  6.0547E-01  3.3410E-05  1.8628E-01  1.8021E+00  4.6992E-03 -1.8020E+00
  3.8531E-01  6.1157E-01  3.2583E-05  1.8385E-01  1.7311E+00  6.6170E-03 -1.7308E+00
  3.8675E-01  6.1792E-01  3.1664E-05  1.8142E-01  1.6473E+00  8.7993E-03 -1.6468E+00
  3.8813E-01  6.2402E-01  3.0726E-05  1.7920E-01  1.5572E+00  1.0925E-02 -1.5564E+00
  3.8953E-01  6.3013E-01  2.9742E-05  1.7710E-01  1.4585E+00  1.2845E-02 -1.4572E+00
  3.9092E-01  6.3623E-01  2.8725E-05  1.7514E-01  1.3530E+00  1.4301E-02 -1.3513E+00
  3.9232E-01  6.4233E-01  2.7694E-05  1.7332E-01  1.2443E+00  1.5053E-02 -1.2422E+00
  3.9373E-01  6.4844E-01  2.6676E-05  1.7166E-01  1.1366E+00  1.4998E-02 -1.1343E+00
  3.9513E-01  6.5454E-01  2.5698E-05  1.7013E-01  1.0344E+00  1.4176E-02 -1.0321E+00
  3.9654E-01  6.6064E-01  2.4783E-05  1.6875E-01  9.4137E-01  1.2771E-02 -9.3929E-01
  3.9795E-01  6.6675E-01  2.3950E-05  1.6748E-01  8.5999E-01  1.1026E-02 -8.5828E-01
  3.9931E-01  6.7261E-01  2.3235E-05  1.6636E-01  7.9376E-01  9.2724E-03 -7.9243E-01
  4.0072E-01  6.7871E-01  2.2577E-05  1.6528E-01  7.3680E-01  7.5523E-03 -7.3585E-01
  4.0214E-01  6.8481E-01  2.2000E-05  1.6427E-01  6.9091E-01  6.0596E-03 -6.9025E-01
  4.0356E-01  6.9092E-01  2.1494E-05  1.6332E-01  6.5441E-01  4.8397E-03 -6.5397E-01
  4.0492E-01  6.9678E-01  2.1062E-05  1.6245E-01  6.2660E-01  3.9224E-03 -6.2629E-01
  4.0633E-01  7.0288E-01  2.0659E-05  1.6158E-01  6.0363E-01  3.2038E-03 -6.0341E-01
  4.0775E-01  7.0898E-01  2.0293E-05  1.6074E-01  5.8548E-01  2.6863E-03 -5.8532E-01
  4.0911E-01  7.1484E-01  1.9968E-05  1.5995E-01  5.7159E-01  2.3408E-03 -5.7147E-01
  4.1053E-01  7.2095E-01  1.9653E-05  1.5915E-01  5.6001E-01  2.1004E-03 -5.5991E-01
  4.1195E-01  7.2705E-01  1.9355E-05  1.5836E-01  5.5073E-01  1.9474E-03 -5.5064E-01
  4.1331E-01  7.3291E-01  1.9082E-05  1.5762E-01  5.4352E-01  1.8573E-03 -5.4344E-01
  4.1473E-01  7.3901E-01  1.8809E-05  1.5685E-01  5.3741E-01  1.8020E-03 -5.3733E-01
  4.1615E-01  7.4512E-01  1.8545E-05  1.5609E-01  5.3243E-01  1.7714E-03 -5.3235E-01
  4.1752E-01  7.5097E-01  1.8298E-05  1.5537E-01  5.2851E-01  1.7565E-03 -5.2843E-01
  4.1894E-01  7.5708E-01  1.8046E-05  1.5462E-01  5.2513E-01  1.7496E-03 -5.2505E-01
  4.2030E-01  7.6294E-01  1.7809E-05  1.5390E-01  5.2244E-01  1.7479E-03 -5.2236E-01
  4.2172E-01  7.6904E-01  1.7565E-05  1.5316E-01  5.2011E-01  1.7489E-03 -5.2002E-01
  4.2314E-01  7.7514E-01  1.7325E-05  1.5243E-01  5.1815E-01  1.7512E-03 -5.1807E-01
  4.2450E-01  7.8100E-01  1.7096E-05  1.5172E-01  5.1658E-01  1.7541E-03 -5.1649E-01
  4.2592E-01  7.8711E-01  1.6860E-05  1.5099E-01  5.1519E-01  1.7573E-03 -5.1510E-01
  4.2735E-01  7.9321E-01  1.6625E-05  1.5026E-01  5.1401E-01  1.7603E-03 -5.1392E-01
  4.2871E-01  7.9907E-01  1.6401E-05  1.4956E-01  5.1305E-01  1.7630E-03 -5.1296E-01
  4.3013E-01  8.0517E-01  1.6169E-05  1.4883E-01  5.1219E-01  1.7656E-03 -5.1210E-01
  4.3155E-01  8.1128E-01  1.5938E-05  1.4810E-01  5.1146E-01  1.7679E-03 -5.1137E-01
  4.3291E-01  8.1714E-01  1.5717E-05  1.4741E-01  5.1086E-01  1.7700E-03 -5.1076E-01
  4.3433E-01  8.2324E-01  1.5487E-05  1.4668E-01  5.1032E-01  1.7719E-03 -5.1023E-01
  4.3576E-01  8.2934E-01  1.5258E-05  1.4596E-01  5.0987E-01  1.7736E-03 -5.0977E-01
  4.3712E-01  8.3520E-01  1.5039E-05  1.4526E-01  5.0950E-01  1.7751E-03 -5.0940E-01
  4.3854E-01  8.4131E-01  1.4811E-05  1.4454E-01  5.0917E-01  1.7765E-03 -5.0908E-01
  4.3990E-01  8.4717E-01  1.4592E-05  1.4384E-01  5.0892E-01  1.7778E-03 -5.0882E-01
  4.4132E-01  8.5327E-01  1.4365E-05  1.4312E-01  5.0870E-01  1.7791E-03 -5.0860E-01
  4.4275E-01  8.5937E-01  1.4138E-05  1.4240E-01  5.0854E-01  1.7803E-03 -5.0844E-01
  4.4411E-01  8.6523E-01  1.3921E-05  1.4171E-01  5.0842E-01  1.7814E-03 -5.0832E-01
  4.4700E-01  8.7765E-01  1.3461E-05  1.4024E-01  5.0830E-01  1.7834E-03 -5.0820E-01
