  3.0830E-01  7.5437E-02  4.5347E-05  3.9951E-01  7.5163E-01  6.7072E-03 -7.3742E-01
  3.0971E-01  1.0888E-01  4.7727E-05  3.9793E-01  1.5092E+00  1.2710E-02 -1.4970E+00
  3.1110E-01  1.3427E-01  5.0225E-05  3.9540E-01  2.1162E+00  1.6585E-02 -2.1064E+00
  3.1251E-01  1.5576E-01  5.2657E-05  3.9207E-01  2.6076E+00  1.8793E-02 -2.6000E+00
  3.1391E-01  1.7456E-01  5.4838E-05  3.8816E-01  2.9828E+00  2.0086E-02 -2.9767E+00
  3.1532E-01  1.9165E-01  5.6745E-05  3.8375E-01  3.2658E+00  2.0324E-02 -3.2610E+00
  3.1672E-01  2.0727E-01  5.8331E-05  3.7903E-01  3.4709E+00  2.0097E-02 -3.4671E+00
  3.1811E-01  2.2168E-01  5.9600E-05  3.7412E-01  3.6132E+00  1.9560E-02 -3.6101E+00
  3.1951E-01  2.3535E-01  6.0601E-05  3.6898E-01  3.7095E+00  1.8840E-02 -3.7070E+00
  3.2091E-01  2.4829E-01  6.1350E-05  3.6374E-01  3.7686E+00  1.8041E-02 -3.7666E+00
  3.2230E-01  2.6050E-01  6.1868E-05  3.5848E-01  3.7984E+00  1.7184E-02 -3.7967E+00
  3.2373E-01  2.7246E-01  6.2195E-05  3.5306E-01  3.8055E+00  1.6269E-02 -3.8041E+00
  3.2512E-01  2.8369E-01  6.2335E-05  3.4776E-01  3.7942E+00  1.5370E-02 -3.7930E+00
  3.2651E-01  2.9443E-01  6.2319E-05  3.4253E-01  3.7690E+00  1.4491E-02 -3.7680E+00
  3.2791E-01  3.0493E-01  6.2166E-05  3.3728E-01  3.7325E+00  1.3640E-02 -3.7316E+00
  3.2932E-01  3.1518E-01  6.1891E-05  3.3204E-01  3.6870E+00  1.2829E-02 -3.6863E+00
  3.3070E-01  3.2495E-01  6.1519E-05  3.2697E-01  3.6362E+00  1.2091E-02 -3.6356E+00
  3.3212E-01  3.3471E-01  6.1048E-05  3.2184E-01  3.5793E+00  1.1386E-02 -3.5788E+00
  3.3351E-01  3.4399E-01  6.0515E-05  3.1692E-01  3.5206E+00  1.0750E-02 -3.5202E+00
  3.3493E-01  3.5327E-01  5.9904E-05  3.1196E-01  3.4583E+00  1.0151E-02 -3.4579E+00
  3.3631E-01  3.6206E-01  5.9260E-05  3.0724E-01  3.3967E+00  9.6162E-03 -3.3963E+00
  3.3771E-01  3.7085E-01  5.8559E-05  3.0251E-01  3.3332E+00  9.1202E-03 -3.3328E+00
  3.3911E-01  3.7939E-01  5.7828E-05  2.9791E-01  3.2701E+00  8.6770E-03 -3.2698E+00
  3.4053E-01  3.8794E-01  5.7053E-05  2.9331E-01  3.2064E+00  8.2728E-03 -3.2061E+00
  3.4193E-01  3.9624E-01  5.6265E-05  2.8885E-01  3.1441E+00  7.9195E-03 -3.1439E+00
  3.4332E-01  4.0429E-01  5.5470E-05  2.8454E-01  3.0839E+00  7.6116E-03 -3.0836E+00
  3.4473E-01  4.1235E-01  5.4651E-05  2.8023E-01  3.0240E+00  7.3374E-03 -3.0238E+00
  3.4611E-01  4.2016E-01  5.3837E-05  2.7608E-01  2.9667E+00  7.1027E-03 -2.9665E+00
  3.4752E-01  4.2798E-01  5.3008E-05  2.7195E-01  2.9102E+00  6.8954E-03 -2.9100E+00
  3.4894E-01  4.3579E-01  5.2167E-05  2.6784E-01  2.8547E+00  6.7142E-03 -2.8545E+00
  3.5034E-01  4.4336E-01  5.1343E-05  2.6388E-01  2.8021E+00  6.5609E-03 -2.8019E+00
  3.5171E-01  4.5068E-01  5.0539E-05  2.6007E-01  2.7523E+00  6.4318E-03 -2.7522E+00
  3.5310E-01  4.5801E-01  4.9732E-05  2.5629E-01  2.7038E+00  6.3215E-03 -2.7036E+00
  3.5450E-01  4.6533E-01  4.8923E-05  2.5253E-01  2.6565E+00  6.2287E-03 -2.6563E+00
  3.5592E-01  4.7265E-01  4.8114E-05  2.4879E-01  2.6106E+00  6.1514E-03 -2.6104E+00
  3.5731E-01  4.7973E-01  4.7333E-05  2.4520E-01  2.5675E+00  6.0874E-03 -2.5673E+00
  3.5871E-01  4.8681E-01  4.6555E-05  2.4164E-01  2.5256E+00  6.0277E-03 -2.5255E+00
  3.6012E-01  4.9389E-01  4.5779E-05  2.3810E-01  2.4850E+00  5.9662E-03 -2.4848E+00
  3.6155E-01  5.0097E-01  4.5005E-05  2.3459E-01  2.4455E+00  5.8976E-03 -2.4453E+00
  3.6293E-01  5.0781E-01  4.4261E-05  2.3121E-01  2.4083E+00  5.8227E-03 -2.4081E+00
  3.6433E-01  5.1465E-01  4.3517E-05  2.2787E-01  2.3720E+00  5.7378E-03 -2.3718E+00
  3.6575E-01  5.2148E-01  4.2774E-05  2.2454E-01  2.3364E+00  5.6414E-03 -2.3362E+00
  3.6712E-01  5.2807E-01  4.2057E-05  2.2136E-01  2.3026E+00  5.5307E-03 -2.3025E+00
  3.6850E-01  5.3467E-01  4.1337E-05  2.1820E-01  2.2693E+00  5.3895E-03 -2.2691E+00
  3.6995E-01  5.4150E-01  4.0586E-05  2.1495E-01  2.2348E+00  5.1927E-03 -2.2347E+00
  3.7135E-01  5.4809E-01  3.9853E-05  2.1183E-01  2.2014E+00  4.9375E-03 -2.2013E+00
  3.7271E-01  5.5444E-01  3.9133E-05  2.0886E-01  2.1685E+00  4.6168E-03 -2.1684E+00
  3.7413E-01  5.6103E-01  3.8364E-05  2.0580E-01  2.1333E+00  4.1971E-03 -2.1332E+00
  3.7551E-01  5.6738E-01  3.7595E-05  2.0289E-01  2.0976E+00  3.7030E-03 -2.0975E+00
  3.7695E-01  5.7397E-01  3.6760E-05  1.9990E-01  2.0582E+00  3.1015E-03 -2.0581E+00
  3.7834E-01  5.8032E-01  3.5908E-05  1.9706E-01  2.0171E+00  2.4701E-03 -2.0171E+00
  3.7974E-01  5.8667E-01  3.4997E-05  1.9426E-01  1.9721E+00  1.9541E-03 -1.9721E+00
  3.8115E-01  5.9302E-01  3.4010E-05  1.9152E-01  1.9219E+00  2.0714E-03 -1.9218E+00
  3.8251E-01  5.9912E-01  3.2969E-05  1.8893E-01  1.8673E+00  3.0813E-03 -1.8672E+00
  3.8394E-01  6.0547E-01  3.1771E-05  1.8632E-01  1.8026E+00  4.7499E-03 -1.8025E+00
  3.8531E-01  6.1157E-01  3.0488E-05  1.8389E-01  1.7317E+00  6.6863E-03 -1.7314E+00
  3.8675E-01  6.1792E-01  2.9005E-05  1.8146E-01  1.6481E+00  8.8834E-03 -1.6475E+00
  3.8813E-01  6.2402E-01  2.7429E-05  1.7924E-01  1.5581E+00  1.1014E-02 -1.5572E+00
  3.8953E-01  6.3013E-01  2.5712E-05  1.7714E-01  1.4595E+00  1.2936E-02 -1.4581E+00
  3.9092E-01  6.3623E-01  2.3879E-05  1.7517E-01  1.3541E+00  1.4385E-02 -1.3523E+00
  3.9232E-01  6.4233E-01  2.1972E-05  1.7336E-01  1.2454E+00  1.5127E-02 -1.2433E+00
  3.9373E-01  6.4844E-01  2.0053E-05  1.7169E-01  1.1377E+00  1.5060E-02 -1.1354E+00
  3.9513E-01  6.5454E-01  1.8184E-05  1.7016E-01  1.0354E+00  1.4228E-02 -1.0331E+00
  3.9654E-01  6.6064E-01  1.6427E-05  1.6877E-01  9.4227E-01  1.2816E-02 -9.4017E-01
  3.9795E-01  6.6675E-01  1.4823E-05  1.6751E-01  8.6074E-01  1.1064E-02 -8.5902E-01
  3.9931E-01  6.7261E-01  1.3447E-05  1.6639E-01  7.9437E-01  9.3082E-03 -7.9304E-01
  4.0072E-01  6.7871E-01  1.2188E-05  1.6531E-01  7.3728E-01  7.5830E-03 -7.3632E-01
  4.0214E-01  6.8481E-01  1.1093E-05  1.6430E-01  6.9127E-01  6.0867E-03 -6.9060E-01
  4.0356E-01  6.9092E-01  1.0140E-05  1.6335E-01  6.5467E-01  4.8610E-03 -6.5421E-01
  4.0492E-01  6.9678E-01  9.3380E-06  1.6248E-01  6.2678E-01  3.9383E-03 -6.2646E-01
  4.0633E-01  7.0288E-01  8.5967E-06  1.6160E-01  6.0374E-01  3.2128E-03 -6.0352E-01
  4.0775E-01  7.0898E-01  7.9317E-06  1.6076E-01  5.8554E-01  2.6872E-03 -5.8538E-01
  4.0911E-01  7.1484E-01  7.3498E-06  1.5997E-01  5.7162E-01  2.3346E-03 -5.7150E-01
  4.1053E-01  7.2095E-01  6.7895E-06  1.5917E-01  5.6001E-01  2.0865E-03 -5.5991E-01
  4.1195E-01  7.2705E-01  6.2660E-06  1.5838E-01  5.5070E-01  1.9270E-03 -5.5061E-01
  4.1331E-01  7.3291E-01  5.7906E-06  1.5764E-01  5.4347E-01  1.8318E-03 -5.4339E-01
  4.1473E-01  7.3901E-01  5.3175E-06  1.5687E-01  5.3735E-01  1.7720E-03 -5.3727E-01
  4.1615E-01  7.4512E-01  4.8625E-06  1.5611E-01  5.3236E-01  1.7383E-03 -5.3228E-01
  4.1752E-01  7.5097E-01  4.4392E-06  1.5539E-01  5.2843E-01  1.7209E-03 -5.2835E-01
  4.1894E-01  7.5708E-01  4.0095E-06  1.5464E-01  5.2504E-01  1.7121E-03 -5.2496E-01
  4.2030E-01  7.6294E-01  3.6056E-06  1.5393E-01  5.2235E-01  1.7091E-03 -5.2227E-01
  4.2172E-01  7.6904E-01  3.1923E-06  1.5319E-01  5.2000E-01  1.7090E-03 -5.1992E-01
  4.2314E-01  7.7514E-01  2.7849E-06  1.5245E-01  5.1805E-01  1.7106E-03 -5.1797E-01
  4.2450E-01  7.8100E-01  2.3985E-06  1.5175E-01  5.1647E-01  1.7128E-03 -5.1639E-01
  4.2592E-01  7.8711E-01  1.9999E-06  1.5101E-01  5.1508E-01  1.7155E-03 -5.1499E-01
  4.2735E-01  7.9321E-01  1.6046E-06  1.5028E-01  5.1390E-01  1.7181E-03 -5.1381E-01
  4.2871E-01  7.9907E-01  1.2277E-06  1.4958E-01  5.1293E-01  1.7205E-03 -5.1285E-01
  4.3013E-01  8.0517E-01  8.3732E-07  1.4885E-01  5.1207E-01  1.7229E-03 -5.1199E-01
  4.3155E-01  8.1128E-01  4.4886E-07  1.4813E-01  5.1134E-01  1.7250E-03 -5.1125E-01
  4.3291E-01  8.1714E-01  7.7465E-08  1.4743E-01  5.1074E-01  1.7269E-03 -5.1065E-01
  4.3433E-01  8.2324E-01 -3.0803E-07  1.4671E-01  5.1020E-01  1.7286E-03 -5.1011E-01
  4.3576E-01  8.2934E-01 -6.9230E-07  1.4598E-01  5.0974E-01  1.7302E-03 -5.0965E-01
  4.3712E-01  8.3520E-01 -1.0602E-06  1.4529E-01  5.0937E-01  1.7316E-03 -5.0928E-01
  4.3854E-01  8.4131E-01 -1.4425E-06  1.4456E-01  5.0905E-01  1.7330E-03 -5.0896E-01
  4.3990E-01  8.4717E-01 -1.8087E-06  1.4387E-01  5.0880E-01  1.7342E-03 -5.0870E-01
  4.4132E-01  8.5327E-01 -2.1894E-06  1.4315E-01  5.0858E-01  1.7354E-03 -5.0849E-01
  4.4275E-01  8.5937E-01 -2.5694E-06  1.4242E-01  5.0841E-01  1.7365E-03 -5.0832E-01
  4.4411E-01  8.6523E-01 -2.9335E-06  1.4173E-01  5.0830E-01  1.7376E-03 -5.0820E-01
  4.4700E-01  8.7765E-01 -3.7033E-06  1.4026E-01  5.0818E-01  1.7394E-03 -5.0808E-01
