  3.0830E-01  7.5437E-02  4.5348E-05  3.9951E-01  7.5169E-01  6.7078E-03 -7.3748E-01
  3.0971E-01  1.0888E-01  4.7730E-05  3.9793E-01  1.5093E+00  1.2711E-02 -1.4971E+00
  3.1110E-01  1.3427E-01  5.0231E-05  3.9540E-01  2.1163E+00  1.6585E-02 -2.1066E+00
  3.1251E-01  1.5576E-01  5.2665E-05  3.9207E-01  2.6078E+00  1.8793E-02 -2.6002E+00
  3.1391E-01  1.7456E-01  5.4847E-05  3.8816E-01  2.9829E+00  2.0086E-02 -2.9769E+00
  3.1532E-01  1.9165E-01  5.6756E-05  3.8375E-01  3.2659E+00  2.0325E-02 -3.2611E+00
  3.1672E-01  2.0727E-01  5.8343E-05  3.7903E-01  3.4711E+00  2.0097E-02 -3.4673E+00
  3.1811E-01  2.2168E-01  5.9613E-05  3.7412E-01  3.6133E+00  1.9560E-02 -3.6103E+00
  3.1951E-01  2.3535E-01  6.0616E-05  3.6898E-01  3.7096E+00  1.8841E-02 -3.7071E+00
  3.2091E-01  2.4829E-01  6.1365E-05  3.6374E-01  3.7687E+00  1.8041E-02 -3.7667E+00
  3.2230E-01  2.6050E-01  6.1884E-05  3.5848E-01  3.7985E+00  1.7184E-02 -3.7968E+00
  3.2373E-01  2.7246E-01  6.2212E-05  3.5306E-01  3.8056E+00  1.6269E-02 -3.8042E+00
  3.2512E-01  2.8369E-01  6.2353E-05  3.4776E-01  3.7943E+00  1.5371E-02 -3.7932E+00
  3.2651E-01  2.9443E-01  6.2338E-05  3.4252E-01  3.7691E+00  1.4491E-02 -3.7681E+00
  3.2791E-01  3.0493E-01  6.2186E-05  3.3727E-01  3.7326E+00  1.3640E-02 -3.7317E+00
  3.2932E-01  3.1518E-01  6.1911E-05  3.3204E-01  3.6871E+00  1.2830E-02 -3.6864E+00
  3.3070E-01  3.2495E-01  6.1540E-05  3.2697E-01  3.6363E+00  1.2092E-02 -3.6357E+00
  3.3212E-01  3.3471E-01  6.1070E-05  3.2184E-01  3.5794E+00  1.1387E-02 -3.5788E+00
  3.3351E-01  3.4399E-01  6.0537E-05  3.1691E-01  3.5207E+00  1.0751E-02 -3.5202E+00
  3.3493E-01  3.5327E-01  5.9927E-05  3.1196E-01  3.4584E+00  1.0151E-02 -3.4580E+00
  3.3631E-01  3.6206E-01  5.9284E-05  3.0724E-01  3.3968E+00  9.6165E-03 -3.3964E+00
  3.3771E-01  3.7085E-01  5.8583E-05  3.0251E-01  3.3332E+00  9.1205E-03 -3.3329E+00
  3.3911E-01  3.7939E-01  5.7852E-05  2.9791E-01  3.2702E+00  8.6774E-03 -3.2699E+00
  3.4053E-01  3.8794E-01  5.7078E-05  2.9331E-01  3.2064E+00  8.2731E-03 -3.2061E+00
  3.4193E-01  3.9624E-01  5.6290E-05  2.8885E-01  3.1442E+00  7.9199E-03 -3.1440E+00
  3.4332E-01  4.0429E-01  5.5496E-05  2.8453E-01  3.0839E+00  7.6119E-03 -3.0837E+00
  3.4473E-01  4.1235E-01  5.4678E-05  2.8023E-01  3.0241E+00  7.3377E-03 -3.0239E+00
  3.4611E-01  4.2016E-01  5.3865E-05  2.7608E-01  2.9667E+00  7.1031E-03 -2.9665E+00
  3.4752E-01  4.2798E-01  5.3036E-05  2.7194E-01  2.9102E+00  6.8958E-03 -2.9100E+00
  3.4894E-01  4.3579E-01  5.2195E-05  2.6783E-01  2.8548E+00  6.7145E-03 -2.8546E+00
  3.5034E-01  4.4336E-01  5.1372E-05  2.6387E-01  2.8021E+00  6.5612E-03 -2.8020E+00
  3.5171E-01  4.5068E-01  5.0569E-05  2.6007E-01  2.7524E+00  6.4322E-03 -2.7522E+00
  3.5310E-01  4.5801E-01  4.9762E-05  2.5628E-01  2.7038E+00  6.3219E-03 -2.7037E+00
  3.5450E-01  4.6533E-01  4.8954E-05  2.5252E-01  2.6566E+00  6.2291E-03 -2.6564E+00
  3.5592E-01  4.7265E-01  4.8145E-05  2.4879E-01  2.6106E+00  6.1517E-03 -2.6105E+00
  3.5731E-01  4.7973E-01  4.7365E-05  2.4520E-01  2.5675E+00  6.0878E-03 -2.5674E+00
  3.5871E-01  4.8681E-01  4.6587E-05  2.4164E-01  2.5257E+00  6.0281E-03 -2.5255E+00
  3.6012E-01  4.9389E-01  4.5811E-05  2.3810E-01  2.4850E+00  5.9666E-03 -2.4849E+00
  3.6155E-01  5.0097E-01  4.5038E-05  2.3458E-01  2.4455E+00  5.8980E-03 -2.4454E+00
  3.6293E-01  5.0781E-01  4.4294E-05  2.3121E-01  2.4083E+00  5.8231E-03 -2.4082E+00
  3.6433E-01  5.1465E-01  4.3551E-05  2.2786E-01  2.3720E+00  5.7382E-03 -2.3719E+00
  3.6575E-01  5.2148E-01  4.2808E-05  2.2454E-01  2.3364E+00  5.6418E-03 -2.3362E+00
  3.6712E-01  5.2807E-01  4.2091E-05  2.2136E-01  2.3026E+00  5.5311E-03 -2.3025E+00
  3.6850E-01  5.3467E-01  4.1372E-05  2.1819E-01  2.2693E+00  5.3899E-03 -2.2692E+00
  3.6995E-01  5.4150E-01  4.0622E-05  2.1494E-01  2.2349E+00  5.1932E-03 -2.2347E+00
  3.7135E-01  5.4809E-01  3.9889E-05  2.1183E-01  2.2014E+00  4.9380E-03 -2.2013E+00
  3.7271E-01  5.5444E-01  3.9169E-05  2.0886E-01  2.1686E+00  4.6173E-03 -2.1685E+00
  3.7413E-01  5.6103E-01  3.8400E-05  2.0580E-01  2.1333E+00  4.1976E-03 -2.1332E+00
  3.7551E-01  5.6738E-01  3.7632E-05  2.0289E-01  2.0977E+00  3.7036E-03 -2.0976E+00
  3.7695E-01  5.7397E-01  3.6797E-05  1.9989E-01  2.0582E+00  3.1021E-03 -2.0582E+00
  3.7834E-01  5.8032E-01  3.5946E-05  1.9705E-01  2.0172E+00  2.4707E-03 -2.0171E+00
  3.7974E-01  5.8667E-01  3.5036E-05  1.9426E-01  1.9721E+00  1.9544E-03 -1.9721E+00
  3.8115E-01  5.9302E-01  3.4049E-05  1.9151E-01  1.9219E+00  2.0711E-03 -1.9219E+00
  3.8251E-01  5.9912E-01  3.3009E-05  1.8893E-01  1.8673E+00  3.0805E-03 -1.8673E+00
  3.8394E-01  6.0547E-01  3.1811E-05  1.8631E-01  1.8027E+00  4.7489E-03 -1.8025E+00
  3.8531E-01  6.1157E-01  3.0529E-05  1.8388E-01  1.7317E+00  6.6850E-03 -1.7314E+00
  3.8675E-01  6.1792E-01  2.9046E-05  1.8145E-01  1.6481E+00  8.8821E-03 -1.6476E+00
  3.8813E-01  6.2402E-01  2.7470E-05  1.7923E-01  1.5582E+00  1.1013E-02 -1.5573E+00
  3.8953E-01  6.3013E-01  2.5754E-05  1.7713E-01  1.4595E+00  1.2935E-02 -1.4582E+00
  3.9092E-01  6.3623E-01  2.3922E-05  1.7517E-01  1.3542E+00  1.4384E-02 -1.3524E+00
  3.9232E-01  6.4233E-01  2.2016E-05  1.7335E-01  1.2455E+00  1.5126E-02 -1.2434E+00
  3.9373E-01  6.4844E-01  2.0097E-05  1.7168E-01  1.1378E+00  1.5059E-02 -1.1354E+00
  3.9513E-01  6.5454E-01  1.8230E-05  1.7016E-01  1.0355E+00  1.4227E-02 -1.0332E+00
  3.9654E-01  6.6064E-01  1.6473E-05  1.6877E-01  9.4233E-01  1.2816E-02 -9.4024E-01
  3.9795E-01  6.6675E-01  1.4870E-05  1.6750E-01  8.6081E-01  1.1063E-02 -8.5909E-01
  3.9931E-01  6.7261E-01  1.3495E-05  1.6638E-01  7.9444E-01  9.3074E-03 -7.9310E-01
  4.0072E-01  6.7871E-01  1.2237E-05  1.6530E-01  7.3735E-01  7.5823E-03 -7.3639E-01
  4.0214E-01  6.8481E-01  1.1142E-05  1.6429E-01  6.9134E-01  6.0862E-03 -6.9067E-01
  4.0356E-01  6.9092E-01  1.0191E-05  1.6334E-01  6.5474E-01  4.8607E-03 -6.5429E-01
  4.0492E-01  6.9678E-01  9.3891E-06  1.6247E-01  6.2685E-01  3.9381E-03 -6.2654E-01
  4.0633E-01  7.0288E-01  8.6484E-06  1.6160E-01  6.0382E-01  3.2129E-03 -6.0360E-01
  4.0775E-01  7.0898E-01  7.9839E-06  1.6075E-01  5.8561E-01  2.6874E-03 -5.8546E-01
  4.0911E-01  7.1484E-01  7.4025E-06  1.5997E-01  5.7170E-01  2.3351E-03 -5.7157E-01
  4.1053E-01  7.2095E-01  6.8427E-06  1.5916E-01  5.6008E-01  2.0872E-03 -5.5998E-01
  4.1195E-01  7.2705E-01  6.3195E-06  1.5838E-01  5.5078E-01  1.9279E-03 -5.5069E-01
  4.1331E-01  7.3291E-01  5.8444E-06  1.5763E-01  5.4355E-01  1.8329E-03 -5.4347E-01
  4.1473E-01  7.3901E-01  5.3717E-06  1.5686E-01  5.3742E-01  1.7732E-03 -5.3735E-01
  4.1615E-01  7.4512E-01  4.9169E-06  1.5611E-01  5.3244E-01  1.7395E-03 -5.3236E-01
  4.1752E-01  7.5097E-01  4.4938E-06  1.5538E-01  5.2850E-01  1.7222E-03 -5.2842E-01
  4.1894E-01  7.5708E-01  4.0643E-06  1.5463E-01  5.2512E-01  1.7135E-03 -5.2504E-01
  4.2030E-01  7.6294E-01  3.6607E-06  1.5392E-01  5.2242E-01  1.7105E-03 -5.2234E-01
  4.2172E-01  7.6904E-01  3.2476E-06  1.5318E-01  5.2008E-01  1.7104E-03 -5.2000E-01
  4.2314E-01  7.7514E-01  2.8405E-06  1.5244E-01  5.1813E-01  1.7120E-03 -5.1804E-01
  4.2450E-01  7.8100E-01  2.4542E-06  1.5174E-01  5.1655E-01  1.7143E-03 -5.1646E-01
  4.2592E-01  7.8711E-01  2.0558E-06  1.5101E-01  5.1515E-01  1.7169E-03 -5.1507E-01
  4.2735E-01  7.9321E-01  1.6607E-06  1.5027E-01  5.1397E-01  1.7195E-03 -5.1389E-01
  4.2871E-01  7.9907E-01  1.2840E-06  1.4957E-01  5.1301E-01  1.7220E-03 -5.1292E-01
  4.3013E-01  8.0517E-01  8.9382E-07  1.4885E-01  5.1215E-01  1.7243E-03 -5.1206E-01
  4.3155E-01  8.1128E-01  5.0555E-07  1.4812E-01  5.1142E-01  1.7264E-03 -5.1133E-01
  4.3291E-01  8.1714E-01  1.3434E-07  1.4742E-01  5.1081E-01  1.7283E-03 -5.1073E-01
  4.3433E-01  8.2324E-01 -2.5097E-07  1.4670E-01  5.1028E-01  1.7301E-03 -5.1019E-01
  4.3576E-01  8.2934E-01 -6.3506E-07  1.4597E-01  5.0982E-01  1.7317E-03 -5.0973E-01
  4.3712E-01  8.3520E-01 -1.0028E-06  1.4528E-01  5.0945E-01  1.7331E-03 -5.0936E-01
  4.3854E-01  8.4131E-01 -1.3849E-06  1.4455E-01  5.0913E-01  1.7344E-03 -5.0904E-01
  4.3990E-01  8.4717E-01 -1.7509E-06  1.4386E-01  5.0887E-01  1.7357E-03 -5.0878E-01
  4.4132E-01  8.5327E-01 -2.1314E-06  1.4314E-01  5.0866E-01  1.7368E-03 -5.0856E-01
  4.4275E-01  8.5937E-01 -2.5112E-06  1.4242E-01  5.0849E-01  1.7380E-03 -5.0839E-01
  4.4411E-01  8.6523E-01 -2.8752E-06  1.4172E-01  5.0837E-01  1.7390E-03 -5.0828E-01
  4.4700E-01  8.7765E-01 -3.6446E-06  1.4025E-01  5.0825E-01  1.7408E-03 -5.0815E-01
