  3.0830E-01  7.5437E-02  4.5347E-05  3.9951E-01  7.5162E-01  6.7071E-03 -7.3741E-01
  3.0971E-01  1.0888E-01  4.7727E-05  3.9793E-01  1.5091E+00  1.2709E-02 -1.4970E+00
  3.1110E-01  1.3427E-01  5.0226E-05  3.9540E-01  2.1161E+00  1.6584E-02 -2.1064E+00
  3.1251E-01  1.5576E-01  5.2658E-05  3.9207E-01  2.6076E+00  1.8793E-02 -2.6000E+00
  3.1391E-01  1.7456E-01  5.4838E-05  3.8816E-01  2.9827E+00  2.0085E-02 -2.9767E+00
  3.1532E-01  1.9165E-01  5.6746E-05  3.8376E-01  3.2657E+00  2.0324E-02 -3.2610E+00
  3.1672E-01  2.0727E-01  5.8331E-05  3.7903E-01  3.4709E+00  2.0097E-02 -3.4671E+00
  3.1811E-01  2.2168E-01  5.9600E-05  3.7412E-01  3.6132E+00  1.9560E-02 -3.6101E+00
  3.1951E-01  2.3535E-01  6.0601E-05  3.6898E-01  3.7095E+00  1.8840E-02 -3.7070E+00
  3.2091E-01  2.4829E-01  6.1349E-05  3.6374E-01  3.7686E+00  1.8041E-02 -3.7665E+00
  3.2230E-01  2.6050E-01  6.1868E-05  3.5848E-01  3.7984E+00  1.7184E-02 -3.7967E+00
  3.2373E-01  2.7246E-01  6.2194E-05  3.5306E-01  3.8055E+00  1.6269E-02 -3.8041E+00
  3.2512E-01  2.8369E-01  6.2334E-05  3.4776E-01  3.7942E+00  1.5370E-02 -3.7930E+00
  3.2651E-01  2.9443E-01  6.2319E-05  3.4253E-01  3.7690E+00  1.4491E-02 -3.7680E+00
  3.2791E-01  3.0493E-01  6.2166E-05  3.3728E-01  3.7324E+00  1.3640E-02 -3.7316E+00
  3.2932E-01  3.1518E-01  6.1890E-05  3.3204E-01  3.6870E+00  1.2829E-02 -3.6863E+00
  3.3070E-01  3.2495E-01  6.1519E-05  3.2697E-01  3.6362E+00  1.2091E-02 -3.6356E+00
  3.3212E-01  3.3471E-01  6.1047E-05  3.2184E-01  3.5793E+00  1.1386E-02 -3.5787E+00
  3.3351E-01  3.4399E-01  6.0514E-05  3.1692E-01  3.5206E+00  1.0750E-02 -3.5201E+00
  3.3493E-01  3.5327E-01  5.9903E-05  3.1196E-01  3.4583E+00  1.0150E-02 -3.4579E+00
  3.3631E-01  3.6206E-01  5.9259E-05  3.0724E-01  3.3967E+00  9.6161E-03 -3.3963E+00
  3.3771E-01  3.7085E-01  5.8558E-05  3.0251E-01  3.3331E+00  9.1201E-03 -3.3328E+00
  3.3911E-01  3.7939E-01  5.7827E-05  2.9791E-01  3.2701E+00  8.6770E-03 -3.2698E+00
  3.4053E-01  3.8794E-01  5.7052E-05  2.9331E-01  3.2063E+00  8.2727E-03 -3.2061E+00
  3.4193E-01  3.9624E-01  5.6263E-05  2.8885E-01  3.1441E+00  7.9195E-03 -3.1439E+00
  3.4332E-01  4.0429E-01  5.5469E-05  2.8454E-01  3.0839E+00  7.6115E-03 -3.0836E+00
  3.4473E-01  4.1235E-01  5.4649E-05  2.8023E-01  3.0240E+00  7.3373E-03 -3.0238E+00
  3.4611E-01  4.2016E-01  5.3836E-05  2.7608E-01  2.9667E+00  7.1026E-03 -2.9665E+00
  3.4752E-01  4.2798E-01  5.3007E-05  2.7195E-01  2.9102E+00  6.8954E-03 -2.9100E+00
  3.4894E-01  4.3579E-01  5.2165E-05  2.6784E-01  2.8547E+00  6.7141E-03 -2.8545E+00
  3.5034E-01  4.4336E-01  5.1341E-05  2.6388E-01  2.8021E+00  6.5608E-03 -2.8019E+00
  3.5171E-01  4.5068E-01  5.0538E-05  2.6007E-01  2.7523E+00  6.4318E-03 -2.7521E+00
  3.5310E-01  4.5801E-01  4.9730E-05  2.5629E-01  2.7038E+00  6.3214E-03 -2.7036E+00
  3.5450E-01  4.6533E-01  4.8921E-05  2.5253E-01  2.6565E+00  6.2286E-03 -2.6563E+00
  3.5592E-01  4.7265E-01  4.8112E-05  2.4879E-01  2.6106E+00  6.1513E-03 -2.6104E+00
  3.5731E-01  4.7973E-01  4.7331E-05  2.4520E-01  2.5675E+00  6.0874E-03 -2.5673E+00
  3.5871E-01  4.8681E-01  4.6553E-05  2.4164E-01  2.5256E+00  6.0276E-03 -2.5255E+00
  3.6012E-01  4.9389E-01  4.5777E-05  2.3810E-01  2.4850E+00  5.9661E-03 -2.4848E+00
  3.6155E-01  5.0097E-01  4.5003E-05  2.3459E-01  2.4455E+00  5.8976E-03 -2.4453E+00
  3.6293E-01  5.0781E-01  4.4258E-05  2.3122E-01  2.4083E+00  5.8226E-03 -2.4081E+00
  3.6433E-01  5.1465E-01  4.3515E-05  2.2787E-01  2.3719E+00  5.7377E-03 -2.3718E+00
  3.6575E-01  5.2148E-01  4.2772E-05  2.2454E-01  2.3363E+00  5.6414E-03 -2.3362E+00
  3.6712E-01  5.2807E-01  4.2054E-05  2.2136E-01  2.3026E+00  5.5307E-03 -2.3024E+00
  3.6850E-01  5.3467E-01  4.1335E-05  2.1820E-01  2.2692E+00  5.3894E-03 -2.2691E+00
  3.6995E-01  5.4150E-01  4.0584E-05  2.1495E-01  2.2348E+00  5.1926E-03 -2.2347E+00
  3.7135E-01  5.4809E-01  3.9850E-05  2.1184E-01  2.2014E+00  4.9374E-03 -2.2013E+00
  3.7271E-01  5.5444E-01  3.9130E-05  2.0886E-01  2.1685E+00  4.6167E-03 -2.1684E+00
  3.7413E-01  5.6103E-01  3.8361E-05  2.0581E-01  2.1333E+00  4.1970E-03 -2.1332E+00
  3.7551E-01  5.6738E-01  3.7593E-05  2.0289E-01  2.0976E+00  3.7029E-03 -2.0975E+00
  3.7695E-01  5.7397E-01  3.6757E-05  1.9990E-01  2.0582E+00  3.1014E-03 -2.0581E+00
  3.7834E-01  5.8032E-01  3.5906E-05  1.9706E-01  2.0171E+00  2.4700E-03 -2.0171E+00
  3.7974E-01  5.8667E-01  3.4995E-05  1.9426E-01  1.9721E+00  1.9540E-03 -1.9721E+00
  3.8115E-01  5.9302E-01  3.4007E-05  1.9152E-01  1.9219E+00  2.0714E-03 -1.9218E+00
  3.8251E-01  5.9912E-01  3.2967E-05  1.8893E-01  1.8673E+00  3.0815E-03 -1.8672E+00
  3.8394E-01  6.0547E-01  3.1768E-05  1.8632E-01  1.8026E+00  4.7502E-03 -1.8024E+00
  3.8531E-01  6.1157E-01  3.0486E-05  1.8389E-01  1.7317E+00  6.6865E-03 -1.7314E+00
  3.8675E-01  6.1792E-01  2.9002E-05  1.8146E-01  1.6481E+00  8.8837E-03 -1.6475E+00
  3.8813E-01  6.2402E-01  2.7426E-05  1.7924E-01  1.5581E+00  1.1015E-02 -1.5572E+00
  3.8953E-01  6.3013E-01  2.5709E-05  1.7714E-01  1.4594E+00  1.2937E-02 -1.4581E+00
  3.9092E-01  6.3623E-01  2.3876E-05  1.7518E-01  1.3541E+00  1.4385E-02 -1.3523E+00
  3.9232E-01  6.4233E-01  2.1969E-05  1.7336E-01  1.2454E+00  1.5127E-02 -1.2433E+00
  3.9373E-01  6.4844E-01  2.0050E-05  1.7169E-01  1.1377E+00  1.5061E-02 -1.1354E+00
  3.9513E-01  6.5454E-01  1.8181E-05  1.7016E-01  1.0354E+00  1.4228E-02 -1.0331E+00
  3.9654E-01  6.6064E-01  1.6424E-05  1.6877E-01  9.4225E-01  1.2817E-02 -9.4016E-01
  3.9795E-01  6.6675E-01  1.4819E-05  1.6751E-01  8.6073E-01  1.1064E-02 -8.5901E-01
  3.9931E-01  6.7261E-01  1.3444E-05  1.6639E-01  7.9435E-01  9.3084E-03 -7.9302E-01
  4.0072E-01  6.7871E-01  1.2184E-05  1.6531E-01  7.3726E-01  7.5832E-03 -7.3630E-01
  4.0214E-01  6.8481E-01  1.1089E-05  1.6430E-01  6.9125E-01  6.0869E-03 -6.9059E-01
  4.0356E-01  6.9092E-01  1.0137E-05  1.6335E-01  6.5465E-01  4.8612E-03 -6.5420E-01
  4.0492E-01  6.9678E-01  9.3344E-06  1.6248E-01  6.2676E-01  3.9384E-03 -6.2645E-01
  4.0633E-01  7.0288E-01  8.5931E-06  1.6161E-01  6.0373E-01  3.2128E-03 -6.0351E-01
  4.0775E-01  7.0898E-01  7.9281E-06  1.6076E-01  5.8552E-01  2.6871E-03 -5.8537E-01
  4.0911E-01  7.1484E-01  7.3464E-06  1.5998E-01  5.7160E-01  2.3346E-03 -5.7148E-01
  4.1053E-01  7.2095E-01  6.7863E-06  1.5917E-01  5.5999E-01  2.0864E-03 -5.5989E-01
  4.1195E-01  7.2705E-01  6.2629E-06  1.5839E-01  5.5069E-01  1.9269E-03 -5.5060E-01
  4.1331E-01  7.3291E-01  5.7877E-06  1.5764E-01  5.4346E-01  1.8317E-03 -5.4338E-01
  4.1473E-01  7.3901E-01  5.3148E-06  1.5687E-01  5.3733E-01  1.7718E-03 -5.3725E-01
  4.1615E-01  7.4512E-01  4.8601E-06  1.5611E-01  5.3234E-01  1.7381E-03 -5.3227E-01
  4.1752E-01  7.5097E-01  4.4369E-06  1.5539E-01  5.2841E-01  1.7207E-03 -5.2833E-01
  4.1894E-01  7.5708E-01  4.0074E-06  1.5464E-01  5.2502E-01  1.7119E-03 -5.2495E-01
  4.2030E-01  7.6294E-01  3.6038E-06  1.5393E-01  5.2233E-01  1.7089E-03 -5.2225E-01
  4.2172E-01  7.6904E-01  3.1907E-06  1.5319E-01  5.1999E-01  1.7088E-03 -5.1991E-01
  4.2314E-01  7.7514E-01  2.7836E-06  1.5245E-01  5.1803E-01  1.7103E-03 -5.1795E-01
  4.2450E-01  7.8100E-01  2.3974E-06  1.5175E-01  5.1645E-01  1.7126E-03 -5.1637E-01
  4.2592E-01  7.8711E-01  1.9991E-06  1.5102E-01  5.1506E-01  1.7152E-03 -5.1498E-01
  4.2735E-01  7.9321E-01  1.6041E-06  1.5028E-01  5.1388E-01  1.7178E-03 -5.1380E-01
  4.2871E-01  7.9907E-01  1.2274E-06  1.4958E-01  5.1291E-01  1.7203E-03 -5.1283E-01
  4.3013E-01  8.0517E-01  8.3726E-07  1.4886E-01  5.1206E-01  1.7226E-03 -5.1197E-01
  4.3155E-01  8.1128E-01  4.4906E-07  1.4813E-01  5.1132E-01  1.7247E-03 -5.1123E-01
  4.3291E-01  8.1714E-01  7.7916E-08  1.4743E-01  5.1072E-01  1.7266E-03 -5.1063E-01
  4.3433E-01  8.2324E-01 -3.0732E-07  1.4671E-01  5.1018E-01  1.7284E-03 -5.1009E-01
  4.3576E-01  8.2934E-01 -6.9133E-07  1.4598E-01  5.0973E-01  1.7300E-03 -5.0964E-01
  4.3712E-01  8.3520E-01 -1.0590E-06  1.4529E-01  5.0936E-01  1.7314E-03 -5.0927E-01
  4.3854E-01  8.4131E-01 -1.4410E-06  1.4457E-01  5.0903E-01  1.7327E-03 -5.0894E-01
  4.3990E-01  8.4717E-01 -1.8070E-06  1.4387E-01  5.0878E-01  1.7339E-03 -5.0868E-01
  4.4132E-01  8.5327E-01 -2.1874E-06  1.4315E-01  5.0856E-01  1.7351E-03 -5.0847E-01
  4.4275E-01  8.5937E-01 -2.5671E-06  1.4243E-01  5.0840E-01  1.7363E-03 -5.0830E-01
  4.4411E-01  8.6523E-01 -2.9310E-06  1.4173E-01  5.0828E-01  1.7373E-03 -5.0818E-01
  4.4700E-01  8.7765E-01 -3.7002E-06  1.4026E-01  5.0816E-01  1.7391E-03 -5.0806E-01
