  3.0830E-01  7.5437E-02  5.9035E-05  3.9950E-01  7.5386E-01  6.6682E-03 -7.3985E-01
  3.0971E-01  1.0888E-01  6.0062E-05  3.9792E-01  1.5126E+00  1.2666E-02 -1.5006E+00
  3.1110E-01  1.3427E-01  6.1060E-05  3.9538E-01  2.1200E+00  1.6532E-02 -2.1103E+00
  3.1251E-01  1.5576E-01  6.1942E-05  3.9205E-01  2.6114E+00  1.8740E-02 -2.6039E+00
  3.1391E-01  1.7456E-01  6.2641E-05  3.8813E-01  2.9864E+00  2.0037E-02 -2.9804E+00
  3.1532E-01  1.9165E-01  6.3161E-05  3.8372E-01  3.2691E+00  2.0277E-02 -3.2644E+00
  3.1672E-01  2.0727E-01  6.3492E-05  3.7900E-01  3.4740E+00  2.0055E-02 -3.4702E+00
  3.1811E-01  2.2168E-01  6.3653E-05  3.7408E-01  3.6160E+00  1.9522E-02 -3.6129E+00
  3.1951E-01  2.3535E-01  6.3666E-05  3.6894E-01  3.7120E+00  1.8806E-02 -3.7095E+00
  3.2091E-01  2.4829E-01  6.3547E-05  3.6369E-01  3.7709E+00  1.8011E-02 -3.7688E+00
  3.2230E-01  2.6050E-01  6.3318E-05  3.5843E-01  3.8005E+00  1.7158E-02 -3.7988E+00
  3.2373E-01  2.7246E-01  6.2982E-05  3.5301E-01  3.8074E+00  1.6248E-02 -3.8060E+00
  3.2512E-01  2.8369E-01  6.2570E-05  3.4771E-01  3.7959E+00  1.5353E-02 -3.7947E+00
  3.2651E-01  2.9443E-01  6.2090E-05  3.4247E-01  3.7705E+00  1.4477E-02 -3.7695E+00
  3.2791E-01  3.0493E-01  6.1544E-05  3.3722E-01  3.7338E+00  1.3630E-02 -3.7330E+00
  3.2932E-01  3.1518E-01  6.0941E-05  3.3198E-01  3.6883E+00  1.2822E-02 -3.6875E+00
  3.3070E-01  3.2495E-01  6.0309E-05  3.2691E-01  3.6373E+00  1.2087E-02 -3.6367E+00
  3.3212E-01  3.3471E-01  5.9624E-05  3.2178E-01  3.5803E+00  1.1385E-02 -3.5798E+00
  3.3351E-01  3.4399E-01  5.8929E-05  3.1686E-01  3.5216E+00  1.0751E-02 -3.5211E+00
  3.3493E-01  3.5327E-01  5.8194E-05  3.1190E-01  3.4592E+00  1.0154E-02 -3.4588E+00
  3.3631E-01  3.6206E-01  5.7467E-05  3.0718E-01  3.3975E+00  9.6215E-03 -3.3971E+00
  3.3771E-01  3.7085E-01  5.6711E-05  3.0245E-01  3.3339E+00  9.1271E-03 -3.3335E+00
  3.3911E-01  3.7939E-01  5.5953E-05  2.9785E-01  3.2708E+00  8.6857E-03 -3.2705E+00
  3.4053E-01  3.8794E-01  5.5175E-05  2.9325E-01  3.2070E+00  8.2829E-03 -3.2067E+00
  3.4193E-01  3.9624E-01  5.4404E-05  2.8879E-01  3.1447E+00  7.9307E-03 -3.1445E+00
  3.4332E-01  4.0429E-01  5.3642E-05  2.8447E-01  3.0844E+00  7.6240E-03 -3.0842E+00
  3.4472E-01  4.1235E-01  5.2871E-05  2.8017E-01  3.0245E+00  7.3507E-03 -3.0243E+00
  3.4611E-01  4.2016E-01  5.2116E-05  2.7601E-01  2.9672E+00  7.1167E-03 -2.9669E+00
  3.4752E-01  4.2798E-01  5.1356E-05  2.7188E-01  2.9106E+00  6.9103E-03 -2.9104E+00
  3.4894E-01  4.3579E-01  5.0592E-05  2.6777E-01  2.8551E+00  6.7296E-03 -2.8550E+00
  3.5034E-01  4.4336E-01  4.9850E-05  2.6381E-01  2.8025E+00  6.5768E-03 -2.8023E+00
  3.5171E-01  4.5068E-01  4.9131E-05  2.6000E-01  2.7527E+00  6.4482E-03 -2.7526E+00
  3.5310E-01  4.5801E-01  4.8413E-05  2.5622E-01  2.7042E+00  6.3381E-03 -2.7040E+00
  3.5450E-01  4.6533E-01  4.7696E-05  2.5246E-01  2.6569E+00  6.2456E-03 -2.6567E+00
  3.5592E-01  4.7265E-01  4.6982E-05  2.4872E-01  2.6109E+00  6.1685E-03 -2.6108E+00
  3.5731E-01  4.7973E-01  4.6294E-05  2.4513E-01  2.5678E+00  6.1049E-03 -2.5677E+00
  3.5871E-01  4.8681E-01  4.5609E-05  2.4157E-01  2.5260E+00  6.0455E-03 -2.5258E+00
  3.6012E-01  4.9389E-01  4.4928E-05  2.3803E-01  2.4853E+00  5.9846E-03 -2.4852E+00
  3.6155E-01  5.0097E-01  4.4250E-05  2.3452E-01  2.4458E+00  5.9166E-03 -2.4457E+00
  3.6293E-01  5.0781E-01  4.3598E-05  2.3114E-01  2.4086E+00  5.8422E-03 -2.4085E+00
  3.6433E-01  5.1465E-01  4.2948E-05  2.2780E-01  2.3723E+00  5.7581E-03 -2.3721E+00
  3.6575E-01  5.2148E-01  4.2301E-05  2.2447E-01  2.3367E+00  5.6628E-03 -2.3365E+00
  3.6712E-01  5.2807E-01  4.1679E-05  2.2129E-01  2.3029E+00  5.5533E-03 -2.3028E+00
  3.6850E-01  5.3467E-01  4.1057E-05  2.1813E-01  2.2695E+00  5.4142E-03 -2.2694E+00
  3.6995E-01  5.4150E-01  4.0411E-05  2.1488E-01  2.2351E+00  5.2201E-03 -2.2350E+00
  3.7135E-01  5.4809E-01  3.9786E-05  2.1176E-01  2.2016E+00  4.9683E-03 -2.2015E+00
  3.7271E-01  5.5444E-01  3.9179E-05  2.0879E-01  2.1688E+00  4.6522E-03 -2.1687E+00
  3.7413E-01  5.6103E-01  3.8541E-05  2.0573E-01  2.1335E+00  4.2372E-03 -2.1334E+00
  3.7551E-01  5.6738E-01  3.7915E-05  2.0282E-01  2.0978E+00  3.7498E-03 -2.0977E+00
  3.7695E-01  5.7397E-01  3.7250E-05  1.9983E-01  2.0583E+00  3.1571E-03 -2.0583E+00
  3.7834E-01  5.8032E-01  3.6590E-05  1.9699E-01  2.0172E+00  2.5331E-03 -2.0172E+00
  3.7974E-01  5.8667E-01  3.5905E-05  1.9419E-01  1.9722E+00  2.0158E-03 -1.9721E+00
  3.8115E-01  5.9302E-01  3.5187E-05  1.9144E-01  1.9219E+00  2.0942E-03 -1.9218E+00
  3.8251E-01  5.9912E-01  3.4460E-05  1.8886E-01  1.8672E+00  3.0560E-03 -1.8672E+00
  3.8394E-01  6.0547E-01  3.3656E-05  1.8625E-01  1.8024E+00  4.6923E-03 -1.8023E+00
  3.8531E-01  6.1157E-01  3.2832E-05  1.8382E-01  1.7314E+00  6.6094E-03 -1.7311E+00
  3.8675E-01  6.1792E-01  3.1917E-05  1.8139E-01  1.6477E+00  8.7915E-03 -1.6471E+00
  3.8813E-01  6.2402E-01  3.0983E-05  1.7917E-01  1.5576E+00  1.0917E-02 -1.5567E+00
  3.8953E-01  6.3013E-01  3.0003E-05  1.7707E-01  1.4588E+00  1.2837E-02 -1.4575E+00
  3.9092E-01  6.3623E-01  2.8990E-05  1.7511E-01  1.3534E+00  1.4294E-02 -1.3517E+00
  3.9232E-01  6.4233E-01  2.7964E-05  1.7329E-01  1.2447E+00  1.5046E-02 -1.2426E+00
  3.9372E-01  6.4844E-01  2.6950E-05  1.7162E-01  1.1370E+00  1.4992E-02 -1.1347E+00
  3.9513E-01  6.5454E-01  2.5977E-05  1.7010E-01  1.0348E+00  1.4171E-02 -1.0325E+00
  3.9654E-01  6.6064E-01  2.5067E-05  1.6871E-01  9.4175E-01  1.2766E-02 -9.3967E-01
  3.9795E-01  6.6675E-01  2.4239E-05  1.6744E-01  8.6038E-01  1.1021E-02 -8.5867E-01
  3.9931E-01  6.7261E-01  2.3528E-05  1.6632E-01  7.9415E-01  9.2676E-03 -7.9283E-01
  4.0072E-01  6.7871E-01  2.2875E-05  1.6524E-01  7.3721E-01  7.5480E-03 -7.3626E-01
  4.0214E-01  6.8481E-01  2.2303E-05  1.6424E-01  6.9133E-01  6.0559E-03 -6.9067E-01
  4.0355E-01  6.9092E-01  2.1802E-05  1.6328E-01  6.5483E-01  4.8367E-03 -6.5439E-01
  4.0492E-01  6.9678E-01  2.1376E-05  1.6241E-01  6.2702E-01  3.9203E-03 -6.2671E-01
  4.0633E-01  7.0288E-01  2.0979E-05  1.6154E-01  6.0406E-01  3.2027E-03 -6.0384E-01
  4.0775E-01  7.0898E-01  2.0618E-05  1.6070E-01  5.8591E-01  2.6862E-03 -5.8575E-01
  4.0911E-01  7.1484E-01  2.0300E-05  1.5991E-01  5.7203E-01  2.3418E-03 -5.7191E-01
  4.1053E-01  7.2095E-01  1.9991E-05  1.5911E-01  5.6045E-01  2.1023E-03 -5.6035E-01
  4.1195E-01  7.2705E-01  1.9700E-05  1.5832E-01  5.5117E-01  1.9500E-03 -5.5108E-01
  4.1331E-01  7.3291E-01  1.9434E-05  1.5757E-01  5.4396E-01  1.8605E-03 -5.4388E-01
  4.1473E-01  7.3901E-01  1.9168E-05  1.5681E-01  5.3785E-01  1.8057E-03 -5.3777E-01
  4.1615E-01  7.4512E-01  1.8911E-05  1.5605E-01  5.3288E-01  1.7754E-03 -5.3280E-01
  4.1752E-01  7.5097E-01  1.8671E-05  1.5532E-01  5.2895E-01  1.7607E-03 -5.2887E-01
  4.1894E-01  7.5708E-01  1.8426E-05  1.5457E-01  5.2558E-01  1.7540E-03 -5.2549E-01
  4.2036E-01  7.6318E-01  1.8186E-05  1.5383E-01  5.2278E-01  1.7524E-03 -5.2270E-01
  4.2172E-01  7.6904E-01  1.7959E-05  1.5312E-01  5.2055E-01  1.7535E-03 -5.2047E-01
  4.2314E-01  7.7514E-01  1.7726E-05  1.5238E-01  5.1860E-01  1.7560E-03 -5.1852E-01
  4.2450E-01  7.8100E-01  1.7504E-05  1.5167E-01  5.1702E-01  1.7589E-03 -5.1694E-01
  4.2592E-01  7.8711E-01  1.7275E-05  1.5094E-01  5.1563E-01  1.7621E-03 -5.1555E-01
  4.2734E-01  7.9321E-01  1.7048E-05  1.5021E-01  5.1446E-01  1.7651E-03 -5.1437E-01
  4.2871E-01  7.9907E-01  1.6831E-05  1.4951E-01  5.1349E-01  1.7679E-03 -5.1340E-01
  4.3013E-01  8.0517E-01  1.6606E-05  1.4878E-01  5.1264E-01  1.7705E-03 -5.1255E-01
  4.3155E-01  8.1128E-01  1.6382E-05  1.4805E-01  5.1191E-01  1.7728E-03 -5.1181E-01
  4.3291E-01  8.1714E-01  1.6168E-05  1.4736E-01  5.1130E-01  1.7749E-03 -5.1121E-01
  4.3433E-01  8.2324E-01  1.5946E-05  1.4663E-01  5.1077E-01  1.7768E-03 -5.1067E-01
  4.3575E-01  8.2934E-01  1.5724E-05  1.4590E-01  5.1031E-01  1.7785E-03 -5.1022E-01
  4.3712E-01  8.3520E-01  1.5512E-05  1.4521E-01  5.0995E-01  1.7801E-03 -5.0985E-01
  4.3854E-01  8.4131E-01  1.5291E-05  1.4448E-01  5.0962E-01  1.7815E-03 -5.0952E-01
  4.3990E-01  8.4717E-01  1.5080E-05  1.4379E-01  5.0937E-01  1.7828E-03 -5.0927E-01
  4.4132E-01  8.5327E-01  1.4860E-05  1.4307E-01  5.0915E-01  1.7841E-03 -5.0905E-01
  4.4274E-01  8.5937E-01  1.4640E-05  1.4234E-01  5.0899E-01  1.7852E-03 -5.0888E-01
  4.4411E-01  8.6523E-01  1.4430E-05  1.4165E-01  5.0887E-01  1.7863E-03 -5.0877E-01
  4.4700E-01  8.7765E-01  1.3985E-05  1.4018E-01  5.0875E-01  1.7883E-03 -5.0864E-01
