  3.0830E-01  7.5464E-02  4.2208E-05  3.9970E-01  5.6722E-01  8.9607E-03 -5.3292E-01
  3.0972E-01  1.0916E-01  4.0001E-05  3.9841E-01  1.2997E+00  1.5828E-02 -1.2778E+00
  3.1112E-01  1.3455E-01  3.7931E-05  3.9618E-01  1.9024E+00  2.0340E-02 -1.8862E+00
  3.1253E-01  1.5603E-01  3.5905E-05  3.9316E-01  2.3953E+00  2.3103E-02 -2.3829E+00
  3.1391E-01  1.7458E-01  3.3846E-05  3.8959E-01  2.7697E+00  2.4892E-02 -2.7597E+00
  3.1532E-01  1.9167E-01  3.1620E-05  3.8549E-01  3.0581E+00  2.5739E-02 -3.0500E+00
  3.1672E-01  2.0730E-01  2.9249E-05  3.8106E-01  3.2689E+00  2.6121E-02 -3.2621E+00
  3.1813E-01  2.2195E-01  2.6699E-05  3.7634E-01  3.4188E+00  2.6225E-02 -3.4131E+00
  3.1954E-01  2.3562E-01  2.4018E-05  3.7148E-01  3.5198E+00  2.6166E-02 -3.5148E+00
  3.2091E-01  2.4832E-01  2.1262E-05  3.6659E-01  3.5826E+00  2.6035E-02 -3.5782E+00
  3.2230E-01  2.6052E-01  1.8370E-05  3.6159E-01  3.6172E+00  2.5856E-02 -3.6132E+00
  3.2376E-01  2.7273E-01  1.5242E-05  3.5632E-01  3.6289E+00  2.5644E-02 -3.6253E+00
  3.2515E-01  2.8396E-01  1.2157E-05  3.5126E-01  3.6215E+00  2.5446E-02 -3.6182E+00
  3.2654E-01  2.9470E-01  9.0261E-06  3.4627E-01  3.5999E+00  2.5268E-02 -3.5968E+00
  3.2791E-01  3.0496E-01  5.8806E-06  3.4137E-01  3.5677E+00  2.5124E-02 -3.5647E+00
  3.2932E-01  3.1521E-01  2.5892E-06  3.3637E-01  3.5257E+00  2.5014E-02 -3.5229E+00
  3.3070E-01  3.2498E-01 -6.7376E-07  3.3152E-01  3.4780E+00  2.4944E-02 -3.4753E+00
  3.3212E-01  3.3474E-01 -4.0539E-06  3.2661E-01  3.4241E+00  2.4905E-02 -3.4215E+00
  3.3351E-01  3.4402E-01 -7.3662E-06  3.2191E-01  3.3682E+00  2.4895E-02 -3.3656E+00
  3.3493E-01  3.5330E-01 -1.0770E-05  3.1717E-01  3.3085E+00  2.4911E-02 -3.3059E+00
  3.3631E-01  3.6208E-01 -1.4073E-05  3.1266E-01  3.2492E+00  2.4948E-02 -3.2466E+00
  3.3771E-01  3.7087E-01 -1.7445E-05  3.0814E-01  3.1879E+00  2.5006E-02 -3.1853E+00
  3.3915E-01  3.7966E-01 -2.0880E-05  3.0362E-01  3.1251E+00  2.5083E-02 -3.1226E+00
  3.4053E-01  3.8796E-01 -2.4178E-05  2.9935E-01  3.0651E+00  2.5169E-02 -3.0625E+00
  3.4193E-01  3.9626E-01 -2.7522E-05  2.9509E-01  3.0046E+00  2.5269E-02 -3.0021E+00
  3.4336E-01  4.0457E-01 -3.0907E-05  2.9084E-01  2.9443E+00  2.5380E-02 -2.9417E+00
  3.4472E-01  4.1238E-01 -3.4126E-05  2.8686E-01  2.8878E+00  2.5492E-02 -2.8852E+00
  3.4611E-01  4.2019E-01 -3.7374E-05  2.8290E-01  2.8319E+00  2.5611E-02 -2.8293E+00
  3.4752E-01  4.2800E-01 -4.0646E-05  2.7896E-01  2.7768E+00  2.5735E-02 -2.7742E+00
  3.4894E-01  4.3582E-01 -4.3939E-05  2.7504E-01  2.7227E+00  2.5861E-02 -2.7200E+00
  3.5039E-01  4.4363E-01 -4.7249E-05  2.7115E-01  2.6697E+00  2.5991E-02 -2.6670E+00
  3.5176E-01  4.5095E-01 -5.0365E-05  2.6752E-01  2.6212E+00  2.6113E-02 -2.6184E+00
  3.5315E-01  4.5828E-01 -5.3490E-05  2.6392E-01  2.5738E+00  2.6237E-02 -2.5710E+00
  3.5455E-01  4.6560E-01 -5.6623E-05  2.6035E-01  2.5277E+00  2.6362E-02 -2.5248E+00
  3.5597E-01  4.7292E-01 -5.9761E-05  2.5679E-01  2.4828E+00  2.6486E-02 -2.4799E+00
  3.5731E-01  4.7976E-01 -6.2692E-05  2.5350E-01  2.4422E+00  2.6601E-02 -2.4392E+00
  3.5876E-01  4.8708E-01 -6.5834E-05  2.5000E-01  2.4000E+00  2.6721E-02 -2.3969E+00
  3.6012E-01  4.9392E-01 -6.8767E-05  2.4676E-01  2.3617E+00  2.6829E-02 -2.3586E+00
  3.6159E-01  5.0124E-01 -7.1911E-05  2.4331E-01  2.3218E+00  2.6939E-02 -2.3186E+00
  3.6298E-01  5.0808E-01 -7.4845E-05  2.4011E-01  2.2855E+00  2.7036E-02 -2.2823E+00
  3.6438E-01  5.1492E-01 -7.7781E-05  2.3694E-01  2.2501E+00  2.7130E-02 -2.2468E+00
  3.6580E-01  5.2175E-01 -8.0718E-05  2.3379E-01  2.2153E+00  2.7218E-02 -2.2120E+00
  3.6712E-01  5.2810E-01 -8.3448E-05  2.3089E-01  2.1835E+00  2.7293E-02 -2.1801E+00
  3.6855E-01  5.3494E-01 -8.6393E-05  2.2779E-01  2.1497E+00  2.7364E-02 -2.1462E+00
  3.7000E-01  5.4177E-01 -8.9346E-05  2.2471E-01  2.1159E+00  2.7419E-02 -2.1124E+00
  3.7135E-01  5.4812E-01 -9.2100E-05  2.2188E-01  2.0843E+00  2.7457E-02 -2.0807E+00
  3.7271E-01  5.5447E-01 -9.4871E-05  2.1907E-01  2.0520E+00  2.7481E-02 -2.0483E+00
  3.7418E-01  5.6130E-01 -9.7884E-05  2.1607E-01  2.0157E+00  2.7495E-02 -2.0120E+00
  3.7556E-01  5.6765E-01 -1.0072E-04  2.1333E-01  1.9802E+00  2.7501E-02 -1.9764E+00
  3.7694E-01  5.7400E-01 -1.0360E-04  2.1061E-01  1.9422E+00  2.7505E-02 -1.9384E+00
  3.7834E-01  5.8035E-01 -1.0654E-04  2.0794E-01  1.9009E+00  2.7514E-02 -1.8970E+00
  3.7974E-01  5.8669E-01 -1.0956E-04  2.0531E-01  1.8554E+00  2.7549E-02 -1.8513E+00
  3.8115E-01  5.9304E-01 -1.1269E-04  2.0274E-01  1.8042E+00  2.7642E-02 -1.8000E+00
  3.8257E-01  5.9939E-01 -1.1595E-04  2.0023E-01  1.7458E+00  2.7863E-02 -1.7414E+00
  3.8399E-01  6.0574E-01 -1.1937E-04  1.9779E-01  1.6787E+00  2.8278E-02 -1.6740E+00
  3.8531E-01  6.1160E-01 -1.2271E-04  1.9563E-01  1.6079E+00  2.8876E-02 -1.6027E+00
  3.8675E-01  6.1794E-01 -1.2655E-04  1.9339E-01  1.5207E+00  2.9774E-02 -1.5149E+00
  3.8819E-01  6.2429E-01 -1.3065E-04  1.9127E-01  1.4225E+00  3.0888E-02 -1.4158E+00
  3.8952E-01  6.3015E-01 -1.3467E-04  1.8945E-01  1.3228E+00  3.1999E-02 -1.3150E+00
  3.9098E-01  6.3650E-01 -1.3927E-04  1.8762E-01  1.2073E+00  3.3059E-02 -1.1981E+00
  3.9232E-01  6.4236E-01 -1.4371E-04  1.8609E-01  1.0970E+00  3.3702E-02 -1.0864E+00
  3.9378E-01  6.4871E-01 -1.4868E-04  1.8459E-01  9.7855E-01  3.3879E-02 -9.6651E-01
  3.9513E-01  6.5457E-01 -1.5335E-04  1.8335E-01  8.7460E-01  3.3578E-02 -8.6129E-01
  3.9660E-01  6.6091E-01 -1.5843E-04  1.8217E-01  7.7208E-01  3.2902E-02 -7.5751E-01
  3.9795E-01  6.6677E-01 -1.6308E-04  1.8120E-01  6.8926E-01  3.2121E-02 -6.7361E-01
  3.9931E-01  6.7263E-01 -1.6768E-04  1.8034E-01  6.1881E-01  3.1367E-02 -6.0208E-01
  4.0078E-01  6.7898E-01 -1.7257E-04  1.7950E-01  5.5607E-01  3.0680E-02 -5.3812E-01
  4.0214E-01  6.8484E-01 -1.7699E-04  1.7880E-01  5.0945E-01  3.0209E-02 -4.9032E-01
  4.0360E-01  6.9114E-01 -1.8167E-04  1.7812E-01  4.6956E-01  2.9858E-02 -4.4912E-01
  4.0496E-01  6.9700E-01 -1.8597E-04  1.7753E-01  4.4024E-01  2.9653E-02 -4.1860E-01
  4.0632E-01  7.0286E-01 -1.9021E-04  1.7697E-01  4.1689E-01  2.9529E-02 -3.9406E-01
  4.0780E-01  7.0921E-01 -1.9477E-04  1.7641E-01  3.9687E-01  2.9457E-02 -3.7281E-01
  4.0916E-01  7.1507E-01 -1.9896E-04  1.7591E-01  3.8217E-01  2.9432E-02 -3.5705E-01
  4.1052E-01  7.2093E-01 -2.0312E-04  1.7544E-01  3.7029E-01  2.9432E-02 -3.4419E-01
  4.1200E-01  7.2727E-01 -2.0763E-04  1.7494E-01  3.5990E-01  2.9451E-02 -3.3281E-01
  4.1336E-01  7.3313E-01 -2.1178E-04  1.7449E-01  3.5210E-01  2.9481E-02 -3.2418E-01
  4.1472E-01  7.3899E-01 -2.1593E-04  1.7405E-01  3.4566E-01  2.9518E-02 -3.1696E-01
  4.1620E-01  7.4534E-01 -2.2042E-04  1.7359E-01  3.3989E-01  2.9564E-02 -3.1041E-01
  4.1756E-01  7.5120E-01 -2.2457E-04  1.7317E-01  3.3544E-01  2.9609E-02 -3.0531E-01
  4.1892E-01  7.5706E-01 -2.2873E-04  1.7276E-01  3.3168E-01  2.9658E-02 -3.0093E-01
  4.2040E-01  7.6340E-01 -2.3323E-04  1.7231E-01  3.2823E-01  2.9712E-02 -2.9684E-01
  4.2176E-01  7.6926E-01 -2.3740E-04  1.7191E-01  3.2551E-01  2.9763E-02 -2.9356E-01
  4.2313E-01  7.7512E-01 -2.4157E-04  1.7151E-01  3.2313E-01  2.9815E-02 -2.9066E-01
  4.2460E-01  7.8145E-01 -2.4609E-04  1.7109E-01  3.2090E-01  2.9872E-02 -2.8788E-01
  4.2596E-01  7.8731E-01 -2.5028E-04  1.7070E-01  3.1908E-01  2.9925E-02 -2.8557E-01
  4.2733E-01  7.9317E-01 -2.5447E-04  1.7031E-01  3.1746E-01  2.9978E-02 -2.8347E-01
  4.2880E-01  7.9949E-01 -2.5901E-04  1.6989E-01  3.1590E-01  3.0035E-02 -2.8141E-01
  4.3016E-01  8.0535E-01 -2.6323E-04  1.6951E-01  3.1459E-01  3.0088E-02 -2.7965E-01
  4.3153E-01  8.1121E-01 -2.6745E-04  1.6913E-01  3.1340E-01  3.0140E-02 -2.7802E-01
  4.3300E-01  8.1754E-01 -2.7201E-04  1.6872E-01  3.1223E-01  3.0197E-02 -2.7637E-01
  4.3436E-01  8.2340E-01 -2.7625E-04  1.6835E-01  3.1124E-01  3.0249E-02 -2.7495E-01
  4.3573E-01  8.2926E-01 -2.8050E-04  1.6797E-01  3.1031E-01  3.0300E-02 -2.7360E-01
  4.3720E-01  8.3558E-01 -2.8509E-04  1.6757E-01  3.0939E-01  3.0356E-02 -2.7223E-01
  4.3856E-01  8.4144E-01 -2.8935E-04  1.6720E-01  3.0860E-01  3.0408E-02 -2.7102E-01
  4.3993E-01  8.4730E-01 -2.9362E-04  1.6683E-01  3.0787E-01  3.0459E-02 -2.6987E-01
  4.4140E-01  8.5363E-01 -2.9823E-04  1.6643E-01  3.0712E-01  3.0513E-02 -2.6868E-01
  4.4276E-01  8.5948E-01 -3.0252E-04  1.6607E-01  3.0648E-01  3.0564E-02 -2.6763E-01
  4.4413E-01  8.6534E-01 -3.0681E-04  1.6570E-01  3.0588E-01  3.0614E-02 -2.6662E-01
  4.4700E-01  8.7768E-01 -3.1588E-04  1.6494E-01  3.0475E-01  3.0718E-02 -2.6464E-01
