  3.0831E-01  6.9568E-02  4.7909E-05  3.9932E-01  1.2535E+00  3.7948E-02 -8.8043E-01
  3.0972E-01  1.0521E-01  3.1261E-05  3.9760E-01  1.9025E+00  7.1518E-02 -1.5433E+00
  3.1111E-01  1.3109E-01  1.3606E-05  3.9509E-01  2.3910E+00  9.3827E-02 -2.0832E+00
  3.1252E-01  1.5306E-01 -4.0365E-06  3.9183E-01  2.7777E+00  1.0778E-01 -2.5248E+00
  3.1391E-01  1.7211E-01 -2.0456E-05  3.8807E-01  3.0712E+00  1.1530E-01 -2.8651E+00
  3.1530E-01  1.8920E-01 -3.5383E-05  3.8391E-01  3.2924E+00  1.1806E-01 -3.1255E+00
  3.1673E-01  2.0531E-01 -4.9168E-05  3.7930E-01  3.4597E+00  1.1769E-01 -3.3249E+00
  3.1813E-01  2.1996E-01 -6.1130E-05  3.7455E-01  3.5759E+00  1.1521E-01 -3.4662E+00
  3.1952E-01  2.3363E-01 -7.1613E-05  3.6966E-01  3.6536E+00  1.1149E-01 -3.5636E+00
  3.2094E-01  2.4681E-01 -8.0966E-05  3.6455E-01  3.7016E+00  1.0691E-01 -3.6275E+00
  3.2232E-01  2.5902E-01 -8.8892E-05  3.5951E-01  3.7238E+00  1.0203E-01 -3.6621E+00
  3.2371E-01  2.7074E-01 -9.5794E-05  3.5442E-01  3.7268E+00  9.6936E-02 -3.6751E+00
  3.2515E-01  2.8246E-01 -1.0198E-04  3.4911E-01  3.7135E+00  9.1575E-02 -3.6702E+00
  3.2653E-01  2.9320E-01 -1.0702E-04  3.4406E-01  3.6885E+00  8.6540E-02 -3.6518E+00
  3.2795E-01  3.0394E-01 -1.1146E-04  3.3887E-01  3.6527E+00  8.1491E-02 -3.6217E+00
  3.2936E-01  3.1420E-01 -1.1514E-04  3.3380E-01  3.6099E+00  7.6738E-02 -3.5833E+00
  3.3073E-01  3.2396E-01 -1.1818E-04  3.2888E-01  3.5621E+00  7.2336E-02 -3.5392E+00
  3.3215E-01  3.3373E-01 -1.2076E-04  3.2389E-01  3.5087E+00  6.8101E-02 -3.4889E+00
  3.3353E-01  3.4301E-01 -1.2283E-04  3.1910E-01  3.4536E+00  6.4269E-02 -3.4363E+00
  3.3494E-01  3.5228E-01 -1.2454E-04  3.1427E-01  3.3950E+00  6.0648E-02 -3.3798E+00
  3.3631E-01  3.6107E-01 -1.2586E-04  3.0966E-01  3.3369E+00  5.7429E-02 -3.3235E+00
  3.3771E-01  3.6986E-01 -1.2691E-04  3.0504E-01  3.2769E+00  5.4430E-02 -3.2650E+00
  3.3914E-01  3.7865E-01 -1.2771E-04  3.0040E-01  3.2156E+00  5.1659E-02 -3.2050E+00
  3.4051E-01  3.8695E-01 -1.2826E-04  2.9602E-01  3.1570E+00  4.9258E-02 -3.1473E+00
  3.4191E-01  3.9525E-01 -1.2863E-04  2.9165E-01  3.0979E+00  4.7069E-02 -3.0891E+00
  3.4334E-01  4.0355E-01 -1.2885E-04  2.8728E-01  3.0388E+00  4.5092E-02 -3.0307E+00
  3.4478E-01  4.1185E-01 -1.2892E-04  2.8292E-01  2.9799E+00  4.3322E-02 -2.9724E+00
  3.4616E-01  4.1967E-01 -1.2887E-04  2.7883E-01  2.9250E+00  4.1838E-02 -2.9180E+00
  3.4757E-01  4.2748E-01 -1.2873E-04  2.7476E-01  2.8707E+00  4.0525E-02 -2.8641E+00
  3.4899E-01  4.3529E-01 -1.2852E-04  2.7071E-01  2.8173E+00  3.9371E-02 -2.8110E+00
  3.5034E-01  4.4261E-01 -1.2825E-04  2.6693E-01  2.7681E+00  3.8423E-02 -2.7621E+00
  3.5170E-01  4.4994E-01 -1.2794E-04  2.6318E-01  2.7199E+00  3.7592E-02 -2.7141E+00
  3.5318E-01  4.5775E-01 -1.2756E-04  2.5919E-01  2.6696E+00  3.6816E-02 -2.6640E+00
  3.5458E-01  4.6508E-01 -1.2717E-04  2.5548E-01  2.6235E+00  3.6172E-02 -2.6181E+00
  3.5599E-01  4.7240E-01 -1.2675E-04  2.5179E-01  2.5786E+00  3.5590E-02 -2.5733E+00
  3.5733E-01  4.7924E-01 -1.2633E-04  2.4837E-01  2.5376E+00  3.5084E-02 -2.5324E+00
  3.5877E-01  4.8656E-01 -1.2586E-04  2.4473E-01  2.4947E+00  3.4558E-02 -2.4896E+00
  3.6013E-01  4.9340E-01 -1.2540E-04  2.4136E-01  2.4556E+00  3.4059E-02 -2.4506E+00
  3.6150E-01  5.0023E-01 -1.2492E-04  2.3800E-01  2.4173E+00  3.3520E-02 -2.4124E+00
  3.6299E-01  5.0756E-01 -1.2437E-04  2.3444E-01  2.3770E+00  3.2854E-02 -2.3722E+00
  3.6439E-01  5.1439E-01 -1.2381E-04  2.3113E-01  2.3399E+00  3.2103E-02 -2.3352E+00
  3.6580E-01  5.2123E-01 -1.2320E-04  2.2785E-01  2.3030E+00  3.1172E-02 -2.2986E+00
  3.6711E-01  5.2758E-01 -1.2258E-04  2.2483E-01  2.2687E+00  3.0094E-02 -2.2645E+00
  3.6855E-01  5.3441E-01 -1.2181E-04  2.2160E-01  2.2315E+00  2.8645E-02 -2.2277E+00
  3.6999E-01  5.4125E-01 -1.2093E-04  2.1840E-01  2.1936E+00  2.6831E-02 -2.1902E+00
  3.7134E-01  5.4759E-01 -1.1996E-04  2.1546E-01  2.1573E+00  2.4766E-02 -2.1543E+00
  3.7280E-01  5.5443E-01 -1.1872E-04  2.1233E-01  2.1164E+00  2.2112E-02 -2.1139E+00
  3.7416E-01  5.6078E-01 -1.1734E-04  2.0945E-01  2.0761E+00  1.9346E-02 -2.0742E+00
  3.7554E-01  5.6713E-01 -1.1567E-04  2.0662E-01  2.0332E+00  1.6658E-02 -2.0318E+00
  3.7692E-01  5.7347E-01 -1.1365E-04  2.0382E-01  1.9870E+00  1.4980E-02 -1.9858E+00
  3.7831E-01  5.7982E-01 -1.1123E-04  2.0108E-01  1.9371E+00  1.5792E-02 -1.9357E+00
  3.7971E-01  5.8617E-01 -1.0835E-04  1.9840E-01  1.8832E+00  1.9783E-02 -1.8810E+00
  3.8112E-01  5.9252E-01 -1.0496E-04  1.9578E-01  1.8253E+00  2.6175E-02 -1.8212E+00
  3.8253E-01  5.9886E-01 -1.0106E-04  1.9323E-01  1.7635E+00  3.3869E-02 -1.7565E+00
  3.8395E-01  6.0521E-01 -9.6664E-05  1.9077E-01  1.6983E+00  4.2026E-02 -1.6870E+00
  3.8537E-01  6.1156E-01 -9.1838E-05  1.8840E-01  1.6302E+00  4.9995E-02 -1.6134E+00
  3.8680E-01  6.1789E-01 -8.6681E-05  1.8614E-01  1.5600E+00  5.7240E-02 -1.5368E+00
  3.8813E-01  6.2375E-01 -8.1688E-05  1.8413E-01  1.4933E+00  6.2984E-02 -1.4638E+00
  3.8957E-01  6.3010E-01 -7.6141E-05  1.8206E-01  1.4197E+00  6.7893E-02 -1.3833E+00
  3.9090E-01  6.3596E-01 -7.0986E-05  1.8025E-01  1.3507E+00  7.1055E-02 -1.3083E+00
  3.9235E-01  6.4230E-01 -6.5455E-05  1.7840E-01  1.2750E+00  7.2901E-02 -1.2273E+00
  3.9380E-01  6.4862E-01 -6.0095E-05  1.7667E-01  1.1992E+00  7.3079E-02 -1.1476E+00
  3.9515E-01  6.5448E-01 -5.5320E-05  1.7517E-01  1.1286E+00  7.1800E-02 -1.0752E+00
  3.9660E-01  6.6080E-01 -5.0459E-05  1.7365E-01  1.0528E+00  6.8952E-02 -9.9956E-01
  3.9795E-01  6.6666E-01 -4.6288E-05  1.7234E-01  9.8369E-01  6.5085E-02 -9.3246E-01
  3.9930E-01  6.7252E-01 -4.2495E-05  1.7111E-01  9.1640E-01  6.0213E-02 -8.6899E-01
  4.0077E-01  6.7887E-01 -3.8859E-05  1.6988E-01  8.4676E-01  5.4059E-02 -8.0512E-01
  4.0213E-01  6.8472E-01 -3.5963E-05  1.6882E-01  7.8672E-01  4.7879E-02 -7.5138E-01
  4.0360E-01  6.9107E-01 -3.3323E-05  1.6776E-01  7.2759E-01  4.1016E-02 -6.9941E-01
  4.0496E-01  6.9693E-01 -3.1322E-05  1.6683E-01  6.7945E-01  3.4876E-02 -6.5754E-01
  4.0632E-01  7.0279E-01 -2.9701E-05  1.6596E-01  6.3798E-01  2.9204E-02 -6.2154E-01
  4.0779E-01  7.0914E-01 -2.8321E-05  1.6507E-01  6.0058E-01  2.3821E-02 -5.8891E-01
  4.0915E-01  7.1500E-01 -2.7342E-05  1.6429E-01  5.7253E-01  1.9670E-02 -5.6414E-01
  4.1051E-01  7.2086E-01 -2.6596E-05  1.6353E-01  5.4993E-01  1.6318E-02 -5.4388E-01
  4.1199E-01  7.2721E-01 -2.6003E-05  1.6274E-01  5.3057E-01  1.3534E-02 -5.2623E-01
  4.1335E-01  7.3306E-01 -2.5615E-05  1.6204E-01  5.1650E-01  1.1641E-02 -5.1318E-01
  4.1471E-01  7.3892E-01 -2.5347E-05  1.6134E-01  5.0532E-01  1.0282E-02 -5.0265E-01
  4.1619E-01  7.4527E-01 -2.5166E-05  1.6061E-01  4.9573E-01  9.2760E-03 -4.9350E-01
  4.1755E-01  7.5113E-01 -2.5078E-05  1.5994E-01  4.8868E-01  8.6633E-03 -4.8669E-01
  4.1891E-01  7.5699E-01 -2.5051E-05  1.5928E-01  4.8298E-01  8.2636E-03 -4.8113E-01
  4.2039E-01  7.6334E-01 -2.5076E-05  1.5858E-01  4.7798E-01  7.9929E-03 -4.7622E-01
  4.2175E-01  7.6920E-01 -2.5139E-05  1.5793E-01  4.7422E-01  7.8414E-03 -4.7251E-01
  4.2312E-01  7.7506E-01 -2.5234E-05  1.5729E-01  4.7112E-01  7.7508E-03 -4.6941E-01
  4.2459E-01  7.8140E-01 -2.5365E-05  1.5660E-01  4.6833E-01  7.6961E-03 -4.6662E-01
  4.2596E-01  7.8726E-01 -2.5507E-05  1.5596E-01  4.6619E-01  7.6711E-03 -4.6447E-01
  4.2732E-01  7.9312E-01 -2.5667E-05  1.5533E-01  4.6438E-01  7.6611E-03 -4.6265E-01
  4.2880E-01  7.9947E-01 -2.5855E-05  1.5465E-01  4.6272E-01  7.6609E-03 -4.6097E-01
  4.3016E-01  8.0533E-01 -2.6042E-05  1.5402E-01  4.6143E-01  7.6666E-03 -4.5966E-01
  4.3153E-01  8.1119E-01 -2.6238E-05  1.5339E-01  4.6032E-01  7.6759E-03 -4.5852E-01
  4.3300E-01  8.1752E-01 -2.6459E-05  1.5272E-01  4.5929E-01  7.6881E-03 -4.5746E-01
  4.3436E-01  8.2338E-01 -2.6671E-05  1.5209E-01  4.5846E-01  7.7007E-03 -4.5662E-01
  4.3573E-01  8.2924E-01 -2.6890E-05  1.5147E-01  4.5775E-01  7.7140E-03 -4.5588E-01
  4.3720E-01  8.3557E-01 -2.7132E-05  1.5080E-01  4.5708E-01  7.7284E-03 -4.5519E-01
  4.3856E-01  8.4143E-01 -2.7361E-05  1.5018E-01  4.5655E-01  7.7417E-03 -4.5463E-01
  4.3993E-01  8.4729E-01 -2.7594E-05  1.4956E-01  4.5608E-01  7.7546E-03 -4.5413E-01
  4.4140E-01  8.5361E-01 -2.7849E-05  1.4889E-01  4.5563E-01  7.7680E-03 -4.5366E-01
  4.4276E-01  8.5947E-01 -2.8089E-05  1.4827E-01  4.5527E-01  7.7799E-03 -4.5328E-01
  4.4413E-01  8.6533E-01 -2.8331E-05  1.4766E-01  4.5495E-01  7.7911E-03 -4.5293E-01
  4.4700E-01  8.7767E-01 -2.8848E-05  1.4636E-01  4.5438E-01  7.8130E-03 -4.5231E-01
