  3.0831E-01  6.9765E-02  3.8892E-05  3.9932E-01  1.2532E+00  3.7873E-02 -8.8436E-01
  3.0971E-01  1.0492E-01  3.2547E-05  3.9763E-01  1.8959E+00  7.0939E-02 -1.5395E+00
  3.1112E-01  1.3129E-01  2.6300E-05  3.9506E-01  2.3950E+00  9.3653E-02 -2.0900E+00
  3.1253E-01  1.5326E-01  2.0434E-05  3.9179E-01  2.7823E+00  1.0760E-01 -2.5314E+00
  3.1393E-01  1.7230E-01  1.5138E-05  3.8802E-01  3.0759E+00  1.1509E-01 -2.8714E+00
  3.1532E-01  1.8939E-01  1.0342E-05  3.8384E-01  3.2968E+00  1.1786E-01 -3.1310E+00
  3.1670E-01  2.0502E-01  6.0187E-06  3.7937E-01  3.4592E+00  1.1753E-01 -3.3244E+00
  3.1810E-01  2.1967E-01  2.0654E-06  3.7463E-01  3.5759E+00  1.1512E-01 -3.4661E+00
  3.1954E-01  2.3383E-01 -1.6285E-06  3.6956E-01  3.6564E+00  1.1130E-01 -3.5669E+00
  3.2091E-01  2.4652E-01 -4.8085E-06  3.6464E-01  3.7025E+00  1.0692E-01 -3.6283E+00
  3.2234E-01  2.5922E-01 -7.8474E-06  3.5940E-01  3.7256E+00  1.0187E-01 -3.6642E+00
  3.2373E-01  2.7094E-01 -1.0517E-05  3.5430E-01  3.7281E+00  9.6795E-02 -3.6766E+00
  3.2512E-01  2.8217E-01 -1.2949E-05  3.4921E-01  3.7152E+00  9.1677E-02 -3.6719E+00
  3.2655E-01  2.9340E-01 -1.5256E-05  3.4393E-01  3.6890E+00  8.6433E-02 -3.6525E+00
  3.2791E-01  3.0365E-01 -1.7255E-05  3.3898E-01  3.6548E+00  8.1630E-02 -3.6236E+00
  3.2932E-01  3.1391E-01 -1.9156E-05  3.3391E-01  3.6120E+00  7.6889E-02 -3.5853E+00
  3.3076E-01  3.2416E-01 -2.0964E-05  3.2875E-01  3.5618E+00  7.2279E-02 -3.5389E+00
  3.3211E-01  3.3344E-01 -2.2523E-05  3.2401E-01  3.5110E+00  6.8266E-02 -3.4911E+00
  3.3356E-01  3.4320E-01 -2.4091E-05  3.1896E-01  3.4529E+00  6.4241E-02 -3.4356E+00
  3.3497E-01  3.5248E-01 -2.5515E-05  3.1413E-01  3.3941E+00  6.0633E-02 -3.3789E+00
  3.3635E-01  3.6127E-01 -2.6808E-05  3.0952E-01  3.3359E+00  5.7425E-02 -3.3225E+00
  3.3774E-01  3.7006E-01 -2.8052E-05  3.0490E-01  3.2758E+00  5.4437E-02 -3.2639E+00
  3.3917E-01  3.7885E-01 -2.9253E-05  3.0026E-01  3.2144E+00  5.1676E-02 -3.2037E+00
  3.4055E-01  3.8715E-01 -3.0352E-05  2.9588E-01  3.1557E+00  4.9284E-02 -3.1460E+00
  3.4195E-01  3.9545E-01 -3.1420E-05  2.9151E-01  3.0965E+00  4.7104E-02 -3.0877E+00
  3.4337E-01  4.0375E-01 -3.2461E-05  2.8714E-01  3.0374E+00  4.5134E-02 -3.0293E+00
  3.4473E-01  4.1156E-01 -3.3419E-05  2.8304E-01  2.9819E+00  4.3469E-02 -2.9744E+00
  3.4611E-01  4.1937E-01 -3.4358E-05  2.7895E-01  2.9269E+00  4.1980E-02 -2.9199E+00
  3.4751E-01  4.2719E-01 -3.5280E-05  2.7488E-01  2.8726E+00  4.0662E-02 -2.8660E+00
  3.4893E-01  4.3500E-01 -3.6186E-05  2.7083E-01  2.8192E+00  3.9503E-02 -2.8128E+00
  3.5037E-01  4.4281E-01 -3.7079E-05  2.6680E-01  2.7667E+00  3.8492E-02 -2.7606E+00
  3.5174E-01  4.5014E-01 -3.7904E-05  2.6304E-01  2.7185E+00  3.7665E-02 -2.7127E+00
  3.5312E-01  4.5746E-01 -3.8720E-05  2.5931E-01  2.6713E+00  3.6938E-02 -2.6657E+00
  3.5452E-01  4.6478E-01 -3.9524E-05  2.5560E-01  2.6252E+00  3.6294E-02 -2.6197E+00
  3.5594E-01  4.7211E-01 -4.0318E-05  2.5191E-01  2.5802E+00  3.5711E-02 -2.5748E+00
  3.5737E-01  4.7943E-01 -4.1101E-05  2.4824E-01  2.5363E+00  3.5171E-02 -2.5310E+00
  3.5871E-01  4.8627E-01 -4.1822E-05  2.4485E-01  2.4963E+00  3.4683E-02 -2.4911E+00
  3.6017E-01  4.9359E-01 -4.2581E-05  2.4123E-01  2.4544E+00  3.4152E-02 -2.4493E+00
  3.6154E-01  5.0043E-01 -4.3274E-05  2.3788E-01  2.4161E+00  3.3617E-02 -2.4111E+00
  3.6293E-01  5.0726E-01 -4.3950E-05  2.3455E-01  2.3785E+00  3.3005E-02 -2.3736E+00
  3.6433E-01  5.1410E-01 -4.4604E-05  2.3125E-01  2.3413E+00  3.2270E-02 -2.3366E+00
  3.6574E-01  5.2094E-01 -4.5228E-05  2.2797E-01  2.3045E+00  3.1360E-02 -2.3000E+00
  3.6716E-01  5.2777E-01 -4.5816E-05  2.2471E-01  2.2676E+00  3.0215E-02 -2.2634E+00
  3.6859E-01  5.3461E-01 -4.6359E-05  2.2149E-01  2.2304E+00  2.8774E-02 -2.2265E+00
  3.6993E-01  5.4096E-01 -4.6814E-05  2.1852E-01  2.1952E+00  2.7113E-02 -2.1917E+00
  3.7138E-01  5.4779E-01 -4.7236E-05  2.1535E-01  2.1561E+00  2.4915E-02 -2.1531E+00
  3.7273E-01  5.5414E-01 -4.7550E-05  2.1244E-01  2.1182E+00  2.2473E-02 -2.1157E+00
  3.7410E-01  5.6049E-01 -4.7772E-05  2.0956E-01  2.0781E+00  1.9720E-02 -2.0762E+00
  3.7558E-01  5.6732E-01 -4.7887E-05  2.0651E-01  2.0320E+00  1.6786E-02 -2.0305E+00
  3.7696E-01  5.7367E-01 -4.7866E-05  2.0372E-01  1.9857E+00  1.5024E-02 -1.9844E+00
  3.7835E-01  5.8002E-01 -4.7712E-05  2.0097E-01  1.9356E+00  1.5702E-02 -1.9342E+00
  3.7975E-01  5.8637E-01 -4.7430E-05  1.9829E-01  1.8815E+00  1.9578E-02 -1.8793E+00
  3.8116E-01  5.9271E-01 -4.7033E-05  1.9568E-01  1.8233E+00  2.5902E-02 -1.8193E+00
  3.8257E-01  5.9906E-01 -4.6557E-05  1.9313E-01  1.7612E+00  3.3569E-02 -1.7543E+00
  3.8399E-01  6.0541E-01 -4.6051E-05  1.9068E-01  1.6956E+00  4.1725E-02 -1.6844E+00
  3.8531E-01  6.1127E-01 -4.5606E-05  1.8849E-01  1.6325E+00  4.9110E-02 -1.6163E+00
  3.8674E-01  6.1762E-01 -4.5201E-05  1.8621E-01  1.5618E+00  5.6456E-02 -1.5393E+00
  3.8818E-01  6.2396E-01 -4.4920E-05  1.8404E-01  1.4893E+00  6.2717E-02 -1.4600E+00
  3.8951E-01  6.2982E-01 -4.4791E-05  1.8214E-01  1.4211E+00  6.7282E-02 -1.3854E+00
  3.9095E-01  6.3617E-01 -4.4800E-05  1.8018E-01  1.3461E+00  7.0739E-02 -1.3039E+00
  3.9240E-01  6.4251E-01 -4.4957E-05  1.7833E-01  1.2703E+00  7.2552E-02 -1.2229E+00
  3.9374E-01  6.4837E-01 -4.5222E-05  1.7673E-01  1.1999E+00  7.2747E-02 -1.1488E+00
  3.9520E-01  6.5471E-01 -4.5622E-05  1.7510E-01  1.1234E+00  7.1384E-02 -1.0704E+00
  3.9655E-01  6.6057E-01 -4.6083E-05  1.7370E-01  1.0532E+00  6.8753E-02 -1.0003E+00
  3.9800E-01  6.6687E-01 -4.6656E-05  1.7229E-01  9.7893E-01  6.4601E-02 -9.2821E-01
  3.9935E-01  6.7273E-01 -4.7245E-05  1.7108E-01  9.1185E-01  5.9703E-02 -8.6500E-01
  4.0071E-01  6.7859E-01 -4.7871E-05  1.6994E-01  8.4771E-01  5.4046E-02 -8.0616E-01
  4.0218E-01  6.8494E-01 -4.8580E-05  1.6880E-01  7.8290E-01  4.7394E-02 -7.4810E-01
  4.0353E-01  6.9080E-01 -4.9257E-05  1.6781E-01  7.2852E-01  4.1100E-02 -7.0027E-01
  4.0500E-01  6.9712E-01 -5.0013E-05  1.6682E-01  6.7679E-01  3.4524E-02 -6.5524E-01
  4.0636E-01  7.0298E-01 -5.0741E-05  1.6595E-01  6.3574E-01  2.8905E-02 -6.1959E-01
  4.0772E-01  7.0884E-01 -5.1501E-05  1.6513E-01  6.0131E-01  2.3948E-02 -5.8954E-01
  4.0919E-01  7.1519E-01 -5.2364E-05  1.6428E-01  5.7098E-01  1.9450E-02 -5.6276E-01
  4.1056E-01  7.2105E-01 -5.3199E-05  1.6353E-01  5.4862E-01  1.6123E-02 -5.4270E-01
  4.1192E-01  7.2690E-01 -5.4068E-05  1.6280E-01  5.3076E-01  1.3542E-02 -5.2642E-01
  4.1339E-01  7.3325E-01 -5.5043E-05  1.6203E-01  5.1553E-01  1.1482E-02 -5.1229E-01
  4.1476E-01  7.3911E-01 -5.5971E-05  1.6134E-01  5.0446E-01  1.0141E-02 -5.0186E-01
  4.1612E-01  7.4497E-01 -5.6919E-05  1.6066E-01  4.9561E-01  9.2135E-03 -4.9341E-01
  4.1759E-01  7.5132E-01 -5.7966E-05  1.5994E-01  4.8798E-01  8.5564E-03 -4.8604E-01
  4.1896E-01  7.5718E-01 -5.8947E-05  1.5928E-01  4.8233E-01  8.1726E-03 -4.8052E-01
  4.2032E-01  7.6304E-01 -5.9940E-05  1.5863E-01  4.7772E-01  7.9323E-03 -4.7599E-01
  4.2180E-01  7.6939E-01 -6.1025E-05  1.5793E-01  4.7366E-01  7.7783E-03 -4.7196E-01
  4.2316E-01  7.7524E-01 -6.2036E-05  1.5729E-01  4.7058E-01  7.6981E-03 -4.6889E-01
  4.2452E-01  7.8110E-01 -6.3053E-05  1.5665E-01  4.6801E-01  7.6554E-03 -4.6632E-01
  4.2600E-01  7.8745E-01 -6.4159E-05  1.5597E-01  4.6569E-01  7.6353E-03 -4.6399E-01
  4.2736E-01  7.9330E-01 -6.5187E-05  1.5533E-01  4.6390E-01  7.6314E-03 -4.6218E-01
  4.2873E-01  7.9916E-01 -6.6218E-05  1.5470E-01  4.6237E-01  7.6360E-03 -4.6063E-01
  4.3020E-01  8.0549E-01 -6.7337E-05  1.5403E-01  4.6097E-01  7.6467E-03 -4.5921E-01
  4.3156E-01  8.1135E-01 -6.8376E-05  1.5340E-01  4.5987E-01  7.6594E-03 -4.5808E-01
  4.3293E-01  8.1721E-01 -6.9418E-05  1.5278E-01  4.5891E-01  7.6738E-03 -4.5710E-01
  4.3440E-01  8.2354E-01 -7.0546E-05  1.5211E-01  4.5802E-01  7.6902E-03 -4.5618E-01
  4.3576E-01  8.2940E-01 -7.1594E-05  1.5148E-01  4.5732E-01  7.7058E-03 -4.5545E-01
  4.3713E-01  8.3526E-01 -7.2644E-05  1.5086E-01  4.5670E-01  7.7212E-03 -4.5481E-01
  4.3860E-01  8.4158E-01 -7.3780E-05  1.5019E-01  4.5612E-01  7.7376E-03 -4.5420E-01
  4.3996E-01  8.4744E-01 -7.4834E-05  1.4957E-01  4.5565E-01  7.7522E-03 -4.5371E-01
  4.4133E-01  8.5330E-01 -7.5890E-05  1.4896E-01  4.5524E-01  7.7661E-03 -4.5327E-01
  4.4280E-01  8.5962E-01 -7.7032E-05  1.4829E-01  4.5485E-01  7.7802E-03 -4.5285E-01
  4.4416E-01  8.6548E-01 -7.8091E-05  1.4767E-01  4.5453E-01  7.7926E-03 -4.5251E-01
  4.4700E-01  8.7767E-01 -8.0299E-05  1.4639E-01  4.5397E-01  7.8162E-03 -4.5190E-01
