  3.0830E-01  7.5460E-02  4.3905E-05  3.9963E-01  6.1952E-01  7.0826E-03 -6.0018E-01
  3.0972E-01  1.0915E-01  4.3811E-05  3.9825E-01  1.3576E+00  1.3520E-02 -1.3424E+00
  3.1112E-01  1.3454E-01  4.3711E-05  3.9593E-01  1.9590E+00  1.7712E-02 -1.9471E+00
  3.1253E-01  1.5603E-01  4.3524E-05  3.9282E-01  2.4497E+00  2.0167E-02 -2.4405E+00
  3.1391E-01  1.7458E-01  4.3143E-05  3.8918E-01  2.8217E+00  2.1669E-02 -2.8143E+00
  3.1532E-01  1.9167E-01  4.2525E-05  3.8500E-01  3.1078E+00  2.2177E-02 -3.1018E+00
  3.1672E-01  2.0730E-01  4.1659E-05  3.8050E-01  3.3163E+00  2.2217E-02 -3.3115E+00
  3.1813E-01  2.2194E-01  4.0538E-05  3.7571E-01  3.4642E+00  2.1963E-02 -3.4603E+00
  3.1954E-01  2.3562E-01  3.9202E-05  3.7078E-01  3.5634E+00  2.1547E-02 -3.5600E+00
  3.2091E-01  2.4831E-01  3.7701E-05  3.6583E-01  3.6245E+00  2.1073E-02 -3.6216E+00
  3.2230E-01  2.6052E-01  3.6018E-05  3.6077E-01  3.6575E+00  2.0550E-02 -3.6550E+00
  3.2376E-01  2.7273E-01  3.4100E-05  3.5544E-01  3.6678E+00  1.9985E-02 -3.6656E+00
  3.2515E-01  2.8396E-01  3.2129E-05  3.5033E-01  3.6590E+00  1.9457E-02 -3.6571E+00
  3.2654E-01  2.9470E-01  3.0063E-05  3.4528E-01  3.6363E+00  1.8962E-02 -3.6345E+00
  3.2791E-01  3.0495E-01  2.7932E-05  3.4033E-01  3.6029E+00  1.8524E-02 -3.6013E+00
  3.2932E-01  3.1521E-01  2.5652E-05  3.3528E-01  3.5599E+00  1.8127E-02 -3.5584E+00
  3.3070E-01  3.2497E-01  2.3351E-05  3.3039E-01  3.5113E+00  1.7797E-02 -3.5099E+00
  3.3212E-01  3.3474E-01  2.0930E-05  3.2543E-01  3.4565E+00  1.7512E-02 -3.4552E+00
  3.3351E-01  3.4401E-01  1.8529E-05  3.2068E-01  3.3998E+00  1.7281E-02 -3.3985E+00
  3.3493E-01  3.5329E-01  1.6036E-05  3.1590E-01  3.3393E+00  1.7092E-02 -3.3381E+00
  3.3631E-01  3.6208E-01  1.3596E-05  3.1134E-01  3.2793E+00  1.6948E-02 -3.2782E+00
  3.3771E-01  3.7087E-01  1.1085E-05  3.0678E-01  3.2174E+00  1.6838E-02 -3.2162E+00
  3.3915E-01  3.7966E-01  8.5114E-06  3.0221E-01  3.1540E+00  1.6762E-02 -3.1529E+00
  3.4053E-01  3.8796E-01  6.0278E-06  2.9790E-01  3.0934E+00  1.6719E-02 -3.0923E+00
  3.4193E-01  3.9626E-01  3.4987E-06  2.9360E-01  3.0325E+00  1.6700E-02 -3.0314E+00
  3.4336E-01  4.0456E-01  9.2928E-07  2.8931E-01  2.9716E+00  1.6704E-02 -2.9705E+00
  3.4472E-01  4.1237E-01 -1.5211E-06  2.8529E-01  2.9147E+00  1.6724E-02 -2.9136E+00
  3.4611E-01  4.2019E-01 -3.9986E-06  2.8129E-01  2.8584E+00  1.6759E-02 -2.8573E+00
  3.4752E-01  4.2800E-01 -6.4993E-06  2.7731E-01  2.8029E+00  1.6806E-02 -2.8018E+00
  3.4894E-01  4.3581E-01 -9.0197E-06  2.7335E-01  2.7484E+00  1.6863E-02 -2.7472E+00
  3.5039E-01  4.4362E-01 -1.1557E-05  2.6942E-01  2.6950E+00  1.6929E-02 -2.6939E+00
  3.5176E-01  4.5095E-01 -1.3947E-05  2.6576E-01  2.6461E+00  1.6997E-02 -2.6450E+00
  3.5315E-01  4.5827E-01 -1.6347E-05  2.6212E-01  2.5984E+00  1.7070E-02 -2.5972E+00
  3.5455E-01  4.6560E-01 -1.8754E-05  2.5851E-01  2.5520E+00  1.7148E-02 -2.5508E+00
  3.5597E-01  4.7292E-01 -2.1166E-05  2.5492E-01  2.5069E+00  1.7229E-02 -2.5056E+00
  3.5731E-01  4.7976E-01 -2.3420E-05  2.5160E-01  2.4660E+00  1.7306E-02 -2.4647E+00
  3.5875E-01  4.8708E-01 -2.5837E-05  2.4806E-01  2.4234E+00  1.7387E-02 -2.4221E+00
  3.6012E-01  4.9392E-01 -2.8094E-05  2.4478E-01  2.3849E+00  1.7459E-02 -2.3836E+00
  3.6159E-01  5.0124E-01 -3.0513E-05  2.4130E-01  2.3447E+00  1.7531E-02 -2.3434E+00
  3.6298E-01  5.0808E-01 -3.2772E-05  2.3807E-01  2.3082E+00  1.7594E-02 -2.3068E+00
  3.6438E-01  5.1491E-01 -3.5033E-05  2.3486E-01  2.2725E+00  1.7653E-02 -2.2711E+00
  3.6580E-01  5.2175E-01 -3.7297E-05  2.3168E-01  2.2375E+00  1.7707E-02 -2.2361E+00
  3.6712E-01  5.2810E-01 -3.9402E-05  2.2874E-01  2.2055E+00  1.7748E-02 -2.2041E+00
  3.6855E-01  5.3493E-01 -4.1674E-05  2.2560E-01  2.1715E+00  1.7779E-02 -2.1700E+00
  3.7000E-01  5.4177E-01 -4.3954E-05  2.2249E-01  2.1375E+00  1.7791E-02 -2.1360E+00
  3.7135E-01  5.4812E-01 -4.6084E-05  2.1963E-01  2.1057E+00  1.7785E-02 -2.1042E+00
  3.7271E-01  5.5446E-01 -4.8231E-05  2.1679E-01  2.0732E+00  1.7760E-02 -2.0717E+00
  3.7418E-01  5.6130E-01 -5.0571E-05  2.1376E-01  2.0368E+00  1.7717E-02 -2.0353E+00
  3.7556E-01  5.6765E-01 -5.2780E-05  2.1098E-01  2.0012E+00  1.7669E-02 -1.9996E+00
  3.7694E-01  5.7399E-01 -5.5032E-05  2.0823E-01  1.9632E+00  1.7620E-02 -1.9616E+00
  3.7834E-01  5.8034E-01 -5.7342E-05  2.0553E-01  1.9219E+00  1.7583E-02 -1.9203E+00
  3.7974E-01  5.8669E-01 -5.9726E-05  2.0287E-01  1.8764E+00  1.7588E-02 -1.8747E+00
  3.8115E-01  5.9304E-01 -6.2207E-05  2.0026E-01  1.8253E+00  1.7686E-02 -1.8236E+00
  3.8257E-01  5.9939E-01 -6.4810E-05  1.9772E-01  1.7672E+00  1.7972E-02 -1.7654E+00
  3.8399E-01  6.0573E-01 -6.7566E-05  1.9525E-01  1.7005E+00  1.8536E-02 -1.6984E+00
  3.8531E-01  6.1159E-01 -7.0271E-05  1.9305E-01  1.6301E+00  1.9354E-02 -1.6277E+00
  3.8675E-01  6.1794E-01 -7.3401E-05  1.9077E-01  1.5436E+00  2.0562E-02 -1.5408E+00
  3.8819E-01  6.2429E-01 -7.6755E-05  1.8862E-01  1.4462E+00  2.2019E-02 -1.4428E+00
  3.8952E-01  6.3015E-01 -8.0055E-05  1.8676E-01  1.3474E+00  2.3421E-02 -1.3432E+00
  3.9098E-01  6.3649E-01 -8.3835E-05  1.8489E-01  1.2329E+00  2.4709E-02 -1.2277E+00
  3.9232E-01  6.4235E-01 -8.7481E-05  1.8331E-01  1.1236E+00  2.5447E-02 -1.1176E+00
  3.9378E-01  6.4870E-01 -9.1541E-05  1.8177E-01  1.0062E+00  2.5593E-02 -9.9930E-01
  3.9513E-01  6.5456E-01 -9.5327E-05  1.8049E-01  9.0305E-01  2.5153E-02 -8.9561E-01
  3.9660E-01  6.6091E-01 -9.9405E-05  1.7925E-01  8.0124E-01  2.4235E-02 -7.9341E-01
  3.9795E-01  6.6677E-01 -1.0310E-04  1.7824E-01  7.1887E-01  2.3187E-02 -7.1083E-01
  3.9931E-01  6.7263E-01 -1.0670E-04  1.7732E-01  6.4865E-01  2.2164E-02 -6.4047E-01
  4.0078E-01  6.7898E-01 -1.1048E-04  1.7643E-01  5.8595E-01  2.1217E-02 -5.7760E-01
  4.0214E-01  6.8483E-01 -1.1387E-04  1.7567E-01  5.3923E-01  2.0557E-02 -5.3065E-01
  4.0360E-01  6.9114E-01 -1.1740E-04  1.7493E-01  4.9909E-01  2.0054E-02 -4.9022E-01
  4.0496E-01  6.9700E-01 -1.2062E-04  1.7428E-01  4.6950E-01  1.9749E-02 -4.6030E-01
  4.0632E-01  7.0286E-01 -1.2377E-04  1.7367E-01  4.4584E-01  1.9556E-02 -4.3628E-01
  4.0780E-01  7.0920E-01 -1.2714E-04  1.7305E-01  4.2547E-01  1.9433E-02 -4.1552E-01
  4.0916E-01  7.1506E-01 -1.3021E-04  1.7249E-01  4.1047E-01  1.9376E-02 -4.0015E-01
  4.1052E-01  7.2092E-01 -1.3326E-04  1.7195E-01  3.9830E-01  1.9352E-02 -3.8762E-01
  4.1200E-01  7.2727E-01 -1.3655E-04  1.7139E-01  3.8763E-01  1.9352E-02 -3.7658E-01
  4.1336E-01  7.3313E-01 -1.3957E-04  1.7088E-01  3.7959E-01  1.9369E-02 -3.6823E-01
  4.1472E-01  7.3899E-01 -1.4259E-04  1.7039E-01  3.7293E-01  1.9395E-02 -3.6126E-01
  4.1620E-01  7.4534E-01 -1.4586E-04  1.6986E-01  3.6694E-01  1.9432E-02 -3.5496E-01
  4.1756E-01  7.5120E-01 -1.4887E-04  1.6938E-01  3.6233E-01  1.9471E-02 -3.5008E-01
  4.1892E-01  7.5706E-01 -1.5189E-04  1.6890E-01  3.5841E-01  1.9513E-02 -3.4590E-01
  4.2040E-01  7.6340E-01 -1.5515E-04  1.6840E-01  3.5480E-01  1.9562E-02 -3.4202E-01
  4.2176E-01  7.6926E-01 -1.5818E-04  1.6793E-01  3.5194E-01  1.9609E-02 -3.3892E-01
  4.2313E-01  7.7512E-01 -1.6121E-04  1.6747E-01  3.4945E-01  1.9657E-02 -3.3620E-01
  4.2460E-01  7.8145E-01 -1.6449E-04  1.6698E-01  3.4710E-01  1.9710E-02 -3.3360E-01
  4.2596E-01  7.8730E-01 -1.6753E-04  1.6653E-01  3.4518E-01  1.9760E-02 -3.3146E-01
  4.2733E-01  7.9316E-01 -1.7057E-04  1.6607E-01  3.4346E-01  1.9811E-02 -3.2953E-01
  4.2880E-01  7.9949E-01 -1.7387E-04  1.6559E-01  3.4180E-01  1.9865E-02 -3.2763E-01
  4.3016E-01  8.0535E-01 -1.7694E-04  1.6514E-01  3.4041E-01  1.9916E-02 -3.2603E-01
  4.3153E-01  8.1121E-01 -1.8001E-04  1.6470E-01  3.3914E-01  1.9967E-02 -3.2455E-01
  4.3300E-01  8.1754E-01 -1.8333E-04  1.6422E-01  3.3789E-01  2.0022E-02 -3.2307E-01
  4.3436E-01  8.2340E-01 -1.8641E-04  1.6378E-01  3.3682E-01  2.0074E-02 -3.2179E-01
  4.3573E-01  8.2926E-01 -1.8951E-04  1.6335E-01  3.3582E-01  2.0125E-02 -3.2059E-01
  4.3720E-01  8.3558E-01 -1.9285E-04  1.6288E-01  3.3483E-01  2.0180E-02 -3.1937E-01
  4.3856E-01  8.4144E-01 -1.9596E-04  1.6244E-01  3.3397E-01  2.0230E-02 -3.1831E-01
  4.3993E-01  8.4730E-01 -1.9908E-04  1.6201E-01  3.3317E-01  2.0280E-02 -3.1730E-01
  4.4140E-01  8.5362E-01 -2.0245E-04  1.6154E-01  3.3236E-01  2.0334E-02 -3.1627E-01
  4.4276E-01  8.5948E-01 -2.0558E-04  1.6111E-01  3.3166E-01  2.0384E-02 -3.1537E-01
  4.4413E-01  8.6534E-01 -2.0872E-04  1.6068E-01  3.3100E-01  2.0434E-02 -3.1451E-01
  4.4700E-01  8.7768E-01 -2.1535E-04  1.5978E-01  3.2975E-01  2.0538E-02 -3.1282E-01
