  3.0831E-01  6.9568E-02  4.7851E-05  3.9932E-01  1.2548E+00  3.7957E-02 -8.8205E-01
  3.0972E-01  1.0521E-01  3.1178E-05  3.9760E-01  1.9037E+00  7.1519E-02 -1.5448E+00
  3.1111E-01  1.3109E-01  1.3509E-05  3.9508E-01  2.3922E+00  9.3825E-02 -2.0846E+00
  3.1252E-01  1.5306E-01 -4.1397E-06  3.9182E-01  2.7789E+00  1.0778E-01 -2.5261E+00
  3.1391E-01  1.7211E-01 -2.0558E-05  3.8806E-01  3.0723E+00  1.1530E-01 -2.8663E+00
  3.1530E-01  1.8920E-01 -3.5484E-05  3.8389E-01  3.2935E+00  1.1806E-01 -3.1266E+00
  3.1673E-01  2.0531E-01 -4.9268E-05  3.7928E-01  3.4607E+00  1.1769E-01 -3.3260E+00
  3.1813E-01  2.1996E-01 -6.1229E-05  3.7453E-01  3.5769E+00  1.1520E-01 -3.4672E+00
  3.1952E-01  2.3363E-01 -7.1712E-05  3.6964E-01  3.6545E+00  1.1148E-01 -3.5645E+00
  3.2094E-01  2.4681E-01 -8.1066E-05  3.6453E-01  3.7024E+00  1.0690E-01 -3.6284E+00
  3.2232E-01  2.5902E-01 -8.8993E-05  3.5949E-01  3.7247E+00  1.0202E-01 -3.6629E+00
  3.2371E-01  2.7074E-01 -9.5897E-05  3.5440E-01  3.7276E+00  9.6926E-02 -3.6759E+00
  3.2515E-01  2.8246E-01 -1.0209E-04  3.4908E-01  3.7142E+00  9.1565E-02 -3.6710E+00
  3.2653E-01  2.9320E-01 -1.0713E-04  3.4404E-01  3.6892E+00  8.6529E-02 -3.6526E+00
  3.2795E-01  3.0394E-01 -1.1157E-04  3.3885E-01  3.6534E+00  8.1480E-02 -3.6224E+00
  3.2936E-01  3.1420E-01 -1.1526E-04  3.3377E-01  3.6105E+00  7.6727E-02 -3.5840E+00
  3.3073E-01  3.2396E-01 -1.1830E-04  3.2886E-01  3.5628E+00  7.2324E-02 -3.5399E+00
  3.3215E-01  3.3373E-01 -1.2090E-04  3.2387E-01  3.5094E+00  6.8088E-02 -3.4896E+00
  3.3353E-01  3.4301E-01 -1.2297E-04  3.1907E-01  3.4542E+00  6.4255E-02 -3.4369E+00
  3.3494E-01  3.5228E-01 -1.2469E-04  3.1424E-01  3.3956E+00  6.0633E-02 -3.3804E+00
  3.3631E-01  3.6107E-01 -1.2602E-04  3.0963E-01  3.3375E+00  5.7414E-02 -3.3241E+00
  3.3771E-01  3.6986E-01 -1.2707E-04  3.0501E-01  3.2775E+00  5.4413E-02 -3.2656E+00
  3.3914E-01  3.7865E-01 -1.2788E-04  3.0037E-01  3.2162E+00  5.1640E-02 -3.2055E+00
  3.4051E-01  3.8695E-01 -1.2844E-04  2.9599E-01  3.1575E+00  4.9238E-02 -3.1478E+00
  3.4191E-01  3.9525E-01 -1.2882E-04  2.9161E-01  3.0984E+00  4.7047E-02 -3.0896E+00
  3.4334E-01  4.0355E-01 -1.2903E-04  2.8724E-01  3.0393E+00  4.5068E-02 -3.0312E+00
  3.4478E-01  4.1185E-01 -1.2911E-04  2.8289E-01  2.9804E+00  4.3297E-02 -2.9729E+00
  3.4616E-01  4.1967E-01 -1.2907E-04  2.7880E-01  2.9255E+00  4.1812E-02 -2.9185E+00
  3.4757E-01  4.2748E-01 -1.2894E-04  2.7473E-01  2.8712E+00  4.0497E-02 -2.8646E+00
  3.4899E-01  4.3529E-01 -1.2873E-04  2.7068E-01  2.8178E+00  3.9341E-02 -2.8115E+00
  3.5034E-01  4.4261E-01 -1.2847E-04  2.6690E-01  2.7686E+00  3.8392E-02 -2.7626E+00
  3.5170E-01  4.4994E-01 -1.2816E-04  2.6314E-01  2.7203E+00  3.7560E-02 -2.7146E+00
  3.5318E-01  4.5775E-01 -1.2779E-04  2.5916E-01  2.6700E+00  3.6783E-02 -2.6645E+00
  3.5458E-01  4.6508E-01 -1.2741E-04  2.5544E-01  2.6240E+00  3.6139E-02 -2.6185E+00
  3.5599E-01  4.7240E-01 -1.2699E-04  2.5175E-01  2.5790E+00  3.5555E-02 -2.5737E+00
  3.5733E-01  4.7924E-01 -1.2658E-04  2.4833E-01  2.5380E+00  3.5048E-02 -2.5328E+00
  3.5877E-01  4.8656E-01 -1.2611E-04  2.4469E-01  2.4952E+00  3.4522E-02 -2.4901E+00
  3.6013E-01  4.9340E-01 -1.2566E-04  2.4131E-01  2.4561E+00  3.4021E-02 -2.4510E+00
  3.6150E-01  5.0023E-01 -1.2518E-04  2.3796E-01  2.4177E+00  3.3482E-02 -2.4128E+00
  3.6299E-01  5.0756E-01 -1.2463E-04  2.3439E-01  2.3774E+00  3.2815E-02 -2.3726E+00
  3.6439E-01  5.1439E-01 -1.2408E-04  2.3109E-01  2.3403E+00  3.2063E-02 -2.3356E+00
  3.6580E-01  5.2123E-01 -1.2347E-04  2.2781E-01  2.3034E+00  3.1131E-02 -2.2990E+00
  3.6711E-01  5.2758E-01 -1.2285E-04  2.2479E-01  2.2691E+00  3.0051E-02 -2.2650E+00
  3.6855E-01  5.3441E-01 -1.2209E-04  2.2156E-01  2.2319E+00  2.8601E-02 -2.2281E+00
  3.6999E-01  5.4125E-01 -1.2121E-04  2.1836E-01  2.1940E+00  2.6785E-02 -2.1906E+00
  3.7134E-01  5.4759E-01 -1.2024E-04  2.1542E-01  2.1576E+00  2.4716E-02 -2.1547E+00
  3.7280E-01  5.5443E-01 -1.1901E-04  2.1228E-01  2.1167E+00  2.2058E-02 -2.1143E+00
  3.7416E-01  5.6078E-01 -1.1763E-04  2.0941E-01  2.0765E+00  1.9284E-02 -2.0746E+00
  3.7554E-01  5.6713E-01 -1.1596E-04  2.0657E-01  2.0336E+00  1.6586E-02 -2.0322E+00
  3.7692E-01  5.7347E-01 -1.1395E-04  2.0378E-01  1.9874E+00  1.4897E-02 -1.9862E+00
  3.7831E-01  5.7982E-01 -1.1153E-04  2.0103E-01  1.9375E+00  1.5708E-02 -1.9361E+00
  3.7971E-01  5.8617E-01 -1.0865E-04  1.9835E-01  1.8836E+00  1.9705E-02 -1.8814E+00
  3.8112E-01  5.9252E-01 -1.0526E-04  1.9573E-01  1.8256E+00  2.6104E-02 -1.8216E+00
  3.8253E-01  5.9886E-01 -1.0137E-04  1.9318E-01  1.7639E+00  3.3801E-02 -1.7569E+00
  3.8395E-01  6.0521E-01 -9.6979E-05  1.9072E-01  1.6987E+00  4.1957E-02 -1.6874E+00
  3.8537E-01  6.1156E-01 -9.2158E-05  1.8835E-01  1.6306E+00  4.9922E-02 -1.6139E+00
  3.8680E-01  6.1789E-01 -8.7008E-05  1.8608E-01  1.5604E+00  5.7162E-02 -1.5373E+00
  3.8813E-01  6.2375E-01 -8.2021E-05  1.8408E-01  1.4937E+00  6.2901E-02 -1.4643E+00
  3.8957E-01  6.3010E-01 -7.6483E-05  1.8201E-01  1.4201E+00  6.7805E-02 -1.3838E+00
  3.9090E-01  6.3596E-01 -7.1336E-05  1.8020E-01  1.3511E+00  7.0963E-02 -1.3089E+00
  3.9235E-01  6.4230E-01 -6.5816E-05  1.7835E-01  1.2755E+00  7.2807E-02 -1.2278E+00
  3.9380E-01  6.4862E-01 -6.0466E-05  1.7662E-01  1.1996E+00  7.2984E-02 -1.1482E+00
  3.9515E-01  6.5448E-01 -5.5702E-05  1.7511E-01  1.1291E+00  7.1703E-02 -1.0758E+00
  3.9660E-01  6.6080E-01 -5.0852E-05  1.7359E-01  1.0533E+00  6.8856E-02 -1.0002E+00
  3.9795E-01  6.6666E-01 -4.6691E-05  1.7228E-01  9.8418E-01  6.4989E-02 -9.3310E-01
  3.9930E-01  6.7252E-01 -4.2906E-05  1.7106E-01  9.1691E-01  6.0118E-02 -8.6965E-01
  4.0077E-01  6.7887E-01 -3.9280E-05  1.6982E-01  8.4729E-01  5.3965E-02 -8.0580E-01
  4.0213E-01  6.8472E-01 -3.6392E-05  1.6876E-01  7.8727E-01  4.7784E-02 -7.5208E-01
  4.0360E-01  6.9107E-01 -3.3759E-05  1.6769E-01  7.2817E-01  4.0920E-02 -7.0012E-01
  4.0496E-01  6.9693E-01 -3.1764E-05  1.6677E-01  6.8004E-01  3.4776E-02 -6.5826E-01
  4.0632E-01  7.0279E-01 -3.0150E-05  1.6590E-01  6.3859E-01  2.9099E-02 -6.2228E-01
  4.0779E-01  7.0914E-01 -2.8776E-05  1.6501E-01  6.0120E-01  2.3705E-02 -5.8965E-01
  4.0915E-01  7.1500E-01 -2.7802E-05  1.6422E-01  5.7317E-01  1.9540E-02 -5.6489E-01
  4.1051E-01  7.2086E-01 -2.7061E-05  1.6347E-01  5.5057E-01  1.6173E-02 -5.4464E-01
  4.1199E-01  7.2721E-01 -2.6473E-05  1.6268E-01  5.3122E-01  1.3368E-02 -5.2699E-01
  4.1335E-01  7.3306E-01 -2.6088E-05  1.6197E-01  5.1716E-01  1.1455E-02 -5.1395E-01
  4.1471E-01  7.3892E-01 -2.5824E-05  1.6127E-01  5.0598E-01  1.0077E-02 -5.0342E-01
  4.1619E-01  7.4527E-01 -2.5647E-05  1.6054E-01  4.9640E-01  9.0527E-03 -4.9427E-01
  4.1755E-01  7.5113E-01 -2.5563E-05  1.5987E-01  4.8935E-01  8.4273E-03 -4.8747E-01
  4.1891E-01  7.5699E-01 -2.5538E-05  1.5921E-01  4.8365E-01  8.0185E-03 -4.8192E-01
  4.2039E-01  7.6334E-01 -2.5567E-05  1.5850E-01  4.7866E-01  7.7413E-03 -4.7701E-01
  4.2175E-01  7.6920E-01 -2.5633E-05  1.5785E-01  4.7490E-01  7.5863E-03 -4.7329E-01
  4.2312E-01  7.7506E-01 -2.5730E-05  1.5721E-01  4.7179E-01  7.4934E-03 -4.7020E-01
  4.2459E-01  7.8140E-01 -2.5864E-05  1.5652E-01  4.6901E-01  7.4376E-03 -4.6742E-01
  4.2596E-01  7.8726E-01 -2.6009E-05  1.5588E-01  4.6687E-01  7.4121E-03 -4.6527E-01
  4.2732E-01  7.9312E-01 -2.6171E-05  1.5525E-01  4.6506E-01  7.4020E-03 -4.6345E-01
  4.2880E-01  7.9947E-01 -2.6362E-05  1.5457E-01  4.6341E-01  7.4018E-03 -4.6177E-01
  4.3016E-01  8.0533E-01 -2.6550E-05  1.5394E-01  4.6211E-01  7.4078E-03 -4.6046E-01
  4.3153E-01  8.1119E-01 -2.6748E-05  1.5331E-01  4.6100E-01  7.4172E-03 -4.5933E-01
  4.3300E-01  8.1752E-01 -2.6972E-05  1.5263E-01  4.5997E-01  7.4297E-03 -4.5827E-01
  4.3436E-01  8.2338E-01 -2.7186E-05  1.5201E-01  4.5915E-01  7.4425E-03 -4.5743E-01
  4.3573E-01  8.2924E-01 -2.7407E-05  1.5139E-01  4.5844E-01  7.4560E-03 -4.5669E-01
  4.3720E-01  8.3557E-01 -2.7651E-05  1.5071E-01  4.5777E-01  7.4706E-03 -4.5600E-01
  4.3856E-01  8.4143E-01 -2.7882E-05  1.5009E-01  4.5724E-01  7.4839E-03 -4.5545E-01
  4.3993E-01  8.4729E-01 -2.8117E-05  1.4947E-01  4.5677E-01  7.4969E-03 -4.5495E-01
  4.4140E-01  8.5361E-01 -2.8374E-05  1.4880E-01  4.5633E-01  7.5105E-03 -4.5449E-01
  4.4276E-01  8.5947E-01 -2.8616E-05  1.4818E-01  4.5597E-01  7.5224E-03 -4.5410E-01
  4.4413E-01  8.6533E-01 -2.8860E-05  1.4756E-01  4.5565E-01  7.5336E-03 -4.5376E-01
  4.4700E-01  8.7767E-01 -2.9380E-05  1.4626E-01  4.5508E-01  7.5553E-03 -4.5315E-01
