  3.0831E-01  6.9568E-02  3.8833E-05  3.9933E-01  1.2481E+00  3.7685E-02 -8.7898E-01
  3.0972E-01  1.0521E-01  3.2302E-05  3.9761E-01  1.9000E+00  7.1168E-02 -1.5441E+00
  3.1111E-01  1.3109E-01  2.6105E-05  3.9509E-01  2.3901E+00  9.3446E-02 -2.0849E+00
  3.1252E-01  1.5306E-01  2.0178E-05  3.9184E-01  2.7780E+00  1.0743E-01 -2.5268E+00
  3.1391E-01  1.7211E-01  1.4809E-05  3.8807E-01  3.0722E+00  1.1497E-01 -2.8674E+00
  3.1530E-01  1.8920E-01  9.9322E-06  3.8390E-01  3.2937E+00  1.1777E-01 -3.1277E+00
  3.1673E-01  2.0531E-01  5.3864E-06  3.7929E-01  3.4611E+00  1.1742E-01 -3.3271E+00
  3.1813E-01  2.1996E-01  1.3486E-06  3.7454E-01  3.5773E+00  1.1497E-01 -3.4681E+00
  3.1952E-01  2.3363E-01 -2.3008E-06  3.6965E-01  3.6549E+00  1.1127E-01 -3.5653E+00
  3.2094E-01  2.4681E-01 -5.6871E-06  3.6454E-01  3.7028E+00  1.0672E-01 -3.6290E+00
  3.2232E-01  2.5902E-01 -8.6911E-06  3.5950E-01  3.7250E+00  1.0186E-01 -3.6634E+00
  3.2371E-01  2.7074E-01 -1.1448E-05  3.5441E-01  3.7278E+00  9.6791E-02 -3.6762E+00
  3.2515E-01  2.8246E-01 -1.4076E-05  3.4909E-01  3.7143E+00  9.1449E-02 -3.6712E+00
  3.2653E-01  2.9320E-01 -1.6374E-05  3.4404E-01  3.6892E+00  8.6431E-02 -3.6527E+00
  3.2795E-01  3.0394E-01 -1.8566E-05  3.3885E-01  3.6534E+00  8.1398E-02 -3.6223E+00
  3.2936E-01  3.1420E-01 -2.0563E-05  3.3378E-01  3.6103E+00  7.6659E-02 -3.5838E+00
  3.3073E-01  3.2396E-01 -2.2382E-05  3.2886E-01  3.5625E+00  7.2269E-02 -3.5396E+00
  3.3215E-01  3.3373E-01 -2.4122E-05  3.2387E-01  3.5090E+00  6.8046E-02 -3.4892E+00
  3.3353E-01  3.4301E-01 -2.5708E-05  3.1908E-01  3.4538E+00  6.4223E-02 -3.4365E+00
  3.3494E-01  3.5228E-01 -2.7232E-05  3.1425E-01  3.3951E+00  6.0610E-02 -3.3800E+00
  3.3631E-01  3.6107E-01 -2.8623E-05  3.0964E-01  3.3370E+00  5.7398E-02 -3.3236E+00
  3.3771E-01  3.6986E-01 -2.9967E-05  3.0502E-01  3.2769E+00  5.4405E-02 -3.2650E+00
  3.3914E-01  3.7865E-01 -3.1268E-05  3.0038E-01  3.2156E+00  5.1639E-02 -3.2049E+00
  3.4051E-01  3.8695E-01 -3.2461E-05  2.9600E-01  3.1569E+00  4.9242E-02 -3.1472E+00
  3.4191E-01  3.9525E-01 -3.3623E-05  2.9163E-01  3.0977E+00  4.7058E-02 -3.0889E+00
  3.4334E-01  4.0355E-01 -3.4757E-05  2.8726E-01  3.0386E+00  4.5084E-02 -3.0305E+00
  3.4478E-01  4.1185E-01 -3.5865E-05  2.8290E-01  2.9797E+00  4.3316E-02 -2.9722E+00
  3.4616E-01  4.1967E-01 -3.6889E-05  2.7882E-01  2.9247E+00  4.1835E-02 -2.9177E+00
  3.4757E-01  4.2748E-01 -3.7894E-05  2.7475E-01  2.8704E+00  4.0524E-02 -2.8638E+00
  3.4899E-01  4.3529E-01 -3.8885E-05  2.7070E-01  2.8170E+00  3.9371E-02 -2.8107E+00
  3.5034E-01  4.4261E-01 -3.9802E-05  2.6692E-01  2.7678E+00  3.8425E-02 -2.7618E+00
  3.5170E-01  4.4994E-01 -4.0708E-05  2.6316E-01  2.7196E+00  3.7596E-02 -2.7138E+00
  3.5318E-01  4.5775E-01 -4.1663E-05  2.5918E-01  2.6693E+00  3.6822E-02 -2.6637E+00
  3.5458E-01  4.6508E-01 -4.2548E-05  2.5547E-01  2.6232E+00  3.6181E-02 -2.6178E+00
  3.5599E-01  4.7240E-01 -4.3422E-05  2.5178E-01  2.5783E+00  3.5601E-02 -2.5730E+00
  3.5733E-01  4.7924E-01 -4.4229E-05  2.4836E-01  2.5373E+00  3.5097E-02 -2.5321E+00
  3.5877E-01  4.8656E-01 -4.5083E-05  2.4472E-01  2.4945E+00  3.4574E-02 -2.4893E+00
  3.6013E-01  4.9340E-01 -4.5868E-05  2.4135E-01  2.4554E+00  3.4079E-02 -2.4503E+00
  3.6150E-01  5.0023E-01 -4.6640E-05  2.3800E-01  2.4170E+00  3.3545E-02 -2.4121E+00
  3.6299E-01  5.0756E-01 -4.7448E-05  2.3443E-01  2.3767E+00  3.2887E-02 -2.3719E+00
  3.6439E-01  5.1439E-01 -4.8179E-05  2.3113E-01  2.3396E+00  3.2144E-02 -2.3350E+00
  3.6580E-01  5.2123E-01 -4.8882E-05  2.2785E-01  2.3028E+00  3.1223E-02 -2.2983E+00
  3.6711E-01  5.2758E-01 -4.9503E-05  2.2483E-01  2.2686E+00  3.0156E-02 -2.2643E+00
  3.6855E-01  5.3441E-01 -5.0130E-05  2.2160E-01  2.2314E+00  2.8721E-02 -2.2275E+00
  3.6999E-01  5.4125E-01 -5.0703E-05  2.1840E-01  2.1935E+00  2.6922E-02 -2.1900E+00
  3.7134E-01  5.4759E-01 -5.1173E-05  2.1546E-01  2.1572E+00  2.4872E-02 -2.1542E+00
  3.7280E-01  5.5443E-01 -5.1597E-05  2.1233E-01  2.1163E+00  2.2228E-02 -2.1139E+00
  3.7416E-01  5.6078E-01 -5.1894E-05  2.0945E-01  2.0761E+00  1.9450E-02 -2.0742E+00
  3.7554E-01  5.6713E-01 -5.2082E-05  2.0662E-01  2.0332E+00  1.6705E-02 -2.0318E+00
  3.7692E-01  5.7347E-01 -5.2148E-05  2.0382E-01  1.9870E+00  1.4883E-02 -1.9859E+00
  3.7831E-01  5.7982E-01 -5.2084E-05  2.0108E-01  1.9371E+00  1.5485E-02 -1.9358E+00
  3.7971E-01  5.8617E-01 -5.1891E-05  1.9840E-01  1.8831E+00  1.9312E-02 -1.8810E+00
  3.8111E-01  5.9252E-01 -5.1585E-05  1.9578E-01  1.8250E+00  2.5621E-02 -1.8212E+00
  3.8253E-01  5.9886E-01 -5.1201E-05  1.9324E-01  1.7630E+00  3.3292E-02 -1.7562E+00
  3.8395E-01  6.0521E-01 -5.0787E-05  1.9077E-01  1.6975E+00  4.1468E-02 -1.6866E+00
  3.8537E-01  6.1156E-01 -5.0400E-05  1.8841E-01  1.6291E+00  4.9482E-02 -1.6127E+00
  3.8680E-01  6.1789E-01 -5.0098E-05  1.8614E-01  1.5586E+00  5.6784E-02 -1.5358E+00
  3.8813E-01  6.2375E-01 -4.9930E-05  1.8414E-01  1.4917E+00  6.2574E-02 -1.4625E+00
  3.8957E-01  6.3010E-01 -4.9894E-05  1.8207E-01  1.4178E+00  6.7526E-02 -1.3816E+00
  3.9090E-01  6.3596E-01 -5.0000E-05  1.8026E-01  1.3485E+00  7.0722E-02 -1.3065E+00
  3.9235E-01  6.4230E-01 -5.0260E-05  1.7842E-01  1.2727E+00  7.2605E-02 -1.2252E+00
  3.9380E-01  6.4862E-01 -5.0657E-05  1.7669E-01  1.1967E+00  7.2821E-02 -1.1454E+00
  3.9515E-01  6.5448E-01 -5.1133E-05  1.7519E-01  1.1261E+00  7.1570E-02 -1.0729E+00
  3.9660E-01  6.6080E-01 -5.1748E-05  1.7367E-01  1.0504E+00  6.8744E-02 -9.9731E-01
  3.9795E-01  6.6666E-01 -5.2395E-05  1.7237E-01  9.8129E-01  6.4887E-02 -9.3027E-01
  3.9930E-01  6.7252E-01 -5.3098E-05  1.7115E-01  9.1412E-01  6.0030E-02 -8.6690E-01
  4.0077E-01  6.7887E-01 -5.3906E-05  1.6992E-01  8.4468E-01  5.3908E-02 -8.0319E-01
  4.0213E-01  6.8473E-01 -5.4684E-05  1.6886E-01  7.8487E-01  4.7769E-02 -7.4962E-01
  4.0360E-01  6.9107E-01 -5.5553E-05  1.6780E-01  7.2600E-01  4.0960E-02 -6.9785E-01
  4.0496E-01  6.9693E-01 -5.6381E-05  1.6687E-01  6.7810E-01  3.4870E-02 -6.5616E-01
  4.0632E-01  7.0279E-01 -5.7239E-05  1.6601E-01  6.3683E-01  2.9235E-02 -6.2034E-01
  4.0779E-01  7.0914E-01 -5.8205E-05  1.6512E-01  5.9959E-01  2.3874E-02 -5.8785E-01
  4.0915E-01  7.1500E-01 -5.9136E-05  1.6433E-01  5.7164E-01  1.9728E-02 -5.6319E-01
  4.1051E-01  7.2086E-01 -6.0103E-05  1.6358E-01  5.4910E-01  1.6372E-02 -5.4301E-01
  4.1199E-01  7.2721E-01 -6.1192E-05  1.6279E-01  5.2979E-01  1.3575E-02 -5.2542E-01
  4.1335E-01  7.3307E-01 -6.2228E-05  1.6209E-01  5.1576E-01  1.1668E-02 -5.1242E-01
  4.1471E-01  7.3892E-01 -6.3292E-05  1.6140E-01  5.0460E-01  1.0297E-02 -5.0192E-01
  4.1619E-01  7.4527E-01 -6.4469E-05  1.6066E-01  4.9502E-01  9.2785E-03 -4.9279E-01
  4.1755E-01  7.5113E-01 -6.5573E-05  1.5999E-01  4.8799E-01  8.6584E-03 -4.8600E-01
  4.1891E-01  7.5699E-01 -6.6693E-05  1.5934E-01  4.8230E-01  8.2531E-03 -4.8046E-01
  4.2039E-01  7.6334E-01 -6.7919E-05  1.5863E-01  4.7731E-01  7.9783E-03 -4.7556E-01
  4.2175E-01  7.6920E-01 -6.9061E-05  1.5798E-01  4.7357E-01  7.8250E-03 -4.7185E-01
  4.2312E-01  7.7506E-01 -7.0211E-05  1.5734E-01  4.7047E-01  7.7329E-03 -4.6877E-01
  4.2459E-01  7.8140E-01 -7.1465E-05  1.5665E-01  4.6769E-01  7.6776E-03 -4.6599E-01
  4.2596E-01  7.8726E-01 -7.2629E-05  1.5602E-01  4.6555E-01  7.6523E-03 -4.6384E-01
  4.2732E-01  7.9312E-01 -7.3797E-05  1.5539E-01  4.6375E-01  7.6422E-03 -4.6202E-01
  4.2880E-01  7.9947E-01 -7.5068E-05  1.5471E-01  4.6210E-01  7.6421E-03 -4.6036E-01
  4.3016E-01  8.0533E-01 -7.6246E-05  1.5408E-01  4.6081E-01  7.6481E-03 -4.5904E-01
  4.3153E-01  8.1119E-01 -7.7426E-05  1.5345E-01  4.5970E-01  7.6575E-03 -4.5791E-01
  4.3300E-01  8.1752E-01 -7.8706E-05  1.5278E-01  4.5867E-01  7.6702E-03 -4.5686E-01
  4.3436E-01  8.2338E-01 -7.9893E-05  1.5216E-01  4.5785E-01  7.6830E-03 -4.5601E-01
  4.3573E-01  8.2924E-01 -8.1083E-05  1.5154E-01  4.5714E-01  7.6966E-03 -4.5528E-01
  4.3720E-01  8.3557E-01 -8.2370E-05  1.5087E-01  4.5648E-01  7.7114E-03 -4.5459E-01
  4.3856E-01  8.4143E-01 -8.3565E-05  1.5025E-01  4.5595E-01  7.7251E-03 -4.5403E-01
  4.3993E-01  8.4729E-01 -8.4762E-05  1.4963E-01  4.5548E-01  7.7384E-03 -4.5354E-01
  4.4140E-01  8.5361E-01 -8.6055E-05  1.4896E-01  4.5504E-01  7.7521E-03 -4.5307E-01
  4.4276E-01  8.5947E-01 -8.7256E-05  1.4834E-01  4.5468E-01  7.7640E-03 -4.5269E-01
  4.4413E-01  8.6533E-01 -8.8458E-05  1.4773E-01  4.5436E-01  7.7754E-03 -4.5235E-01
  4.4700E-01  8.7767E-01 -9.0994E-05  1.4643E-01  4.5380E-01  7.7974E-03 -4.5174E-01
