  3.0831E-01  6.9568E-02  4.7860E-05  3.9932E-01  1.2586E+00  3.8020E-02 -8.8592E-01
  3.0972E-01  1.0521E-01  3.1182E-05  3.9759E-01  1.9071E+00  7.1595E-02 -1.5482E+00
  3.1111E-01  1.3109E-01  1.3507E-05  3.9506E-01  2.3954E+00  9.3910E-02 -2.0876E+00
  3.1252E-01  1.5306E-01 -4.1490E-06  3.9181E-01  2.7817E+00  1.0787E-01 -2.5288E+00
  3.1391E-01  1.7211E-01 -2.0576E-05  3.8804E-01  3.0749E+00  1.1539E-01 -2.8687E+00
  3.1530E-01  1.8920E-01 -3.5511E-05  3.8387E-01  3.2960E+00  1.1816E-01 -3.1289E+00
  3.1673E-01  2.0531E-01 -4.9306E-05  3.7925E-01  3.4630E+00  1.1779E-01 -3.3281E+00
  3.1813E-01  2.1996E-01 -6.1278E-05  3.7450E-01  3.5790E+00  1.1531E-01 -3.4692E+00
  3.1952E-01  2.3363E-01 -7.1772E-05  3.6961E-01  3.6566E+00  1.1159E-01 -3.5664E+00
  3.2094E-01  2.4681E-01 -8.1137E-05  3.6450E-01  3.7044E+00  1.0701E-01 -3.6302E+00
  3.2232E-01  2.5902E-01 -8.9074E-05  3.5946E-01  3.7265E+00  1.0213E-01 -3.6647E+00
  3.2371E-01  2.7074E-01 -9.5987E-05  3.5436E-01  3.7294E+00  9.7034E-02 -3.6776E+00
  3.2515E-01  2.8246E-01 -1.0219E-04  3.4904E-01  3.7159E+00  9.1673E-02 -3.6726E+00
  3.2653E-01  2.9320E-01 -1.0723E-04  3.4399E-01  3.6908E+00  8.6638E-02 -3.6541E+00
  3.2795E-01  3.0394E-01 -1.1168E-04  3.3880E-01  3.6550E+00  8.1588E-02 -3.6238E+00
  3.2936E-01  3.1420E-01 -1.1538E-04  3.3372E-01  3.6120E+00  7.6834E-02 -3.5854E+00
  3.3073E-01  3.2396E-01 -1.1843E-04  3.2880E-01  3.5642E+00  7.2430E-02 -3.5413E+00
  3.3215E-01  3.3373E-01 -1.2103E-04  3.2381E-01  3.5108E+00  6.8194E-02 -3.4909E+00
  3.3353E-01  3.4301E-01 -1.2311E-04  3.1902E-01  3.4556E+00  6.4360E-02 -3.4382E+00
  3.3494E-01  3.5228E-01 -1.2484E-04  3.1418E-01  3.3969E+00  6.0736E-02 -3.3817E+00
  3.3631E-01  3.6107E-01 -1.2618E-04  3.0957E-01  3.3388E+00  5.7515E-02 -3.3253E+00
  3.3771E-01  3.6986E-01 -1.2724E-04  3.0495E-01  3.2788E+00  5.4512E-02 -3.2668E+00
  3.3914E-01  3.7865E-01 -1.2806E-04  3.0031E-01  3.2174E+00  5.1738E-02 -3.2067E+00
  3.4051E-01  3.8695E-01 -1.2863E-04  2.9593E-01  3.1587E+00  4.9334E-02 -3.1490E+00
  3.4191E-01  3.9525E-01 -1.2901E-04  2.9155E-01  3.0996E+00  4.7141E-02 -3.0907E+00
  3.4334E-01  4.0355E-01 -1.2924E-04  2.8718E-01  3.0404E+00  4.5160E-02 -3.0323E+00
  3.4478E-01  4.1185E-01 -1.2933E-04  2.8282E-01  2.9815E+00  4.3386E-02 -2.9740E+00
  3.4616E-01  4.1967E-01 -1.2930E-04  2.7873E-01  2.9266E+00  4.1899E-02 -2.9195E+00
  3.4757E-01  4.2748E-01 -1.2918E-04  2.7466E-01  2.8723E+00  4.0582E-02 -2.8657E+00
  3.4899E-01  4.3529E-01 -1.2898E-04  2.7060E-01  2.8188E+00  3.9424E-02 -2.8126E+00
  3.5034E-01  4.4261E-01 -1.2873E-04  2.6682E-01  2.7696E+00  3.8473E-02 -2.7636E+00
  3.5170E-01  4.4994E-01 -1.2843E-04  2.6306E-01  2.7214E+00  3.7639E-02 -2.7156E+00
  3.5318E-01  4.5775E-01 -1.2807E-04  2.5908E-01  2.6711E+00  3.6860E-02 -2.6655E+00
  3.5458E-01  4.6508E-01 -1.2769E-04  2.5536E-01  2.6250E+00  3.6214E-02 -2.6195E+00
  3.5599E-01  4.7240E-01 -1.2729E-04  2.5167E-01  2.5800E+00  3.5629E-02 -2.5747E+00
  3.5733E-01  4.7924E-01 -1.2689E-04  2.4825E-01  2.5390E+00  3.5120E-02 -2.5338E+00
  3.5877E-01  4.8656E-01 -1.2643E-04  2.4461E-01  2.4961E+00  3.4592E-02 -2.4910E+00
  3.6013E-01  4.9340E-01 -1.2599E-04  2.4123E-01  2.4570E+00  3.4091E-02 -2.4520E+00
  3.6151E-01  5.0023E-01 -1.2552E-04  2.3788E-01  2.4187E+00  3.3549E-02 -2.4137E+00
  3.6299E-01  5.0756E-01 -1.2498E-04  2.3431E-01  2.3784E+00  3.2882E-02 -2.3735E+00
  3.6439E-01  5.1439E-01 -1.2444E-04  2.3100E-01  2.3412E+00  3.2128E-02 -2.3366E+00
  3.6580E-01  5.2123E-01 -1.2385E-04  2.2772E-01  2.3043E+00  3.1193E-02 -2.2999E+00
  3.6711E-01  5.2758E-01 -1.2323E-04  2.2470E-01  2.2701E+00  3.0112E-02 -2.2659E+00
  3.6855E-01  5.3441E-01 -1.2248E-04  2.2147E-01  2.2329E+00  2.8658E-02 -2.2290E+00
  3.6999E-01  5.4125E-01 -1.2161E-04  2.1827E-01  2.1949E+00  2.6837E-02 -2.1915E+00
  3.7134E-01  5.4759E-01 -1.2066E-04  2.1532E-01  2.1586E+00  2.4761E-02 -2.1556E+00
  3.7280E-01  5.5443E-01 -1.1944E-04  2.1219E-01  2.1176E+00  2.2090E-02 -2.1152E+00
  3.7416E-01  5.6078E-01 -1.1807E-04  2.0931E-01  2.0774E+00  1.9295E-02 -2.0755E+00
  3.7554E-01  5.6713E-01 -1.1642E-04  2.0647E-01  2.0345E+00  1.6559E-02 -2.0331E+00
  3.7692E-01  5.7347E-01 -1.1442E-04  2.0368E-01  1.9883E+00  1.4809E-02 -1.9871E+00
  3.7831E-01  5.7982E-01 -1.1201E-04  2.0093E-01  1.9384E+00  1.5551E-02 -1.9371E+00
  3.7971E-01  5.8617E-01 -1.0914E-04  1.9824E-01  1.8845E+00  1.9507E-02 -1.8824E+00
  3.8112E-01  5.9252E-01 -1.0577E-04  1.9562E-01  1.8266E+00  2.5887E-02 -1.8226E+00
  3.8253E-01  5.9886E-01 -1.0188E-04  1.9308E-01  1.7648E+00  3.3571E-02 -1.7579E+00
  3.8395E-01  6.0521E-01 -9.7509E-05  1.9061E-01  1.6996E+00  4.1715E-02 -1.6885E+00
  3.8537E-01  6.1156E-01 -9.2702E-05  1.8824E-01  1.6316E+00  4.9669E-02 -1.6150E+00
  3.8680E-01  6.1789E-01 -8.7566E-05  1.8597E-01  1.5614E+00  5.6899E-02 -1.5385E+00
  3.8813E-01  6.2375E-01 -8.2592E-05  1.8397E-01  1.4947E+00  6.2627E-02 -1.4655E+00
  3.8957E-01  6.3010E-01 -7.7068E-05  1.8190E-01  1.4211E+00  6.7523E-02 -1.3851E+00
  3.9090E-01  6.3596E-01 -7.1934E-05  1.8008E-01  1.3522E+00  7.0674E-02 -1.3102E+00
  3.9235E-01  6.4230E-01 -6.6427E-05  1.7823E-01  1.2765E+00  7.2512E-02 -1.2293E+00
  3.9380E-01  6.4862E-01 -6.1092E-05  1.7650E-01  1.2007E+00  7.2685E-02 -1.1497E+00
  3.9515E-01  6.5448E-01 -5.6340E-05  1.7499E-01  1.1301E+00  7.1404E-02 -1.0773E+00
  3.9660E-01  6.6080E-01 -5.1505E-05  1.7347E-01  1.0544E+00  6.8558E-02 -1.0017E+00
  3.9795E-01  6.6666E-01 -4.7358E-05  1.7215E-01  9.8532E-01  6.4694E-02 -9.3470E-01
  3.9930E-01  6.7252E-01 -4.3588E-05  1.7093E-01  9.1808E-01  5.9827E-02 -8.7128E-01
  4.0077E-01  6.7887E-01 -3.9977E-05  1.6969E-01  8.4850E-01  5.3678E-02 -8.0746E-01
  4.0213E-01  6.8472E-01 -3.7103E-05  1.6863E-01  7.8853E-01  4.7501E-02 -7.5376E-01
  4.0360E-01  6.9107E-01 -3.4487E-05  1.6756E-01  7.2947E-01  4.0638E-02 -7.0182E-01
  4.0496E-01  6.9693E-01 -3.2507E-05  1.6663E-01  6.8139E-01  3.4494E-02 -6.5997E-01
  4.0632E-01  7.0279E-01 -3.0908E-05  1.6576E-01  6.3998E-01  2.8811E-02 -6.2400E-01
  4.0779E-01  7.0914E-01 -2.9551E-05  1.6486E-01  6.0264E-01  2.3406E-02 -5.9138E-01
  4.0915E-01  7.1500E-01 -2.8592E-05  1.6408E-01  5.7464E-01  1.9227E-02 -5.6664E-01
  4.1051E-01  7.2086E-01 -2.7867E-05  1.6332E-01  5.5208E-01  1.5839E-02 -5.4639E-01
  4.1199E-01  7.2720E-01 -2.7296E-05  1.6253E-01  5.3275E-01  1.3009E-02 -5.2875E-01
  4.1335E-01  7.3306E-01 -2.6927E-05  1.6182E-01  5.1871E-01  1.1072E-02 -5.1572E-01
  4.1471E-01  7.3892E-01 -2.6679E-05  1.6112E-01  5.0755E-01  9.6729E-03 -5.0520E-01
  4.1619E-01  7.4527E-01 -2.6519E-05  1.6038E-01  4.9798E-01  8.6315E-03 -4.9605E-01
  4.1755E-01  7.5113E-01 -2.6451E-05  1.5971E-01  4.9095E-01  7.9964E-03 -4.8926E-01
  4.1891E-01  7.5699E-01 -2.6443E-05  1.5905E-01  4.8526E-01  7.5834E-03 -4.8371E-01
  4.2039E-01  7.6334E-01 -2.6489E-05  1.5834E-01  4.8027E-01  7.3060E-03 -4.7880E-01
  4.2175E-01  7.6920E-01 -2.6571E-05  1.5769E-01  4.7652E-01  7.1534E-03 -4.7509E-01
  4.2312E-01  7.7506E-01 -2.6685E-05  1.5704E-01  4.7342E-01  7.0643E-03 -4.7201E-01
  4.2459E-01  7.8140E-01 -2.6836E-05  1.5635E-01  4.7064E-01  7.0130E-03 -4.6923E-01
  4.2596E-01  7.8726E-01 -2.6997E-05  1.5571E-01  4.6850E-01  6.9917E-03 -4.6708E-01
  4.2732E-01  7.9312E-01 -2.7175E-05  1.5507E-01  4.6670E-01  6.9854E-03 -4.6527E-01
  4.2880E-01  7.9947E-01 -2.7384E-05  1.5439E-01  4.6505E-01  6.9890E-03 -4.6360E-01
  4.3016E-01  8.0533E-01 -2.7589E-05  1.5375E-01  4.6376E-01  6.9979E-03 -4.6229E-01
  4.3153E-01  8.1119E-01 -2.7803E-05  1.5312E-01  4.6266E-01  7.0100E-03 -4.6116E-01
  4.3300E-01  8.1752E-01 -2.8044E-05  1.5245E-01  4.6163E-01  7.0249E-03 -4.6011E-01
  4.3436E-01  8.2338E-01 -2.8275E-05  1.5182E-01  4.6081E-01  7.0396E-03 -4.5927E-01
  4.3573E-01  8.2924E-01 -2.8511E-05  1.5119E-01  4.6010E-01  7.0546E-03 -4.5854E-01
  4.3720E-01  8.3557E-01 -2.8773E-05  1.5052E-01  4.5944E-01  7.0707E-03 -4.5786E-01
  4.3856E-01  8.4143E-01 -2.9020E-05  1.4989E-01  4.5891E-01  7.0853E-03 -4.5730E-01
  4.3993E-01  8.4728E-01 -2.9271E-05  1.4927E-01  4.5844E-01  7.0992E-03 -4.5682E-01
  4.4140E-01  8.5361E-01 -2.9546E-05  1.4860E-01  4.5800E-01  7.1135E-03 -4.5635E-01
  4.4276E-01  8.5947E-01 -2.9804E-05  1.4798E-01  4.5765E-01  7.1261E-03 -4.5597E-01
  4.4413E-01  8.6533E-01 -3.0064E-05  1.4735E-01  4.5733E-01  7.1377E-03 -4.5564E-01
  4.4700E-01  8.7767E-01 -3.0619E-05  1.4605E-01  4.5677E-01  7.1600E-03 -4.5503E-01
