  3.0831E-01  7.5681E-02  5.9232E-05  3.9966E-01  5.9249E-01  8.0535E-03 -5.6633E-01
  3.0970E-01  1.0888E-01  6.0405E-05  3.9835E-01  1.3197E+00  1.4646E-02 -1.3012E+00
  3.1110E-01  1.3427E-01  6.1523E-05  3.9609E-01  1.9229E+00  1.9005E-02 -1.9089E+00
  3.1251E-01  1.5576E-01  6.2513E-05  3.9304E-01  2.4161E+00  2.1653E-02 -2.4053E+00
  3.1393E-01  1.7480E-01  6.3320E-05  3.8935E-01  2.7996E+00  2.3364E-02 -2.7909E+00
  3.1534E-01  1.9189E-01  6.3932E-05  3.8520E-01  3.0863E+00  2.4060E-02 -3.0793E+00
  3.1674E-01  2.0752E-01  6.4350E-05  3.8072E-01  3.2954E+00  2.4289E-02 -3.2896E+00
  3.1811E-01  2.2168E-01  6.4588E-05  3.7613E-01  3.4395E+00  2.4245E-02 -3.4346E+00
  3.1951E-01  2.3535E-01  6.4681E-05  3.7124E-01  3.5403E+00  2.4039E-02 -3.5361E+00
  3.2094E-01  2.4853E-01  6.4636E-05  3.6613E-01  3.6047E+00  2.3756E-02 -3.6011E+00
  3.2233E-01  2.6074E-01  6.4476E-05  3.6110E-01  3.6382E+00  2.3433E-02 -3.6349E+00
  3.2372E-01  2.7246E-01  6.4215E-05  3.5601E-01  3.6488E+00  2.3089E-02 -3.6458E+00
  3.2512E-01  2.8369E-01  6.3867E-05  3.5093E-01  3.6411E+00  2.2755E-02 -3.6384E+00
  3.2650E-01  2.9443E-01  6.3448E-05  3.4591E-01  3.6192E+00  2.2448E-02 -3.6168E+00
  3.2793E-01  3.0517E-01  6.2949E-05  3.4075E-01  3.5849E+00  2.2173E-02 -3.5826E+00
  3.2935E-01  3.1543E-01  6.2402E-05  3.3572E-01  3.5422E+00  2.1946E-02 -3.5400E+00
  3.3073E-01  3.2519E-01  6.1821E-05  3.3085E-01  3.4939E+00  2.1770E-02 -3.4918E+00
  3.3216E-01  3.3496E-01  6.1186E-05  3.2592E-01  3.4394E+00  2.1630E-02 -3.4374E+00
  3.3354E-01  3.4424E-01  6.0538E-05  3.2119E-01  3.3830E+00  2.1528E-02 -3.3810E+00
  3.3496E-01  3.5351E-01  5.9850E-05  3.1643E-01  3.3228E+00  2.1458E-02 -3.3209E+00
  3.3634E-01  3.6230E-01  5.9165E-05  3.1189E-01  3.2631E+00  2.1419E-02 -3.2613E+00
  3.3775E-01  3.7109E-01  5.8451E-05  3.0735E-01  3.2014E+00  2.1403E-02 -3.1996E+00
  3.3910E-01  3.7939E-01  5.7754E-05  3.0306E-01  3.1419E+00  2.1411E-02 -3.1401E+00
  3.4056E-01  3.8818E-01  5.6994E-05  2.9852E-01  3.0780E+00  2.1439E-02 -3.0762E+00
  3.4197E-01  3.9648E-01  5.6260E-05  2.9424E-01  3.0174E+00  2.1484E-02 -3.0155E+00
  3.4331E-01  4.0429E-01  5.5557E-05  2.9022E-01  2.9603E+00  2.1540E-02 -2.9585E+00
  3.4476E-01  4.1259E-01  5.4799E-05  2.8597E-01  2.9001E+00  2.1612E-02 -2.8982E+00
  3.4615E-01  4.2041E-01  5.4077E-05  2.8199E-01  2.8440E+00  2.1688E-02 -2.8421E+00
  3.4756E-01  4.2822E-01  5.3350E-05  2.7803E-01  2.7888E+00  2.1772E-02 -2.7869E+00
  3.4898E-01  4.3603E-01  5.2619E-05  2.7409E-01  2.7345E+00  2.1860E-02 -2.7326E+00
  3.5034E-01  4.4336E-01  5.1931E-05  2.7042E-01  2.6847E+00  2.1948E-02 -2.6827E+00
  3.5171E-01  4.5068E-01  5.1242E-05  2.6678E-01  2.6359E+00  2.2040E-02 -2.6339E+00
  3.5319E-01  4.5849E-01  5.0506E-05  2.6292E-01  2.5852E+00  2.2140E-02 -2.5832E+00
  3.5459E-01  4.6582E-01  4.9818E-05  2.5932E-01  2.5390E+00  2.2237E-02 -2.5369E+00
  3.5592E-01  4.7265E-01  4.9177E-05  2.5599E-01  2.4970E+00  2.2328E-02 -2.4949E+00
  3.5735E-01  4.7998E-01  4.8493E-05  2.5245E-01  2.4534E+00  2.2425E-02 -2.4512E+00
  3.5870E-01  4.8681E-01  4.7857E-05  2.4916E-01  2.4138E+00  2.2513E-02 -2.4116E+00
  3.6016E-01  4.9414E-01  4.7178E-05  2.4567E-01  2.3727E+00  2.2605E-02 -2.3705E+00
  3.6154E-01  5.0097E-01  4.6547E-05  2.4243E-01  2.3353E+00  2.2686E-02 -2.3331E+00
  3.6293E-01  5.0781E-01  4.5918E-05  2.3921E-01  2.2989E+00  2.2762E-02 -2.2966E+00
  3.6433E-01  5.1465E-01  4.5292E-05  2.3602E-01  2.2633E+00  2.2834E-02 -2.2610E+00
  3.6574E-01  5.2148E-01  4.4667E-05  2.3286E-01  2.2284E+00  2.2901E-02 -2.2260E+00
  3.6716E-01  5.2832E-01  4.4043E-05  2.2971E-01  2.1941E+00  2.2960E-02 -2.1917E+00
  3.6860E-01  5.3515E-01  4.3419E-05  2.2659E-01  2.1602E+00  2.3008E-02 -2.1577E+00
  3.6994E-01  5.4150E-01  4.2839E-05  2.2372E-01  2.1287E+00  2.3039E-02 -2.1262E+00
  3.7139E-01  5.4834E-01  4.2211E-05  2.2065E-01  2.0946E+00  2.3056E-02 -2.0920E+00
  3.7275E-01  5.5468E-01  4.1623E-05  2.1783E-01  2.0621E+00  2.3057E-02 -2.0595E+00
  3.7412E-01  5.6103E-01  4.1027E-05  2.1503E-01  2.0284E+00  2.3045E-02 -2.0258E+00
  3.7560E-01  5.6784E-01  4.0376E-05  2.1206E-01  1.9902E+00  2.3025E-02 -1.9876E+00
  3.7699E-01  5.7419E-01  3.9753E-05  2.0933E-01  1.9521E+00  2.3005E-02 -1.9494E+00
  3.7838E-01  5.8054E-01  3.9112E-05  2.0664E-01  1.9107E+00  2.2994E-02 -1.9079E+00
  3.7978E-01  5.8688E-01  3.8445E-05  2.0400E-01  1.8649E+00  2.3016E-02 -1.8621E+00
  3.8119E-01  5.9323E-01  3.7747E-05  2.0141E-01  1.8136E+00  2.3112E-02 -1.8106E+00
  3.8260E-01  5.9954E-01  3.7014E-05  1.9890E-01  1.7554E+00  2.3350E-02 -1.7523E+00
  3.8391E-01  6.0540E-01  3.6293E-05  1.9664E-01  1.6937E+00  2.3764E-02 -1.6903E+00
  3.8534E-01  6.1175E-01  3.5462E-05  1.9427E-01  1.6172E+00  2.4472E-02 -1.6134E+00
  3.8678E-01  6.1809E-01  3.4575E-05  1.9202E-01  1.5300E+00  2.5461E-02 -1.5256E+00
  3.8811E-01  6.2395E-01  3.3710E-05  1.9005E-01  1.4397E+00  2.6576E-02 -1.4347E+00
  3.8956E-01  6.3030E-01  3.2728E-05  1.8805E-01  1.3322E+00  2.7857E-02 -1.3262E+00
  3.9100E-01  6.3660E-01  3.1724E-05  1.8622E-01  1.2177E+00  2.8950E-02 -1.2106E+00
  3.9234E-01  6.4246E-01  3.0782E-05  1.8466E-01  1.1079E+00  2.9579E-02 -1.0997E+00
  3.9380E-01  6.4879E-01  2.9781E-05  1.8315E-01  9.9028E-01  2.9696E-02 -9.8101E-01
  3.9515E-01  6.5465E-01  2.8896E-05  1.8190E-01  8.8690E-01  2.9304E-02 -8.7676E-01
  3.9650E-01  6.6051E-01  2.8070E-05  1.8078E-01  7.9237E-01  2.8573E-02 -7.8152E-01
  3.9797E-01  6.6686E-01  2.7259E-05  1.7970E-01  7.0268E-01  2.7609E-02 -6.9118E-01
  3.9933E-01  6.7272E-01  2.6595E-05  1.7881E-01  6.3264E-01  2.6753E-02 -6.2058E-01
  4.0080E-01  6.7907E-01  2.5967E-05  1.7794E-01  5.7023E-01  2.5982E-02 -5.5752E-01
  4.0216E-01  6.8492E-01  2.5463E-05  1.7722E-01  5.2380E-01  2.5457E-02 -5.1043E-01
  4.0352E-01  6.9078E-01  2.5022E-05  1.7655E-01  4.8650E-01  2.5092E-02 -4.7243E-01
  4.0499E-01  6.9713E-01  2.4603E-05  1.7588E-01  4.5451E-01  2.4840E-02 -4.3964E-01
  4.0635E-01  7.0299E-01  2.4260E-05  1.7530E-01  4.3117E-01  2.4703E-02 -4.1557E-01
  4.0771E-01  7.0885E-01  2.3950E-05  1.7475E-01  4.1249E-01  2.4626E-02 -3.9618E-01
  4.0919E-01  7.1520E-01  2.3644E-05  1.7417E-01  3.9636E-01  2.4589E-02 -3.7931E-01
  4.1055E-01  7.2106E-01  2.3382E-05  1.7367E-01  3.8441E-01  2.4582E-02 -3.6674E-01
  4.1191E-01  7.2692E-01  2.3136E-05  1.7317E-01  3.7467E-01  2.4592E-02 -3.5641E-01
  4.1339E-01  7.3326E-01  2.2884E-05  1.7266E-01  3.6607E-01  2.4616E-02 -3.4722E-01
  4.1475E-01  7.3912E-01  2.2661E-05  1.7219E-01  3.5956E-01  2.4646E-02 -3.4020E-01
  4.1612E-01  7.4498E-01  2.2445E-05  1.7173E-01  3.5412E-01  2.4681E-02 -3.3429E-01
  4.1759E-01  7.5133E-01  2.2219E-05  1.7124E-01  3.4921E-01  2.4722E-02 -3.2891E-01
  4.1896E-01  7.5719E-01  2.2014E-05  1.7079E-01  3.4539E-01  2.4762E-02 -3.2468E-01
  4.2032E-01  7.6305E-01  2.1814E-05  1.7035E-01  3.4213E-01  2.4804E-02 -3.2103E-01
  4.2180E-01  7.6940E-01  2.1600E-05  1.6988E-01  3.3910E-01  2.4851E-02 -3.1760E-01
  4.2316E-01  7.7526E-01  2.1405E-05  1.6945E-01  3.3669E-01  2.4894E-02 -3.1483E-01
  4.2452E-01  7.8112E-01  2.1212E-05  1.6902E-01  3.3457E-01  2.4938E-02 -3.1238E-01
  4.2600E-01  7.8746E-01  2.1004E-05  1.6856E-01  3.3255E-01  2.4987E-02 -3.1000E-01
  4.2736E-01  7.9332E-01  2.0813E-05  1.6814E-01  3.3089E-01  2.5031E-02 -3.0803E-01
  4.2873E-01  7.9918E-01  2.0624E-05  1.6772E-01  3.2940E-01  2.5075E-02 -3.0623E-01
  4.3020E-01  8.0551E-01  2.0419E-05  1.6727E-01  3.2796E-01  2.5124E-02 -3.0445E-01
  4.3156E-01  8.1137E-01  2.0231E-05  1.6686E-01  3.2674E-01  2.5168E-02 -3.0292E-01
  4.3293E-01  8.1723E-01  2.0042E-05  1.6645E-01  3.2562E-01  2.5212E-02 -3.0151E-01
  4.3440E-01  8.2355E-01  1.9839E-05  1.6600E-01  3.2451E-01  2.5260E-02 -3.0008E-01
  4.3576E-01  8.2941E-01  1.9651E-05  1.6560E-01  3.2356E-01  2.5304E-02 -2.9884E-01
  4.3713E-01  8.3527E-01  1.9463E-05  1.6519E-01  3.2268E-01  2.5349E-02 -2.9767E-01
  4.3860E-01  8.4160E-01  1.9260E-05  1.6475E-01  3.2179E-01  2.5396E-02 -2.9648E-01
  4.3996E-01  8.4746E-01  1.9072E-05  1.6435E-01  3.2103E-01  2.5441E-02 -2.9543E-01
  4.4133E-01  8.5332E-01  1.8883E-05  1.6395E-01  3.2032E-01  2.5485E-02 -2.9443E-01
  4.4280E-01  8.5964E-01  1.8680E-05  1.6351E-01  3.1960E-01  2.5532E-02 -2.9341E-01
  4.4416E-01  8.6550E-01  1.8491E-05  1.6311E-01  3.1898E-01  2.5575E-02 -2.9251E-01
  4.4700E-01  8.7768E-01  1.8098E-05  1.6229E-01  3.1781E-01  2.5663E-02 -2.9076E-01
