  3.0830E-01  7.5458E-02  5.9517E-05  3.9969E-01  5.7131E-01  8.8556E-03 -5.3808E-01
  3.0972E-01  1.0915E-01  6.1032E-05  3.9840E-01  1.3049E+00  1.5748E-02 -1.2833E+00
  3.1112E-01  1.3454E-01  6.2432E-05  3.9616E-01  1.9078E+00  2.0267E-02 -1.8918E+00
  3.1253E-01  1.5602E-01  6.3671E-05  3.9313E-01  2.4007E+00  2.3037E-02 -2.3884E+00
  3.1391E-01  1.7458E-01  6.4676E-05  3.8955E-01  2.7749E+00  2.4833E-02 -2.7649E+00
  3.1532E-01  1.9167E-01  6.5487E-05  3.8544E-01  3.0629E+00  2.5680E-02 -3.0549E+00
  3.1672E-01  2.0729E-01  6.6086E-05  3.8101E-01  3.2734E+00  2.6065E-02 -3.2667E+00
  3.1813E-01  2.2194E-01  6.6500E-05  3.7628E-01  3.4230E+00  2.6167E-02 -3.4173E+00
  3.1954E-01  2.3561E-01  6.6745E-05  3.7141E-01  3.5237E+00  2.6107E-02 -3.5188E+00
  3.2091E-01  2.4831E-01  6.6846E-05  3.6652E-01  3.5862E+00  2.5978E-02 -3.5819E+00
  3.2230E-01  2.6052E-01  6.6826E-05  3.6151E-01  3.6206E+00  2.5799E-02 -3.6166E+00
  3.2376E-01  2.7272E-01  6.6693E-05  3.5624E-01  3.6321E+00  2.5586E-02 -3.6285E+00
  3.2515E-01  2.8395E-01  6.6469E-05  3.5118E-01  3.6245E+00  2.5387E-02 -3.6212E+00
  3.2654E-01  2.9470E-01  6.6168E-05  3.4618E-01  3.6027E+00  2.5206E-02 -3.5996E+00
  3.2790E-01  3.0495E-01  6.5805E-05  3.4128E-01  3.5703E+00  2.5060E-02 -3.5674E+00
  3.2932E-01  3.1520E-01  6.5371E-05  3.3627E-01  3.5282E+00  2.4947E-02 -3.5254E+00
  3.3077E-01  3.2546E-01  6.4870E-05  3.3118E-01  3.4778E+00  2.4872E-02 -3.4751E+00
  3.3212E-01  3.3474E-01  6.4366E-05  3.2652E-01  3.4263E+00  2.4834E-02 -3.4237E+00
  3.3351E-01  3.4401E-01  6.3818E-05  3.2181E-01  3.3703E+00  2.4821E-02 -3.3677E+00
  3.3493E-01  3.5329E-01  6.3228E-05  3.1706E-01  3.3105E+00  2.4835E-02 -3.3079E+00
  3.3631E-01  3.6208E-01  6.2637E-05  3.1255E-01  3.2511E+00  2.4870E-02 -3.2486E+00
  3.3771E-01  3.7087E-01  6.2015E-05  3.0803E-01  3.1897E+00  2.4925E-02 -3.1872E+00
  3.3914E-01  3.7966E-01  6.1367E-05  3.0350E-01  3.1269E+00  2.5000E-02 -3.1244E+00
  3.4052E-01  3.8796E-01  6.0733E-05  2.9923E-01  3.0668E+00  2.5087E-02 -3.0642E+00
  3.4193E-01  3.9626E-01  6.0079E-05  2.9497E-01  3.0063E+00  2.5186E-02 -3.0038E+00
  3.4336E-01  4.0456E-01  5.9411E-05  2.9072E-01  2.9459E+00  2.5298E-02 -2.9433E+00
  3.4472E-01  4.1237E-01  5.8770E-05  2.8674E-01  2.8893E+00  2.5411E-02 -2.8868E+00
  3.4611E-01  4.2018E-01  5.8121E-05  2.8278E-01  2.8334E+00  2.5531E-02 -2.8308E+00
  3.4752E-01  4.2800E-01  5.7465E-05  2.7884E-01  2.7783E+00  2.5656E-02 -2.7756E+00
  3.4894E-01  4.3581E-01  5.6804E-05  2.7492E-01  2.7241E+00  2.5785E-02 -2.7214E+00
  3.5039E-01  4.4362E-01  5.6139E-05  2.7102E-01  2.6711E+00  2.5916E-02 -2.6684E+00
  3.5176E-01  4.5095E-01  5.5512E-05  2.6740E-01  2.6225E+00  2.6041E-02 -2.6197E+00
  3.5315E-01  4.5827E-01  5.4883E-05  2.6379E-01  2.5751E+00  2.6167E-02 -2.5723E+00
  3.5455E-01  4.6559E-01  5.4252E-05  2.6021E-01  2.5290E+00  2.6294E-02 -2.5261E+00
  3.5597E-01  4.7292E-01  5.3620E-05  2.5666E-01  2.4841E+00  2.6421E-02 -2.4812E+00
  3.5731E-01  4.7975E-01  5.3031E-05  2.5337E-01  2.4435E+00  2.6538E-02 -2.4405E+00
  3.5875E-01  4.8708E-01  5.2399E-05  2.4987E-01  2.4012E+00  2.6659E-02 -2.3982E+00
  3.6012E-01  4.9391E-01  5.1810E-05  2.4662E-01  2.3629E+00  2.6768E-02 -2.3598E+00
  3.6159E-01  5.0124E-01  5.1179E-05  2.4317E-01  2.3230E+00  2.6880E-02 -2.3198E+00
  3.6298E-01  5.0808E-01  5.0590E-05  2.3997E-01  2.2867E+00  2.6980E-02 -2.2835E+00
  3.6438E-01  5.1491E-01  5.0002E-05  2.3680E-01  2.2512E+00  2.7076E-02 -2.2479E+00
  3.6580E-01  5.2175E-01  4.9414E-05  2.3365E-01  2.2164E+00  2.7166E-02 -2.2131E+00
  3.6712E-01  5.2809E-01  4.8867E-05  2.3074E-01  2.1846E+00  2.7243E-02 -2.1813E+00
  3.6855E-01  5.3493E-01  4.8277E-05  2.2764E-01  2.1508E+00  2.7315E-02 -2.1473E+00
  3.7000E-01  5.4177E-01  4.7683E-05  2.2456E-01  2.1170E+00  2.7371E-02 -2.1135E+00
  3.7135E-01  5.4811E-01  4.7128E-05  2.2173E-01  2.0854E+00  2.7410E-02 -2.0818E+00
  3.7271E-01  5.5446E-01  4.6566E-05  2.1892E-01  2.0530E+00  2.7437E-02 -2.0494E+00
  3.7418E-01  5.6130E-01  4.5951E-05  2.1593E-01  2.0167E+00  2.7451E-02 -2.0130E+00
  3.7556E-01  5.6765E-01  4.5368E-05  2.1318E-01  1.9812E+00  2.7459E-02 -1.9774E+00
  3.7694E-01  5.7399E-01  4.4769E-05  2.1046E-01  1.9431E+00  2.7465E-02 -1.9393E+00
  3.7834E-01  5.8034E-01  4.4151E-05  2.0779E-01  1.9018E+00  2.7475E-02 -1.8979E+00
  3.7974E-01  5.8669E-01  4.3507E-05  2.0516E-01  1.8562E+00  2.7511E-02 -1.8521E+00
  3.8115E-01  5.9304E-01  4.2833E-05  2.0258E-01  1.8049E+00  2.7605E-02 -1.8007E+00
  3.8257E-01  5.9938E-01  4.2120E-05  2.0007E-01  1.7465E+00  2.7821E-02 -1.7421E+00
  3.8399E-01  6.0573E-01  4.1361E-05  1.9764E-01  1.6793E+00  2.8227E-02 -1.6745E+00
  3.8531E-01  6.1159E-01  4.0616E-05  1.9547E-01  1.6083E+00  2.8815E-02 -1.6032E+00
  3.8675E-01  6.1794E-01  3.9756E-05  1.9323E-01  1.5211E+00  2.9698E-02 -1.5153E+00
  3.8819E-01  6.2429E-01  3.8845E-05  1.9112E-01  1.4228E+00  3.0796E-02 -1.4161E+00
  3.8952E-01  6.3015E-01  3.7966E-05  1.8929E-01  1.3230E+00  3.1893E-02 -1.3152E+00
  3.9098E-01  6.3649E-01  3.6987E-05  1.8746E-01  1.2074E+00  3.2942E-02 -1.1983E+00
  3.9232E-01  6.4235E-01  3.6078E-05  1.8593E-01  1.0972E+00  3.3577E-02 -1.0867E+00
  3.9378E-01  6.4870E-01  3.5113E-05  1.8443E-01  9.7881E-01  3.3754E-02 -9.6684E-01
  3.9513E-01  6.5456E-01  3.4265E-05  1.8319E-01  8.7499E-01  3.3456E-02 -8.6176E-01
  3.9660E-01  6.6091E-01  3.3416E-05  1.8201E-01  7.7265E-01  3.2783E-02 -7.5817E-01
  3.9795E-01  6.6677E-01  3.2711E-05  1.8104E-01  6.9003E-01  3.2011E-02 -6.7447E-01
  3.9931E-01  6.7263E-01  3.2088E-05  1.8017E-01  6.1976E-01  3.1265E-02 -6.0313E-01
  4.0078E-01  6.7897E-01  3.1505E-05  1.7934E-01  5.5719E-01  3.0587E-02 -5.3936E-01
  4.0214E-01  6.8483E-01  3.1044E-05  1.7864E-01  5.1072E-01  3.0125E-02 -4.9171E-01
  4.0360E-01  6.9114E-01  3.0618E-05  1.7795E-01  4.7092E-01  2.9784E-02 -4.5061E-01
  4.0496E-01  6.9700E-01  3.0277E-05  1.7736E-01  4.4170E-01  2.9584E-02 -4.2019E-01
  4.0632E-01  7.0286E-01  2.9979E-05  1.7680E-01  4.1843E-01  2.9466E-02 -3.9574E-01
  4.0780E-01  7.0921E-01  2.9692E-05  1.7623E-01  3.9847E-01  2.9400E-02 -3.7456E-01
  4.0916E-01  7.1507E-01  2.9455E-05  1.7573E-01  3.8382E-01  2.9379E-02 -3.5886E-01
  4.1052E-01  7.2093E-01  2.9238E-05  1.7526E-01  3.7198E-01  2.9381E-02 -3.4604E-01
  4.1200E-01  7.2727E-01  2.9020E-05  1.7475E-01  3.6162E-01  2.9403E-02 -3.3471E-01
  4.1336E-01  7.3313E-01  2.8832E-05  1.7430E-01  3.5385E-01  2.9434E-02 -3.2610E-01
  4.1472E-01  7.3899E-01  2.8653E-05  1.7386E-01  3.4742E-01  2.9471E-02 -3.1891E-01
  4.1620E-01  7.4534E-01  2.8466E-05  1.7340E-01  3.4167E-01  2.9518E-02 -3.1239E-01
  4.1756E-01  7.5120E-01  2.8300E-05  1.7298E-01  3.3724E-01  2.9564E-02 -3.0731E-01
  4.1892E-01  7.5706E-01  2.8139E-05  1.7256E-01  3.3349E-01  2.9612E-02 -3.0294E-01
  4.2040E-01  7.6340E-01  2.7968E-05  1.7212E-01  3.3005E-01  2.9666E-02 -2.9888E-01
  4.2176E-01  7.6926E-01  2.7813E-05  1.7171E-01  3.2733E-01  2.9717E-02 -2.9561E-01
  4.2313E-01  7.7512E-01  2.7661E-05  1.7131E-01  3.2497E-01  2.9769E-02 -2.9272E-01
  4.2460E-01  7.8145E-01  2.7497E-05  1.7088E-01  3.2274E-01  2.9826E-02 -2.8995E-01
  4.2596E-01  7.8731E-01  2.7347E-05  1.7049E-01  3.2093E-01  2.9879E-02 -2.8765E-01
  4.2733E-01  7.9317E-01  2.7197E-05  1.7010E-01  3.1931E-01  2.9932E-02 -2.8556E-01
  4.2880E-01  7.9949E-01  2.7036E-05  1.6968E-01  3.1775E-01  2.9989E-02 -2.8350E-01
  4.3016E-01  8.0535E-01  2.6888E-05  1.6929E-01  3.1645E-01  3.0043E-02 -2.8175E-01
  4.3153E-01  8.1121E-01  2.6740E-05  1.6891E-01  3.1526E-01  3.0096E-02 -2.8012E-01
  4.3300E-01  8.1754E-01  2.6580E-05  1.6850E-01  3.1409E-01  3.0152E-02 -2.7849E-01
  4.3436E-01  8.2340E-01  2.6431E-05  1.6812E-01  3.1310E-01  3.0205E-02 -2.7706E-01
  4.3573E-01  8.2926E-01  2.6283E-05  1.6774E-01  3.1218E-01  3.0257E-02 -2.7572E-01
  4.3720E-01  8.3558E-01  2.6122E-05  1.6734E-01  3.1126E-01  3.0313E-02 -2.7435E-01
  4.3856E-01  8.4144E-01  2.5974E-05  1.6696E-01  3.1047E-01  3.0365E-02 -2.7314E-01
  4.3993E-01  8.4730E-01  2.5825E-05  1.6659E-01  3.0973E-01  3.0417E-02 -2.7199E-01
  4.4140E-01  8.5363E-01  2.5665E-05  1.6619E-01  3.0899E-01  3.0472E-02 -2.7081E-01
  4.4276E-01  8.5948E-01  2.5516E-05  1.6582E-01  3.0835E-01  3.0523E-02 -2.6976E-01
  4.4413E-01  8.6534E-01  2.5367E-05  1.6546E-01  3.0776E-01  3.0574E-02 -2.6876E-01
  4.4700E-01  8.7768E-01  2.5054E-05  1.6469E-01  3.0662E-01  3.0678E-02 -2.6677E-01
