  3.0832E-01  7.5785E-02  1.3526E-05  3.9969E-01  5.7485E-01  8.6797E-03 -5.4346E-01
  3.0971E-01  1.0899E-01  1.2194E-05  3.9842E-01  1.2994E+00  1.5381E-02 -1.2787E+00
  3.1111E-01  1.3438E-01  1.0705E-05  3.9619E-01  1.9024E+00  1.9844E-02 -1.8870E+00
  3.1252E-01  1.5586E-01  9.1641E-06  3.9316E-01  2.3957E+00  2.2585E-02 -2.3839E+00
  3.1394E-01  1.7491E-01  7.6226E-06  3.8950E-01  2.7796E+00  2.4382E-02 -2.7701E+00
  3.1531E-01  1.9151E-01  6.1726E-06  3.8550E-01  3.0593E+00  2.5165E-02 -3.0516E+00
  3.1671E-01  2.0713E-01  4.7313E-06  3.8107E-01  3.2705E+00  2.5520E-02 -3.2640E+00
  3.1812E-01  2.2178E-01  3.3260E-06  3.7635E-01  3.4208E+00  2.5592E-02 -3.4153E+00
  3.1952E-01  2.3545E-01  1.9736E-06  3.7149E-01  3.5220E+00  2.5504E-02 -3.5173E+00
  3.2095E-01  2.4864E-01  6.3793E-07  3.6641E-01  3.5869E+00  2.5341E-02 -3.5827E+00
  3.2234E-01  2.6084E-01 -6.2140E-07  3.6139E-01  3.6207E+00  2.5137E-02 -3.6170E+00
  3.2374E-01  2.7256E-01 -1.8476E-06  3.5633E-01  3.6317E+00  2.4911E-02 -3.6283E+00
  3.2513E-01  2.8379E-01 -3.0358E-06  3.5127E-01  3.6244E+00  2.4694E-02 -3.6213E+00
  3.2652E-01  2.9454E-01 -4.1819E-06  3.4627E-01  3.6029E+00  2.4498E-02 -3.6000E+00
  3.2795E-01  3.0528E-01 -5.3353E-06  3.4114E-01  3.5690E+00  2.4332E-02 -3.5662E+00
  3.2936E-01  3.1553E-01 -6.4421E-06  3.3613E-01  3.5266E+00  2.4208E-02 -3.5239E+00
  3.3075E-01  3.2530E-01 -7.5008E-06  3.3128E-01  3.4786E+00  2.4126E-02 -3.4760E+00
  3.3217E-01  3.3506E-01 -8.5631E-06  3.2637E-01  3.4244E+00  2.4078E-02 -3.4219E+00
  3.3356E-01  3.4434E-01 -9.5750E-06  3.2166E-01  3.3682E+00  2.4060E-02 -3.3658E+00
  3.3490E-01  3.5313E-01 -1.0536E-05  3.1716E-01  3.3116E+00  2.4068E-02 -3.3092E+00
  3.3636E-01  3.6241E-01 -1.1551E-05  3.1240E-01  3.2489E+00  2.4099E-02 -3.2465E+00
  3.3776E-01  3.7120E-01 -1.2515E-05  3.0788E-01  3.1875E+00  2.4150E-02 -3.1851E+00
  3.3912E-01  3.7950E-01 -1.3427E-05  3.0360E-01  3.1281E+00  2.4217E-02 -3.1258E+00
  3.4058E-01  3.8829E-01 -1.4393E-05  2.9908E-01  3.0645E+00  2.4305E-02 -3.0621E+00
  3.4190E-01  3.9610E-01 -1.5252E-05  2.9507E-01  3.0076E+00  2.4396E-02 -3.0052E+00
  3.4333E-01  4.0440E-01 -1.6164E-05  2.9082E-01  2.9472E+00  2.4504E-02 -2.9448E+00
  3.4478E-01  4.1270E-01 -1.7077E-05  2.8659E-01  2.8871E+00  2.4621E-02 -2.8847E+00
  3.4617E-01  4.2051E-01 -1.7935E-05  2.8263E-01  2.8312E+00  2.4739E-02 -2.8288E+00
  3.4758E-01  4.2832E-01 -1.8793E-05  2.7868E-01  2.7761E+00  2.4862E-02 -2.7736E+00
  3.4891E-01  4.3565E-01 -1.9597E-05  2.7501E-01  2.7254E+00  2.4981E-02 -2.7228E+00
  3.5036E-01  4.4346E-01 -2.0454E-05  2.7111E-01  2.6723E+00  2.5110E-02 -2.6698E+00
  3.5173E-01  4.5079E-01 -2.1257E-05  2.6748E-01  2.6237E+00  2.5233E-02 -2.6211E+00
  3.5312E-01  4.5811E-01 -2.2060E-05  2.6388E-01  2.5763E+00  2.5357E-02 -2.5736E+00
  3.5452E-01  4.6543E-01 -2.2862E-05  2.6030E-01  2.5301E+00  2.5482E-02 -2.5274E+00
  3.5594E-01  4.7276E-01 -2.3663E-05  2.5675E-01  2.4852E+00  2.5607E-02 -2.4825E+00
  3.5737E-01  4.8008E-01 -2.4464E-05  2.5322E-01  2.4417E+00  2.5730E-02 -2.4389E+00
  3.5872E-01  4.8692E-01 -2.5211E-05  2.4995E-01  2.4022E+00  2.5841E-02 -2.3994E+00
  3.6018E-01  4.9424E-01 -2.6011E-05  2.4647E-01  2.3612E+00  2.5957E-02 -2.3583E+00
  3.6156E-01  5.0108E-01 -2.6757E-05  2.4325E-01  2.3240E+00  2.6060E-02 -2.3210E+00
  3.6295E-01  5.0791E-01 -2.7501E-05  2.4005E-01  2.2876E+00  2.6159E-02 -2.2846E+00
  3.6435E-01  5.1475E-01 -2.8245E-05  2.3688E-01  2.2521E+00  2.6254E-02 -2.2491E+00
  3.6576E-01  5.2159E-01 -2.8988E-05  2.3373E-01  2.2173E+00  2.6344E-02 -2.2142E+00
  3.6719E-01  5.2842E-01 -2.9729E-05  2.3060E-01  2.1831E+00  2.6426E-02 -2.1799E+00
  3.6852E-01  5.3477E-01 -3.0417E-05  2.2772E-01  2.1517E+00  2.6493E-02 -2.1485E+00
  3.6996E-01  5.4161E-01 -3.1158E-05  2.2464E-01  2.1179E+00  2.6551E-02 -2.1146E+00
  3.7131E-01  5.4795E-01 -3.1845E-05  2.2180E-01  2.0863E+00  2.6592E-02 -2.0829E+00
  3.7278E-01  5.5479E-01 -3.2584E-05  2.1878E-01  2.0514E+00  2.6622E-02 -2.0480E+00
  3.7415E-01  5.6114E-01 -3.3271E-05  2.1600E-01  2.0177E+00  2.6638E-02 -2.0143E+00
  3.7552E-01  5.6748E-01 -3.3958E-05  2.1325E-01  1.9822E+00  2.6651E-02 -1.9787E+00
  3.7691E-01  5.7383E-01 -3.4647E-05  2.1053E-01  1.9443E+00  2.6663E-02 -1.9407E+00
  3.7830E-01  5.8018E-01 -3.5338E-05  2.0785E-01  1.9031E+00  2.6681E-02 -1.8994E+00
  3.7970E-01  5.8653E-01 -3.6033E-05  2.0522E-01  1.8576E+00  2.6729E-02 -1.8538E+00
  3.8111E-01  5.9287E-01 -3.6733E-05  2.0264E-01  1.8066E+00  2.6837E-02 -1.8027E+00
  3.8253E-01  5.9922E-01 -3.7438E-05  2.0013E-01  1.7484E+00  2.7075E-02 -1.7443E+00
  3.8395E-01  6.0557E-01 -3.8150E-05  1.9769E-01  1.6815E+00  2.7508E-02 -1.6771E+00
  3.8538E-01  6.1192E-01 -3.8872E-05  1.9535E-01  1.6046E+00  2.8189E-02 -1.5997E+00
  3.8671E-01  6.1778E-01 -3.9549E-05  1.9328E-01  1.5240E+00  2.9050E-02 -1.5185E+00
  3.8815E-01  6.2412E-01 -4.0296E-05  1.9116E-01  1.4261E+00  3.0190E-02 -1.4197E+00
  3.8960E-01  6.3047E-01 -4.1061E-05  1.8918E-01  1.3180E+00  3.1420E-02 -1.3104E+00
  3.9094E-01  6.3633E-01 -4.1786E-05  1.8750E-01  1.2112E+00  3.2417E-02 -1.2024E+00
  3.9239E-01  6.4268E-01 -4.2599E-05  1.8583E-01  1.0918E+00  3.3118E-02 -1.0815E+00
  3.9374E-01  6.4854E-01 -4.3380E-05  1.8445E-01  9.8249E-01  3.3276E-02 -9.7090E-01
  3.9520E-01  6.5486E-01 -4.4261E-05  1.8312E-01  8.7046E-01  3.2935E-02 -8.5757E-01
  3.9655E-01  6.6072E-01 -4.5115E-05  1.8202E-01  7.7597E-01  3.2285E-02 -7.6199E-01
  3.9791E-01  6.6658E-01 -4.6005E-05  1.8105E-01  6.9283E-01  3.1478E-02 -6.7786E-01
  3.9938E-01  6.7293E-01 -4.7007E-05  1.8011E-01  6.1668E-01  3.0628E-02 -6.0064E-01
  4.0073E-01  6.7879E-01 -4.7962E-05  1.7934E-01  5.5891E-01  2.9965E-02 -5.4186E-01
  4.0220E-01  6.8511E-01 -4.9021E-05  1.7858E-01  5.0872E-01  2.9431E-02 -4.9051E-01
  4.0356E-01  6.9097E-01 -5.0024E-05  1.7794E-01  4.7169E-01  2.9087E-02 -4.5238E-01
  4.0492E-01  6.9683E-01 -5.1045E-05  1.7735E-01  4.4216E-01  2.8862E-02 -4.2173E-01
  4.0639E-01  7.0317E-01 -5.2167E-05  1.7675E-01  4.1690E-01  2.8716E-02 -3.9528E-01
  4.0776E-01  7.0903E-01 -5.3215E-05  1.7622E-01  3.9844E-01  2.8642E-02 -3.7578E-01
  4.0912E-01  7.1489E-01 -5.4274E-05  1.7572E-01  3.8361E-01  2.8610E-02 -3.5997E-01
  4.1059E-01  7.2124E-01 -5.5431E-05  1.7520E-01  3.7074E-01  2.8604E-02 -3.4610E-01
  4.1196E-01  7.2710E-01 -5.6506E-05  1.7474E-01  3.6115E-01  2.8617E-02 -3.3567E-01
  4.1332E-01  7.3296E-01 -5.7588E-05  1.7429E-01  3.5328E-01  2.8643E-02 -3.2702E-01
  4.1480E-01  7.3931E-01 -5.8768E-05  1.7381E-01  3.4629E-01  2.8680E-02 -3.1924E-01
  4.1616E-01  7.4517E-01 -5.9862E-05  1.7338E-01  3.4095E-01  2.8720E-02 -3.1324E-01
  4.1752E-01  7.5103E-01 -6.0961E-05  1.7295E-01  3.3647E-01  2.8764E-02 -3.0813E-01
  4.1900E-01  7.5737E-01 -6.2157E-05  1.7250E-01  3.3239E-01  2.8814E-02 -3.0342E-01
  4.2036E-01  7.6323E-01 -6.3265E-05  1.7209E-01  3.2919E-01  2.8862E-02 -2.9967E-01
  4.2172E-01  7.6909E-01 -6.4377E-05  1.7169E-01  3.2644E-01  2.8912E-02 -2.9639E-01
  4.2320E-01  7.7543E-01 -6.5585E-05  1.7125E-01  3.2386E-01  2.8967E-02 -2.9328E-01
  4.2456E-01  7.8129E-01 -6.6704E-05  1.7085E-01  3.2179E-01  2.9018E-02 -2.9073E-01
  4.2593E-01  7.8715E-01 -6.7827E-05  1.7046E-01  3.1995E-01  2.9069E-02 -2.8843E-01
  4.2740E-01  7.9348E-01 -6.9044E-05  1.7003E-01  3.1819E-01  2.9125E-02 -2.8619E-01
  4.2876E-01  7.9934E-01 -7.0173E-05  1.6965E-01  3.1674E-01  2.9177E-02 -2.8430E-01
  4.3013E-01  8.0520E-01 -7.1306E-05  1.6926E-01  3.1542E-01  2.9229E-02 -2.8255E-01
  4.3160E-01  8.1152E-01 -7.2533E-05  1.6884E-01  3.1412E-01  2.9285E-02 -2.8080E-01
  4.3296E-01  8.1738E-01 -7.3672E-05  1.6846E-01  3.1303E-01  2.9337E-02 -2.7929E-01
  4.3433E-01  8.2324E-01 -7.4814E-05  1.6808E-01  3.1202E-01  2.9389E-02 -2.7787E-01
  4.3580E-01  8.2957E-01 -7.6050E-05  1.6767E-01  3.1101E-01  2.9445E-02 -2.7643E-01
  4.3716E-01  8.3543E-01 -7.7198E-05  1.6730E-01  3.1015E-01  2.9496E-02 -2.7517E-01
  4.3853E-01  8.4129E-01 -7.8348E-05  1.6692E-01  3.0935E-01  2.9547E-02 -2.7397E-01
  4.4000E-01  8.4761E-01 -7.9593E-05  1.6652E-01  3.0854E-01  2.9602E-02 -2.7274E-01
  4.4136E-01  8.5347E-01 -8.0749E-05  1.6615E-01  3.0785E-01  2.9652E-02 -2.7165E-01
  4.4273E-01  8.5933E-01 -8.1908E-05  1.6578E-01  3.0720E-01  2.9702E-02 -2.7061E-01
  4.4420E-01  8.6565E-01 -8.3161E-05  1.6538E-01  3.0654E-01  2.9756E-02 -2.6954E-01
  4.4700E-01  8.7768E-01 -8.5553E-05  1.6463E-01  3.0542E-01  2.9857E-02 -2.6763E-01
