  3.0830E-01  7.5464E-02  4.3914E-05  3.9962E-01  6.1989E-01  7.0827E-03 -6.0057E-01
  3.0972E-01  1.0916E-01  4.3835E-05  3.9824E-01  1.3582E+00  1.3516E-02 -1.3430E+00
  3.1112E-01  1.3455E-01  4.3748E-05  3.9593E-01  1.9597E+00  1.7705E-02 -1.9477E+00
  3.1253E-01  1.5603E-01  4.3574E-05  3.9282E-01  2.4503E+00  2.0156E-02 -2.4411E+00
  3.1391E-01  1.7459E-01  4.3206E-05  3.8917E-01  2.8223E+00  2.1657E-02 -2.8149E+00
  3.1532E-01  1.9168E-01  4.2599E-05  3.8500E-01  3.1083E+00  2.2163E-02 -3.1024E+00
  3.1672E-01  2.0730E-01  4.1742E-05  3.8049E-01  3.3169E+00  2.2202E-02 -3.3120E+00
  3.1813E-01  2.2195E-01  4.0632E-05  3.7571E-01  3.4647E+00  2.1948E-02 -3.4607E+00
  3.1954E-01  2.3562E-01  3.9305E-05  3.7077E-01  3.5638E+00  2.1531E-02 -3.5605E+00
  3.2091E-01  2.4832E-01  3.7813E-05  3.6583E-01  3.6249E+00  2.1054E-02 -3.6220E+00
  3.2230E-01  2.6052E-01  3.6139E-05  3.6076E-01  3.6579E+00  2.0528E-02 -3.6555E+00
  3.2376E-01  2.7273E-01  3.4229E-05  3.5543E-01  3.6682E+00  1.9960E-02 -3.6660E+00
  3.2515E-01  2.8396E-01  3.2267E-05  3.5032E-01  3.6594E+00  1.9429E-02 -3.6575E+00
  3.2654E-01  2.9470E-01  3.0208E-05  3.4527E-01  3.6366E+00  1.8932E-02 -3.6349E+00
  3.2791E-01  3.0496E-01  2.8084E-05  3.4032E-01  3.6033E+00  1.8491E-02 -3.6017E+00
  3.2932E-01  3.1521E-01  2.5812E-05  3.3527E-01  3.5602E+00  1.8092E-02 -3.5588E+00
  3.3070E-01  3.2498E-01  2.3518E-05  3.3038E-01  3.5116E+00  1.7759E-02 -3.5103E+00
  3.3212E-01  3.3474E-01  2.1106E-05  3.2542E-01  3.4569E+00  1.7470E-02 -3.4556E+00
  3.3351E-01  3.4402E-01  1.8712E-05  3.2067E-01  3.4001E+00  1.7238E-02 -3.3989E+00
  3.3493E-01  3.5330E-01  1.6226E-05  3.1588E-01  3.3396E+00  1.7045E-02 -3.3384E+00
  3.3631E-01  3.6209E-01  1.3793E-05  3.1133E-01  3.2797E+00  1.6898E-02 -3.2785E+00
  3.3771E-01  3.7087E-01  1.1290E-05  3.0676E-01  3.2177E+00  1.6787E-02 -3.2166E+00
  3.3915E-01  3.7966E-01  8.7234E-06  3.0219E-01  3.1544E+00  1.6709E-02 -3.1532E+00
  3.4053E-01  3.8796E-01  6.2473E-06  2.9788E-01  3.0937E+00  1.6664E-02 -3.0926E+00
  3.4193E-01  3.9627E-01  3.7259E-06  2.9358E-01  3.0328E+00  1.6643E-02 -3.0317E+00
  3.4336E-01  4.0457E-01  1.1644E-06  2.8929E-01  2.9719E+00  1.6645E-02 -2.9708E+00
  3.4473E-01  4.1238E-01 -1.2783E-06  2.8527E-01  2.9150E+00  1.6664E-02 -2.9139E+00
  3.4611E-01  4.2019E-01 -3.7480E-06  2.8127E-01  2.8587E+00  1.6698E-02 -2.8576E+00
  3.4752E-01  4.2800E-01 -6.2407E-06  2.7729E-01  2.8032E+00  1.6744E-02 -2.8021E+00
  3.4894E-01  4.3582E-01 -8.7530E-06  2.7334E-01  2.7487E+00  1.6800E-02 -2.7476E+00
  3.5039E-01  4.4363E-01 -1.1282E-05  2.6940E-01  2.6953E+00  1.6865E-02 -2.6942E+00
  3.5176E-01  4.5095E-01 -1.3664E-05  2.6574E-01  2.6464E+00  1.6932E-02 -2.6453E+00
  3.5315E-01  4.5828E-01 -1.6056E-05  2.6210E-01  2.5987E+00  1.7005E-02 -2.5976E+00
  3.5455E-01  4.6560E-01 -1.8455E-05  2.5849E-01  2.5523E+00  1.7082E-02 -2.5511E+00
  3.5597E-01  4.7293E-01 -2.0859E-05  2.5490E-01  2.5072E+00  1.7163E-02 -2.5059E+00
  3.5731E-01  4.7976E-01 -2.3105E-05  2.5158E-01  2.4663E+00  1.7239E-02 -2.4650E+00
  3.5876E-01  4.8709E-01 -2.5513E-05  2.4804E-01  2.4237E+00  1.7319E-02 -2.4224E+00
  3.6012E-01  4.9392E-01 -2.7762E-05  2.4476E-01  2.3852E+00  1.7391E-02 -2.3839E+00
  3.6159E-01  5.0125E-01 -3.0173E-05  2.4127E-01  2.3450E+00  1.7463E-02 -2.3437E+00
  3.6298E-01  5.0808E-01 -3.2424E-05  2.3804E-01  2.3085E+00  1.7525E-02 -2.3071E+00
  3.6438E-01  5.1492E-01 -3.4676E-05  2.3483E-01  2.2728E+00  1.7584E-02 -2.2714E+00
  3.6580E-01  5.2175E-01 -3.6931E-05  2.3165E-01  2.2378E+00  1.7637E-02 -2.2364E+00
  3.6712E-01  5.2810E-01 -3.9028E-05  2.2872E-01  2.2058E+00  1.7678E-02 -2.2044E+00
  3.6855E-01  5.3494E-01 -4.1291E-05  2.2558E-01  2.1718E+00  1.7709E-02 -2.1703E+00
  3.7000E-01  5.4177E-01 -4.3562E-05  2.2247E-01  2.1378E+00  1.7720E-02 -2.1363E+00
  3.7135E-01  5.4812E-01 -4.5683E-05  2.1960E-01  2.1060E+00  1.7713E-02 -2.1045E+00
  3.7271E-01  5.5447E-01 -4.7821E-05  2.1676E-01  2.0735E+00  1.7688E-02 -2.0720E+00
  3.7418E-01  5.6130E-01 -5.0152E-05  2.1373E-01  2.0371E+00  1.7643E-02 -2.0356E+00
  3.7556E-01  5.6765E-01 -5.2351E-05  2.1095E-01  2.0015E+00  1.7595E-02 -1.9999E+00
  3.7695E-01  5.7400E-01 -5.4594E-05  2.0821E-01  1.9634E+00  1.7544E-02 -1.9619E+00
  3.7834E-01  5.8035E-01 -5.6895E-05  2.0550E-01  1.9222E+00  1.7506E-02 -1.9205E+00
  3.7974E-01  5.8669E-01 -5.9269E-05  2.0284E-01  1.8767E+00  1.7509E-02 -1.8750E+00
  3.8115E-01  5.9304E-01 -6.1739E-05  2.0023E-01  1.8256E+00  1.7606E-02 -1.8239E+00
  3.8257E-01  5.9939E-01 -6.4332E-05  1.9769E-01  1.7675E+00  1.7891E-02 -1.7656E+00
  3.8399E-01  6.0574E-01 -6.7077E-05  1.9522E-01  1.7007E+00  1.8456E-02 -1.6987E+00
  3.8531E-01  6.1160E-01 -6.9772E-05  1.9302E-01  1.6304E+00  1.9275E-02 -1.6280E+00
  3.8675E-01  6.1794E-01 -7.2890E-05  1.9074E-01  1.5439E+00  2.0484E-02 -1.5411E+00
  3.8819E-01  6.2429E-01 -7.6231E-05  1.8859E-01  1.4465E+00  2.1943E-02 -1.4431E+00
  3.8953E-01  6.3015E-01 -7.9520E-05  1.8673E-01  1.3477E+00  2.3346E-02 -1.3435E+00
  3.9098E-01  6.3650E-01 -8.3286E-05  1.8486E-01  1.2331E+00  2.4634E-02 -1.2280E+00
  3.9232E-01  6.4236E-01 -8.6919E-05  1.8328E-01  1.1239E+00  2.5372E-02 -1.1179E+00
  3.9378E-01  6.4871E-01 -9.0963E-05  1.8174E-01  1.0065E+00  2.5516E-02 -9.9965E-01
  3.9513E-01  6.5457E-01 -9.4735E-05  1.8046E-01  9.0338E-01  2.5073E-02 -8.9599E-01
  3.9660E-01  6.6091E-01 -9.8796E-05  1.7922E-01  8.0159E-01  2.4152E-02 -7.9381E-01
  3.9795E-01  6.6677E-01 -1.0248E-04  1.7820E-01  7.1923E-01  2.3102E-02 -7.1126E-01
  3.9931E-01  6.7263E-01 -1.0606E-04  1.7729E-01  6.4903E-01  2.2076E-02 -6.4092E-01
  4.0078E-01  6.7898E-01 -1.0982E-04  1.7639E-01  5.8635E-01  2.1128E-02 -5.7807E-01
  4.0214E-01  6.8484E-01 -1.1319E-04  1.7564E-01  5.3964E-01  2.0467E-02 -5.3114E-01
  4.0360E-01  6.9114E-01 -1.1670E-04  1.7489E-01  4.9954E-01  1.9963E-02 -4.9075E-01
  4.0496E-01  6.9700E-01 -1.1990E-04  1.7425E-01  4.6995E-01  1.9658E-02 -4.6084E-01
  4.0632E-01  7.0286E-01 -1.2303E-04  1.7363E-01  4.4630E-01  1.9465E-02 -4.3683E-01
  4.0780E-01  7.0920E-01 -1.2638E-04  1.7301E-01  4.2593E-01  1.9341E-02 -4.1607E-01
  4.0916E-01  7.1506E-01 -1.2943E-04  1.7245E-01  4.1093E-01  1.9284E-02 -4.0071E-01
  4.1052E-01  7.2092E-01 -1.3246E-04  1.7191E-01  3.9876E-01  1.9260E-02 -3.8820E-01
  4.1200E-01  7.2727E-01 -1.3573E-04  1.7135E-01  3.8809E-01  1.9260E-02 -3.7716E-01
  4.1336E-01  7.3313E-01 -1.3873E-04  1.7084E-01  3.8005E-01  1.9277E-02 -3.6881E-01
  4.1472E-01  7.3899E-01 -1.4173E-04  1.7034E-01  3.7339E-01  1.9303E-02 -3.6184E-01
  4.1620E-01  7.4534E-01 -1.4497E-04  1.6981E-01  3.6741E-01  1.9339E-02 -3.5555E-01
  4.1756E-01  7.5120E-01 -1.4796E-04  1.6933E-01  3.6279E-01  1.9378E-02 -3.5067E-01
  4.1892E-01  7.5706E-01 -1.5096E-04  1.6886E-01  3.5887E-01  1.9421E-02 -3.4649E-01
  4.2040E-01  7.6340E-01 -1.5420E-04  1.6835E-01  3.5527E-01  1.9469E-02 -3.4262E-01
  4.2176E-01  7.6926E-01 -1.5720E-04  1.6788E-01  3.5241E-01  1.9516E-02 -3.3952E-01
  4.2313E-01  7.7512E-01 -1.6021E-04  1.6742E-01  3.4992E-01  1.9564E-02 -3.3680E-01
  4.2460E-01  7.8145E-01 -1.6346E-04  1.6693E-01  3.4757E-01  1.9617E-02 -3.3421E-01
  4.2596E-01  7.8730E-01 -1.6648E-04  1.6647E-01  3.4565E-01  1.9667E-02 -3.3207E-01
  4.2733E-01  7.9316E-01 -1.6951E-04  1.6602E-01  3.4393E-01  1.9717E-02 -3.3013E-01
  4.2880E-01  7.9949E-01 -1.7278E-04  1.6554E-01  3.4227E-01  1.9772E-02 -3.2824E-01
  4.3016E-01  8.0535E-01 -1.7582E-04  1.6509E-01  3.4087E-01  1.9823E-02 -3.2664E-01
  4.3153E-01  8.1121E-01 -1.7887E-04  1.6465E-01  3.3960E-01  1.9875E-02 -3.2516E-01
  4.3300E-01  8.1754E-01 -1.8216E-04  1.6417E-01  3.3835E-01  1.9930E-02 -3.2368E-01
  4.3436E-01  8.2340E-01 -1.8523E-04  1.6373E-01  3.3728E-01  1.9981E-02 -3.2240E-01
  4.3573E-01  8.2926E-01 -1.8830E-04  1.6329E-01  3.3628E-01  2.0032E-02 -3.2120E-01
  4.3720E-01  8.3558E-01 -1.9162E-04  1.6282E-01  3.3529E-01  2.0088E-02 -3.1999E-01
  4.3856E-01  8.4144E-01 -1.9470E-04  1.6238E-01  3.3443E-01  2.0139E-02 -3.1892E-01
  4.3993E-01  8.4730E-01 -1.9780E-04  1.6195E-01  3.3363E-01  2.0189E-02 -3.1792E-01
  4.4140E-01  8.5362E-01 -2.0114E-04  1.6148E-01  3.3282E-01  2.0243E-02 -3.1689E-01
  4.4276E-01  8.5948E-01 -2.0425E-04  1.6105E-01  3.3211E-01  2.0294E-02 -3.1598E-01
  4.4413E-01  8.6534E-01 -2.0737E-04  1.6062E-01  3.3146E-01  2.0343E-02 -3.1512E-01
  4.4700E-01  8.7768E-01 -2.1395E-04  1.5972E-01  3.3020E-01  2.0447E-02 -3.1344E-01
