  3.0831E-01  6.9568E-02  3.8894E-05  3.9932E-01  1.2532E+00  3.7764E-02 -8.8441E-01
  3.0972E-01  1.0521E-01  3.2466E-05  3.9760E-01  1.9047E+00  7.1256E-02 -1.5489E+00
  3.1111E-01  1.3109E-01  2.6362E-05  3.9507E-01  2.3945E+00  9.3540E-02 -2.0892E+00
  3.1252E-01  1.5306E-01  2.0534E-05  3.9181E-01  2.7820E+00  1.0753E-01 -2.5307E+00
  3.1391E-01  1.7211E-01  1.5268E-05  3.8804E-01  3.0760E+00  1.1507E-01 -2.8710E+00
  3.1530E-01  1.8920E-01  1.0494E-05  3.8387E-01  3.2972E+00  1.1787E-01 -3.1310E+00
  3.1673E-01  2.0531E-01  6.0478E-06  3.7925E-01  3.4644E+00  1.1752E-01 -3.3302E+00
  3.1813E-01  2.1996E-01  2.1019E-06  3.7449E-01  3.5804E+00  1.1508E-01 -3.4711E+00
  3.1952E-01  2.3363E-01 -1.4611E-06  3.6960E-01  3.6579E+00  1.1138E-01 -3.5681E+00
  3.2094E-01  2.4681E-01 -4.7632E-06  3.6449E-01  3.7056E+00  1.0683E-01 -3.6317E+00
  3.2232E-01  2.5902E-01 -7.6890E-06  3.5944E-01  3.7276E+00  1.0198E-01 -3.6660E+00
  3.2371E-01  2.7074E-01 -1.0370E-05  3.5435E-01  3.7303E+00  9.6901E-02 -3.6787E+00
  3.2515E-01  2.8246E-01 -1.2924E-05  3.4902E-01  3.7168E+00  9.1560E-02 -3.6736E+00
  3.2653E-01  2.9320E-01 -1.5154E-05  3.4397E-01  3.6915E+00  8.6542E-02 -3.6549E+00
  3.2795E-01  3.0394E-01 -1.7279E-05  3.3878E-01  3.6556E+00  8.1508E-02 -3.6245E+00
  3.2936E-01  3.1420E-01 -1.9213E-05  3.3371E-01  3.6125E+00  7.6768E-02 -3.5859E+00
  3.3073E-01  3.2396E-01 -2.0972E-05  3.2879E-01  3.5646E+00  7.2377E-02 -3.5417E+00
  3.3215E-01  3.3373E-01 -2.2653E-05  3.2379E-01  3.5110E+00  6.8152E-02 -3.4912E+00
  3.3353E-01  3.4301E-01 -2.4184E-05  3.1900E-01  3.4558E+00  6.4327E-02 -3.4384E+00
  3.3494E-01  3.5228E-01 -2.5653E-05  3.1416E-01  3.3970E+00  6.0712E-02 -3.3818E+00
  3.3631E-01  3.6107E-01 -2.6993E-05  3.0955E-01  3.3388E+00  5.7498E-02 -3.3254E+00
  3.3771E-01  3.6986E-01 -2.8286E-05  3.0493E-01  3.2787E+00  5.4502E-02 -3.2668E+00
  3.3914E-01  3.7865E-01 -2.9538E-05  3.0029E-01  3.2173E+00  5.1733E-02 -3.2066E+00
  3.4051E-01  3.8695E-01 -3.0685E-05  2.9591E-01  3.1586E+00  4.9334E-02 -3.1489E+00
  3.4191E-01  3.9525E-01 -3.1801E-05  2.9153E-01  3.0994E+00  4.7145E-02 -3.0906E+00
  3.4334E-01  4.0355E-01 -3.2890E-05  2.8716E-01  3.0402E+00  4.5168E-02 -3.0321E+00
  3.4478E-01  4.1185E-01 -3.3954E-05  2.8280E-01  2.9813E+00  4.3397E-02 -2.9738E+00
  3.4616E-01  4.1967E-01 -3.4936E-05  2.7871E-01  2.9263E+00  4.1913E-02 -2.9193E+00
  3.4757E-01  4.2748E-01 -3.5901E-05  2.7464E-01  2.8720E+00  4.0597E-02 -2.8654E+00
  3.4899E-01  4.3529E-01 -3.6852E-05  2.7059E-01  2.8185E+00  3.9442E-02 -2.8123E+00
  3.5034E-01  4.4261E-01 -3.7731E-05  2.6681E-01  2.7693E+00  3.8493E-02 -2.7633E+00
  3.5170E-01  4.4994E-01 -3.8599E-05  2.6305E-01  2.7211E+00  3.7660E-02 -2.7153E+00
  3.5318E-01  4.5775E-01 -3.9515E-05  2.5907E-01  2.6708E+00  3.6883E-02 -2.6651E+00
  3.5458E-01  4.6508E-01 -4.0363E-05  2.5535E-01  2.6247E+00  3.6240E-02 -2.6192E+00
  3.5599E-01  4.7240E-01 -4.1201E-05  2.5166E-01  2.5797E+00  3.5657E-02 -2.5744E+00
  3.5733E-01  4.7924E-01 -4.1974E-05  2.4824E-01  2.5387E+00  3.5151E-02 -2.5335E+00
  3.5877E-01  4.8656E-01 -4.2791E-05  2.4460E-01  2.4958E+00  3.4627E-02 -2.4907E+00
  3.6013E-01  4.9340E-01 -4.3543E-05  2.4122E-01  2.4567E+00  3.4129E-02 -2.4517E+00
  3.6150E-01  5.0023E-01 -4.4281E-05  2.3787E-01  2.4184E+00  3.3593E-02 -2.4135E+00
  3.6299E-01  5.0756E-01 -4.5054E-05  2.3430E-01  2.3781E+00  3.2933E-02 -2.3733E+00
  3.6439E-01  5.1439E-01 -4.5753E-05  2.3100E-01  2.3410E+00  3.2188E-02 -2.3363E+00
  3.6580E-01  5.2123E-01 -4.6423E-05  2.2772E-01  2.3041E+00  3.1264E-02 -2.2996E+00
  3.6711E-01  5.2758E-01 -4.7014E-05  2.2469E-01  2.2699E+00  3.0194E-02 -2.2656E+00
  3.6855E-01  5.3441E-01 -4.7609E-05  2.2147E-01  2.2327E+00  2.8754E-02 -2.2288E+00
  3.6999E-01  5.4125E-01 -4.8150E-05  2.1827E-01  2.1948E+00  2.6949E-02 -2.1913E+00
  3.7134E-01  5.4759E-01 -4.8592E-05  2.1532E-01  2.1584E+00  2.4889E-02 -2.1554E+00
  3.7280E-01  5.5443E-01 -4.8984E-05  2.1219E-01  2.1176E+00  2.2228E-02 -2.1151E+00
  3.7416E-01  5.6078E-01 -4.9253E-05  2.0931E-01  2.0774E+00  1.9424E-02 -2.0755E+00
  3.7554E-01  5.6713E-01 -4.9412E-05  2.0647E-01  2.0345E+00  1.6632E-02 -2.0331E+00
  3.7692E-01  5.7347E-01 -4.9449E-05  2.0368E-01  1.9883E+00  1.4737E-02 -1.9871E+00
  3.7831E-01  5.7982E-01 -4.9357E-05  2.0093E-01  1.9384E+00  1.5261E-02 -1.9371E+00
  3.7971E-01  5.8617E-01 -4.9135E-05  1.9825E-01  1.8844E+00  1.9045E-02 -1.8824E+00
  3.8111E-01  5.9252E-01 -4.8801E-05  1.9563E-01  1.8263E+00  2.5336E-02 -1.8226E+00
  3.8253E-01  5.9886E-01 -4.8387E-05  1.9308E-01  1.7643E+00  3.2996E-02 -1.7577E+00
  3.8395E-01  6.0521E-01 -4.7942E-05  1.9062E-01  1.6989E+00  4.1158E-02 -1.6880E+00
  3.8537E-01  6.1156E-01 -4.7523E-05  1.8825E-01  1.6305E+00  4.9157E-02 -1.6143E+00
  3.8680E-01  6.1789E-01 -4.7188E-05  1.8598E-01  1.5600E+00  5.6443E-02 -1.5374E+00
  3.8813E-01  6.2375E-01 -4.6988E-05  1.8398E-01  1.4931E+00  6.2218E-02 -1.4642E+00
  3.8957E-01  6.3010E-01 -4.6915E-05  1.8191E-01  1.4192E+00  6.7156E-02 -1.3834E+00
  3.9090E-01  6.3596E-01 -4.6985E-05  1.8010E-01  1.3499E+00  7.0342E-02 -1.3083E+00
  3.9235E-01  6.4230E-01 -4.7204E-05  1.7825E-01  1.2741E+00  7.2217E-02 -1.2272E+00
  3.9380E-01  6.4862E-01 -4.7558E-05  1.7652E-01  1.1982E+00  7.2427E-02 -1.1474E+00
  3.9515E-01  6.5448E-01 -4.7993E-05  1.7501E-01  1.1276E+00  7.1175E-02 -1.0750E+00
  3.9660E-01  6.6080E-01 -4.8561E-05  1.7350E-01  1.0519E+00  6.8350E-02 -9.9947E-01
  3.9795E-01  6.6666E-01 -4.9163E-05  1.7218E-01  9.8290E-01  6.4496E-02 -9.3248E-01
  3.9930E-01  6.7252E-01 -4.9820E-05  1.7096E-01  9.1578E-01  5.9643E-02 -8.6916E-01
  4.0077E-01  6.7887E-01 -5.0577E-05  1.6973E-01  8.4639E-01  5.3526E-02 -8.0550E-01
  4.0213E-01  6.8472E-01 -5.1305E-05  1.6867E-01  7.8664E-01  4.7391E-02 -7.5196E-01
  4.0360E-01  6.9107E-01 -5.2120E-05  1.6760E-01  7.2784E-01  4.0583E-02 -7.0022E-01
  4.0496E-01  6.9693E-01 -5.2898E-05  1.6668E-01  6.8000E-01  3.4490E-02 -6.5856E-01
  4.0632E-01  7.0279E-01 -5.3704E-05  1.6581E-01  6.3879E-01  2.8845E-02 -6.2275E-01
  4.0779E-01  7.0914E-01 -5.4613E-05  1.6491E-01  6.0161E-01  2.3465E-02 -5.9028E-01
  4.0915E-01  7.1500E-01 -5.5491E-05  1.6413E-01  5.7371E-01  1.9295E-02 -5.6564E-01
  4.1051E-01  7.2086E-01 -5.6406E-05  1.6337E-01  5.5121E-01  1.5906E-02 -5.4547E-01
  4.1199E-01  7.2721E-01 -5.7436E-05  1.6258E-01  5.3194E-01  1.3069E-02 -5.2789E-01
  4.1335E-01  7.3306E-01 -5.8419E-05  1.6187E-01  5.1793E-01  1.1124E-02 -5.1490E-01
  4.1471E-01  7.3892E-01 -5.9429E-05  1.6117E-01  5.0679E-01  9.7190E-03 -5.0441E-01
  4.1619E-01  7.4527E-01 -6.0547E-05  1.6044E-01  4.9723E-01  8.6711E-03 -4.9529E-01
  4.1755E-01  7.5113E-01 -6.1597E-05  1.5977E-01  4.9022E-01  8.0333E-03 -4.8851E-01
  4.1891E-01  7.5699E-01 -6.2663E-05  1.5910E-01  4.8454E-01  7.6184E-03 -4.8297E-01
  4.2039E-01  7.6334E-01 -6.3830E-05  1.5839E-01  4.7956E-01  7.3402E-03 -4.7808E-01
  4.2175E-01  7.6920E-01 -6.4917E-05  1.5775E-01  4.7583E-01  7.1880E-03 -4.7438E-01
  4.2312E-01  7.7506E-01 -6.6013E-05  1.5710E-01  4.7273E-01  7.0992E-03 -4.7130E-01
  4.2459E-01  7.8140E-01 -6.7207E-05  1.5641E-01  4.6996E-01  7.0487E-03 -4.6853E-01
  4.2596E-01  7.8726E-01 -6.8316E-05  1.5577E-01  4.6783E-01  7.0282E-03 -4.6639E-01
  4.2732E-01  7.9312E-01 -6.9430E-05  1.5513E-01  4.6603E-01  7.0227E-03 -4.6458E-01
  4.2880E-01  7.9947E-01 -7.0641E-05  1.5445E-01  4.6439E-01  7.0271E-03 -4.6292E-01
  4.3016E-01  8.0533E-01 -7.1764E-05  1.5382E-01  4.6310E-01  7.0368E-03 -4.6161E-01
  4.3153E-01  8.1119E-01 -7.2890E-05  1.5319E-01  4.6200E-01  7.0495E-03 -4.6049E-01
  4.3300E-01  8.1752E-01 -7.4110E-05  1.5251E-01  4.6098E-01  7.0652E-03 -4.5944E-01
  4.3436E-01  8.2338E-01 -7.5242E-05  1.5189E-01  4.6016E-01  7.0805E-03 -4.5860E-01
  4.3573E-01  8.2924E-01 -7.6378E-05  1.5126E-01  4.5945E-01  7.0962E-03 -4.5787E-01
  4.3720E-01  8.3557E-01 -7.7606E-05  1.5059E-01  4.5880E-01  7.1129E-03 -4.5719E-01
  4.3856E-01  8.4143E-01 -7.8746E-05  1.4996E-01  4.5827E-01  7.1280E-03 -4.5664E-01
  4.3993E-01  8.4729E-01 -7.9889E-05  1.4934E-01  4.5780E-01  7.1426E-03 -4.5615E-01
  4.4140E-01  8.5361E-01 -8.1124E-05  1.4867E-01  4.5736E-01  7.1574E-03 -4.5569E-01
  4.4276E-01  8.5947E-01 -8.2270E-05  1.4805E-01  4.5701E-01  7.1701E-03 -4.5532E-01
  4.4413E-01  8.6533E-01 -8.3418E-05  1.4743E-01  4.5669E-01  7.1821E-03 -4.5498E-01
  4.4700E-01  8.7767E-01 -8.5841E-05  1.4612E-01  4.5614E-01  7.2048E-03 -4.5438E-01
