  3.0831E-01  6.9568E-02  3.8741E-05  3.9933E-01  1.2491E+00  3.7701E-02 -8.8008E-01
  3.0972E-01  1.0521E-01  3.2153E-05  3.9761E-01  1.9009E+00  7.1181E-02 -1.5451E+00
  3.1111E-01  1.3109E-01  2.5915E-05  3.9509E-01  2.3910E+00  9.3458E-02 -2.0858E+00
  3.1252E-01  1.5306E-01  1.9957E-05  3.9183E-01  2.7788E+00  1.0744E-01 -2.5277E+00
  3.1391E-01  1.7211E-01  1.4567E-05  3.8806E-01  3.0730E+00  1.1498E-01 -2.8682E+00
  3.1530E-01  1.8920E-01  9.6755E-06  3.8390E-01  3.2944E+00  1.1778E-01 -3.1284E+00
  3.1673E-01  2.0531E-01  5.1168E-06  3.7928E-01  3.4618E+00  1.1743E-01 -3.3278E+00
  3.1813E-01  2.1996E-01  1.0679E-06  3.7453E-01  3.5779E+00  1.1498E-01 -3.4687E+00
  3.1952E-01  2.3363E-01 -2.5914E-06  3.6963E-01  3.6556E+00  1.1128E-01 -3.5659E+00
  3.2094E-01  2.4681E-01 -5.9863E-06  3.6453E-01  3.7034E+00  1.0673E-01 -3.6296E+00
  3.2232E-01  2.5902E-01 -8.9983E-06  3.5949E-01  3.7255E+00  1.0188E-01 -3.6640E+00
  3.2371E-01  2.7074E-01 -1.1762E-05  3.5439E-01  3.7283E+00  9.6803E-02 -3.6768E+00
  3.2515E-01  2.8246E-01 -1.4399E-05  3.4908E-01  3.7148E+00  9.1461E-02 -3.6717E+00
  3.2653E-01  2.9320E-01 -1.6703E-05  3.4403E-01  3.6897E+00  8.6444E-02 -3.6531E+00
  3.2795E-01  3.0394E-01 -1.8902E-05  3.3883E-01  3.6538E+00  8.1411E-02 -3.6228E+00
  3.2936E-01  3.1420E-01 -2.0907E-05  3.3376E-01  3.6108E+00  7.6672E-02 -3.5843E+00
  3.3073E-01  3.2396E-01 -2.2732E-05  3.2885E-01  3.5630E+00  7.2281E-02 -3.5401E+00
  3.3215E-01  3.3373E-01 -2.4480E-05  3.2386E-01  3.5094E+00  6.8058E-02 -3.4896E+00
  3.3353E-01  3.4301E-01 -2.6072E-05  3.1906E-01  3.4542E+00  6.4234E-02 -3.4369E+00
  3.3494E-01  3.5228E-01 -2.7603E-05  3.1423E-01  3.3955E+00  6.0621E-02 -3.3803E+00
  3.3631E-01  3.6107E-01 -2.9000E-05  3.0962E-01  3.3373E+00  5.7409E-02 -3.3239E+00
  3.3771E-01  3.6986E-01 -3.0351E-05  3.0500E-01  3.2773E+00  5.4414E-02 -3.2654E+00
  3.3914E-01  3.7865E-01 -3.1659E-05  3.0036E-01  3.2159E+00  5.1648E-02 -3.2053E+00
  3.4051E-01  3.8695E-01 -3.2859E-05  2.9599E-01  3.1572E+00  4.9251E-02 -3.1475E+00
  3.4191E-01  3.9525E-01 -3.4028E-05  2.9161E-01  3.0981E+00  4.7065E-02 -3.0893E+00
  3.4334E-01  4.0355E-01 -3.5169E-05  2.8724E-01  3.0389E+00  4.5090E-02 -3.0308E+00
  3.4478E-01  4.1185E-01 -3.6285E-05  2.8288E-01  2.9800E+00  4.3323E-02 -2.9725E+00
  3.4616E-01  4.1967E-01 -3.7314E-05  2.7880E-01  2.9250E+00  4.1841E-02 -2.9180E+00
  3.4757E-01  4.2748E-01 -3.8327E-05  2.7473E-01  2.8708E+00  4.0528E-02 -2.8642E+00
  3.4899E-01  4.3529E-01 -3.9324E-05  2.7068E-01  2.8173E+00  3.9375E-02 -2.8111E+00
  3.5034E-01  4.4261E-01 -4.0247E-05  2.6690E-01  2.7681E+00  3.8429E-02 -2.7621E+00
  3.5170E-01  4.4994E-01 -4.1159E-05  2.6314E-01  2.7199E+00  3.7599E-02 -2.7141E+00
  3.5318E-01  4.5775E-01 -4.2120E-05  2.5916E-01  2.6696E+00  3.6824E-02 -2.6640E+00
  3.5458E-01  4.6508E-01 -4.3011E-05  2.5545E-01  2.6235E+00  3.6182E-02 -2.6181E+00
  3.5599E-01  4.7240E-01 -4.3891E-05  2.5176E-01  2.5786E+00  3.5602E-02 -2.5732E+00
  3.5733E-01  4.7924E-01 -4.4703E-05  2.4834E-01  2.5376E+00  3.5098E-02 -2.5324E+00
  3.5877E-01  4.8656E-01 -4.5562E-05  2.4470E-01  2.4947E+00  3.4575E-02 -2.4896E+00
  3.6013E-01  4.9340E-01 -4.6352E-05  2.4132E-01  2.4556E+00  3.4079E-02 -2.4506E+00
  3.6150E-01  5.0023E-01 -4.7129E-05  2.3797E-01  2.4173E+00  3.3544E-02 -2.4124E+00
  3.6299E-01  5.0756E-01 -4.7942E-05  2.3440E-01  2.3770E+00  3.2886E-02 -2.3722E+00
  3.6439E-01  5.1439E-01 -4.8679E-05  2.3110E-01  2.3399E+00  3.2143E-02 -2.3352E+00
  3.6580E-01  5.2123E-01 -4.9387E-05  2.2782E-01  2.3030E+00  3.1220E-02 -2.2986E+00
  3.6711E-01  5.2758E-01 -5.0012E-05  2.2480E-01  2.2688E+00  3.0152E-02 -2.2646E+00
  3.6855E-01  5.3441E-01 -5.0644E-05  2.2157E-01  2.2316E+00  2.8716E-02 -2.2278E+00
  3.6999E-01  5.4125E-01 -5.1222E-05  2.1837E-01  2.1937E+00  2.6915E-02 -2.1903E+00
  3.7134E-01  5.4759E-01 -5.1698E-05  2.1543E-01  2.1574E+00  2.4862E-02 -2.1544E+00
  3.7280E-01  5.5443E-01 -5.2127E-05  2.1230E-01  2.1166E+00  2.2213E-02 -2.1141E+00
  3.7416E-01  5.6078E-01 -5.2430E-05  2.0942E-01  2.0764E+00  1.9428E-02 -2.0745E+00
  3.7554E-01  5.6713E-01 -5.2624E-05  2.0659E-01  2.0335E+00  1.6671E-02 -2.0320E+00
  3.7692E-01  5.7347E-01 -5.2695E-05  2.0379E-01  1.9873E+00  1.4832E-02 -1.9861E+00
  3.7831E-01  5.7982E-01 -5.2638E-05  2.0105E-01  1.9373E+00  1.5419E-02 -1.9360E+00
  3.7971E-01  5.8617E-01 -5.2453E-05  1.9837E-01  1.8834E+00  1.9242E-02 -1.8813E+00
  3.8111E-01  5.9252E-01 -5.2155E-05  1.9575E-01  1.8253E+00  2.5552E-02 -1.8214E+00
  3.8253E-01  5.9886E-01 -5.1779E-05  1.9320E-01  1.7633E+00  3.3225E-02 -1.7565E+00
  3.8395E-01  6.0521E-01 -5.1374E-05  1.9074E-01  1.6978E+00  4.1400E-02 -1.6869E+00
  3.8537E-01  6.1156E-01 -5.0998E-05  1.8837E-01  1.6294E+00  4.9414E-02 -1.6130E+00
  3.8680E-01  6.1789E-01 -5.0706E-05  1.8611E-01  1.5589E+00  5.6715E-02 -1.5361E+00
  3.8813E-01  6.2375E-01 -5.0549E-05  1.8410E-01  1.4919E+00  6.2504E-02 -1.4628E+00
  3.8957E-01  6.3010E-01 -5.0525E-05  1.8204E-01  1.4180E+00  6.7455E-02 -1.3820E+00
  3.9090E-01  6.3596E-01 -5.0642E-05  1.8023E-01  1.3488E+00  7.0651E-02 -1.3068E+00
  3.9235E-01  6.4230E-01 -5.0916E-05  1.7838E-01  1.2729E+00  7.2535E-02 -1.2256E+00
  3.9380E-01  6.4862E-01 -5.1326E-05  1.7665E-01  1.1970E+00  7.2751E-02 -1.1458E+00
  3.9515E-01  6.5448E-01 -5.1814E-05  1.7515E-01  1.1264E+00  7.1502E-02 -1.0733E+00
  3.9660E-01  6.6080E-01 -5.2442E-05  1.7364E-01  1.0507E+00  6.8676E-02 -9.9773E-01
  3.9795E-01  6.6666E-01 -5.3101E-05  1.7233E-01  9.8162E-01  6.4821E-02 -9.3070E-01
  3.9930E-01  6.7252E-01 -5.3817E-05  1.7111E-01  9.1446E-01  5.9965E-02 -8.6734E-01
  4.0077E-01  6.7887E-01 -5.4639E-05  1.6988E-01  8.4503E-01  5.3845E-02 -8.0364E-01
  4.0213E-01  6.8473E-01 -5.5428E-05  1.6882E-01  7.8523E-01  4.7708E-02 -7.5008E-01
  4.0360E-01  6.9107E-01 -5.6310E-05  1.6776E-01  7.2638E-01  4.0899E-02 -6.9831E-01
  4.0496E-01  6.9693E-01 -5.7149E-05  1.6683E-01  6.7849E-01  3.4809E-02 -6.5663E-01
  4.0632E-01  7.0279E-01 -5.8018E-05  1.6597E-01  6.3723E-01  2.9172E-02 -6.2081E-01
  4.0779E-01  7.0914E-01 -5.8996E-05  1.6507E-01  6.0000E-01  2.3808E-02 -5.8833E-01
  4.0915E-01  7.1500E-01 -5.9938E-05  1.6429E-01  5.7207E-01  1.9657E-02 -5.6368E-01
  4.1051E-01  7.2086E-01 -6.0917E-05  1.6354E-01  5.4954E-01  1.6294E-02 -5.4350E-01
  4.1199E-01  7.2721E-01 -6.2016E-05  1.6275E-01  5.3023E-01  1.3489E-02 -5.2591E-01
  4.1335E-01  7.3307E-01 -6.3063E-05  1.6204E-01  5.1620E-01  1.1575E-02 -5.1291E-01
  4.1471E-01  7.3892E-01 -6.4137E-05  1.6135E-01  5.0504E-01  1.0196E-02 -5.0242E-01
  4.1619E-01  7.4527E-01 -6.5325E-05  1.6061E-01  4.9547E-01  9.1709E-03 -4.9329E-01
  4.1755E-01  7.5113E-01 -6.6440E-05  1.5995E-01  4.8844E-01  8.5464E-03 -4.8651E-01
  4.1891E-01  7.5699E-01 -6.7570E-05  1.5929E-01  4.8275E-01  8.1383E-03 -4.8096E-01
  4.2039E-01  7.6334E-01 -6.8807E-05  1.5858E-01  4.7777E-01  7.8617E-03 -4.7607E-01
  4.2175E-01  7.6920E-01 -6.9959E-05  1.5794E-01  4.7402E-01  7.7077E-03 -4.7236E-01
  4.2312E-01  7.7506E-01 -7.1119E-05  1.5729E-01  4.7092E-01  7.6154E-03 -4.6928E-01
  4.2459E-01  7.8140E-01 -7.2384E-05  1.5660E-01  4.6815E-01  7.5603E-03 -4.6650E-01
  4.2596E-01  7.8726E-01 -7.3557E-05  1.5597E-01  4.6601E-01  7.5355E-03 -4.6436E-01
  4.2732E-01  7.9312E-01 -7.4736E-05  1.5534E-01  4.6421E-01  7.5258E-03 -4.6254E-01
  4.2880E-01  7.9947E-01 -7.6017E-05  1.5465E-01  4.6256E-01  7.5262E-03 -4.6087E-01
  4.3016E-01  8.0533E-01 -7.7205E-05  1.5403E-01  4.6127E-01  7.5326E-03 -4.5956E-01
  4.3153E-01  8.1119E-01 -7.8395E-05  1.5340E-01  4.6016E-01  7.5424E-03 -4.5843E-01
  4.3300E-01  8.1752E-01 -7.9686E-05  1.5273E-01  4.5913E-01  7.5553E-03 -4.5738E-01
  4.3436E-01  8.2338E-01 -8.0883E-05  1.5210E-01  4.5832E-01  7.5685E-03 -4.5653E-01
  4.3573E-01  8.2924E-01 -8.2083E-05  1.5148E-01  4.5761E-01  7.5822E-03 -4.5580E-01
  4.3720E-01  8.3557E-01 -8.3381E-05  1.5081E-01  4.5695E-01  7.5973E-03 -4.5511E-01
  4.3856E-01  8.4143E-01 -8.4585E-05  1.5019E-01  4.5641E-01  7.6110E-03 -4.5456E-01
  4.3993E-01  8.4729E-01 -8.5792E-05  1.4957E-01  4.5595E-01  7.6245E-03 -4.5407E-01
  4.4140E-01  8.5361E-01 -8.7097E-05  1.4890E-01  4.5551E-01  7.6383E-03 -4.5360E-01
  4.4276E-01  8.5947E-01 -8.8307E-05  1.4828E-01  4.5515E-01  7.6504E-03 -4.5322E-01
  4.4413E-01  8.6533E-01 -8.9520E-05  1.4766E-01  4.5483E-01  7.6618E-03 -4.5288E-01
  4.4700E-01  8.7767E-01 -9.2077E-05  1.4637E-01  4.5427E-01  7.6839E-03 -4.5227E-01
