  3.0830E-01  7.5464E-02  5.9518E-05  3.9969E-01  5.7206E-01  8.8260E-03 -5.3911E-01
  3.0972E-01  1.0916E-01  6.1017E-05  3.9839E-01  1.3061E+00  1.5700E-02 -1.2847E+00
  3.1112E-01  1.3455E-01  6.2390E-05  3.9615E-01  1.9090E+00  2.0207E-02 -1.8931E+00
  3.1253E-01  1.5603E-01  6.3600E-05  3.9312E-01  2.4018E+00  2.2968E-02 -2.3896E+00
  3.1391E-01  1.7459E-01  6.4582E-05  3.8954E-01  2.7760E+00  2.4758E-02 -2.7661E+00
  3.1532E-01  1.9167E-01  6.5380E-05  3.8543E-01  3.0639E+00  2.5602E-02 -3.0559E+00
  3.1672E-01  2.0730E-01  6.5974E-05  3.8100E-01  3.2743E+00  2.5982E-02 -3.2677E+00
  3.1813E-01  2.2195E-01  6.6391E-05  3.7627E-01  3.4239E+00  2.6083E-02 -3.4182E+00
  3.1954E-01  2.3562E-01  6.6644E-05  3.7140E-01  3.5245E+00  2.6020E-02 -3.5196E+00
  3.2091E-01  2.4832E-01  6.6756E-05  3.6650E-01  3.5870E+00  2.5885E-02 -3.5826E+00
  3.2230E-01  2.6052E-01  6.6749E-05  3.6150E-01  3.6213E+00  2.5701E-02 -3.6174E+00
  3.2376E-01  2.7273E-01  6.6630E-05  3.5622E-01  3.6328E+00  2.5484E-02 -3.6292E+00
  3.2515E-01  2.8396E-01  6.6420E-05  3.5116E-01  3.6251E+00  2.5279E-02 -3.6218E+00
  3.2654E-01  2.9470E-01  6.6133E-05  3.4616E-01  3.6033E+00  2.5095E-02 -3.6002E+00
  3.2791E-01  3.0496E-01  6.5784E-05  3.4126E-01  3.5709E+00  2.4946E-02 -3.5680E+00
  3.2932E-01  3.1521E-01  6.5365E-05  3.3625E-01  3.5287E+00  2.4830E-02 -3.5259E+00
  3.3070E-01  3.2498E-01  6.4907E-05  3.3140E-01  3.4809E+00  2.4754E-02 -3.4782E+00
  3.3212E-01  3.3474E-01  6.4395E-05  3.2649E-01  3.4269E+00  2.4711E-02 -3.4243E+00
  3.3351E-01  3.4402E-01  6.3864E-05  3.2178E-01  3.3708E+00  2.4696E-02 -3.3682E+00
  3.3493E-01  3.5330E-01  6.3292E-05  3.1704E-01  3.3110E+00  2.4707E-02 -3.3085E+00
  3.3631E-01  3.6208E-01  6.2717E-05  3.1253E-01  3.2516E+00  2.4739E-02 -3.2491E+00
  3.3771E-01  3.7087E-01  6.2113E-05  3.0800E-01  3.1902E+00  2.4791E-02 -3.1877E+00
  3.3915E-01  3.7966E-01  6.1485E-05  3.0348E-01  3.1274E+00  2.4865E-02 -3.1249E+00
  3.4053E-01  3.8796E-01  6.0872E-05  2.9921E-01  3.0672E+00  2.4949E-02 -3.0647E+00
  3.4193E-01  3.9626E-01  6.0243E-05  2.9494E-01  3.0067E+00  2.5047E-02 -3.0042E+00
  3.4336E-01  4.0457E-01  5.9600E-05  2.9069E-01  2.9463E+00  2.5158E-02 -2.9438E+00
  3.4472E-01  4.1238E-01  5.8986E-05  2.8671E-01  2.8898E+00  2.5270E-02 -2.8872E+00
  3.4611E-01  4.2019E-01  5.8364E-05  2.8275E-01  2.8338E+00  2.5389E-02 -2.8313E+00
  3.4752E-01  4.2800E-01  5.7735E-05  2.7880E-01  2.7787E+00  2.5513E-02 -2.7761E+00
  3.4894E-01  4.3582E-01  5.7103E-05  2.7488E-01  2.7246E+00  2.5640E-02 -2.7219E+00
  3.5039E-01  4.4363E-01  5.6467E-05  2.7099E-01  2.6715E+00  2.5771E-02 -2.6688E+00
  3.5176E-01  4.5095E-01  5.5869E-05  2.6736E-01  2.6229E+00  2.5896E-02 -2.6202E+00
  3.5315E-01  4.5828E-01  5.5271E-05  2.6376E-01  2.5755E+00  2.6022E-02 -2.5727E+00
  3.5455E-01  4.6560E-01  5.4672E-05  2.6018E-01  2.5294E+00  2.6149E-02 -2.5265E+00
  3.5597E-01  4.7292E-01  5.4075E-05  2.5663E-01  2.4845E+00  2.6275E-02 -2.4816E+00
  3.5731E-01  4.7976E-01  5.3518E-05  2.5333E-01  2.4439E+00  2.6392E-02 -2.4409E+00
  3.5876E-01  4.8708E-01  5.2924E-05  2.4983E-01  2.4016E+00  2.6513E-02 -2.3986E+00
  3.6012E-01  4.9392E-01  5.2372E-05  2.4658E-01  2.3633E+00  2.6623E-02 -2.3602E+00
  3.6159E-01  5.0125E-01  5.1781E-05  2.4313E-01  2.3234E+00  2.6735E-02 -2.3203E+00
  3.6298E-01  5.0808E-01  5.1232E-05  2.3993E-01  2.2871E+00  2.6834E-02 -2.2839E+00
  3.6438E-01  5.1492E-01  5.0685E-05  2.3676E-01  2.2516E+00  2.6929E-02 -2.2484E+00
  3.6580E-01  5.2175E-01  5.0138E-05  2.3361E-01  2.2168E+00  2.7019E-02 -2.2135E+00
  3.6712E-01  5.2810E-01  4.9630E-05  2.3070E-01  2.1850E+00  2.7095E-02 -2.1817E+00
  3.6855E-01  5.3494E-01  4.9083E-05  2.2760E-01  2.1512E+00  2.7168E-02 -2.1478E+00
  3.7000E-01  5.4177E-01  4.8534E-05  2.2452E-01  2.1174E+00  2.7223E-02 -2.1139E+00
  3.7135E-01  5.4812E-01  4.8021E-05  2.2169E-01  2.0857E+00  2.7262E-02 -2.0822E+00
  3.7271E-01  5.5447E-01  4.7503E-05  2.1888E-01  2.0533E+00  2.7287E-02 -2.0498E+00
  3.7418E-01  5.6130E-01  4.6936E-05  2.1588E-01  2.0171E+00  2.7300E-02 -2.0134E+00
  3.7556E-01  5.6765E-01  4.6399E-05  2.1313E-01  1.9815E+00  2.7307E-02 -1.9778E+00
  3.7694E-01  5.7400E-01  4.5847E-05  2.1042E-01  1.9435E+00  2.7312E-02 -1.9397E+00
  3.7834E-01  5.8035E-01  4.5277E-05  2.0774E-01  1.9022E+00  2.7321E-02 -1.8983E+00
  3.7974E-01  5.8669E-01  4.4683E-05  2.0511E-01  1.8565E+00  2.7357E-02 -1.8525E+00
  3.8115E-01  5.9304E-01  4.4060E-05  2.0253E-01  1.8053E+00  2.7449E-02 -1.8011E+00
  3.8257E-01  5.9939E-01  4.3400E-05  2.0002E-01  1.7468E+00  2.7665E-02 -1.7425E+00
  3.8399E-01  6.0574E-01  4.2697E-05  1.9759E-01  1.6796E+00  2.8072E-02 -1.6750E+00
  3.8531E-01  6.1160E-01  4.2004E-05  1.9542E-01  1.6087E+00  2.8661E-02 -1.6036E+00
  3.8675E-01  6.1794E-01  4.1204E-05  1.9318E-01  1.5215E+00  2.9546E-02 -1.5157E+00
  3.8819E-01  6.2429E-01  4.0356E-05  1.9107E-01  1.4232E+00  3.0647E-02 -1.4165E+00
  3.8952E-01  6.3015E-01  3.9538E-05  1.8924E-01  1.3234E+00  3.1746E-02 -1.3157E+00
  3.9098E-01  6.3650E-01  3.8628E-05  1.8741E-01  1.2078E+00  3.2797E-02 -1.1987E+00
  3.9232E-01  6.4236E-01  3.7785E-05  1.8588E-01  1.0976E+00  3.3432E-02 -1.0872E+00
  3.9378E-01  6.4871E-01  3.6894E-05  1.8438E-01  9.7924E-01  3.3608E-02 -9.6737E-01
  3.9513E-01  6.5457E-01  3.6118E-05  1.8314E-01  8.7545E-01  3.3307E-02 -8.6233E-01
  3.9660E-01  6.6091E-01  3.5350E-05  1.8195E-01  7.7313E-01  3.2632E-02 -7.5878E-01
  3.9795E-01  6.6677E-01  3.4722E-05  1.8098E-01  6.9052E-01  3.1856E-02 -6.7512E-01
  3.9931E-01  6.7263E-01  3.4179E-05  1.8012E-01  6.2027E-01  3.1107E-02 -6.0381E-01
  4.0078E-01  6.7898E-01  3.3685E-05  1.7928E-01  5.5771E-01  3.0428E-02 -5.4008E-01
  4.0214E-01  6.8484E-01  3.3307E-05  1.7858E-01  5.1124E-01  2.9964E-02 -4.9245E-01
  4.0360E-01  6.9114E-01  3.2973E-05  1.7789E-01  4.7148E-01  2.9622E-02 -4.5141E-01
  4.0496E-01  6.9700E-01  3.2718E-05  1.7730E-01  4.4226E-01  2.9422E-02 -4.2100E-01
  4.0632E-01  7.0286E-01  3.2506E-05  1.7674E-01  4.1898E-01  2.9303E-02 -3.9656E-01
  4.0780E-01  7.0921E-01  3.2315E-05  1.7617E-01  3.9902E-01  2.9236E-02 -3.7540E-01
  4.0916E-01  7.1507E-01  3.2166E-05  1.7567E-01  3.8436E-01  2.9215E-02 -3.5970E-01
  4.1052E-01  7.2093E-01  3.2037E-05  1.7519E-01  3.7251E-01  2.9218E-02 -3.4689E-01
  4.1200E-01  7.2727E-01  3.1917E-05  1.7469E-01  3.6215E-01  2.9239E-02 -3.3556E-01
  4.1336E-01  7.3313E-01  3.1819E-05  1.7424E-01  3.5437E-01  2.9270E-02 -3.2697E-01
  4.1472E-01  7.3899E-01  3.1731E-05  1.7380E-01  3.4794E-01  2.9308E-02 -3.1978E-01
  4.1620E-01  7.4534E-01  3.1644E-05  1.7333E-01  3.4218E-01  2.9354E-02 -3.1326E-01
  4.1756E-01  7.5120E-01  3.1569E-05  1.7290E-01  3.3775E-01  2.9400E-02 -3.0818E-01
  4.1892E-01  7.5706E-01  3.1500E-05  1.7249E-01  3.3400E-01  2.9448E-02 -3.0383E-01
  4.2040E-01  7.6340E-01  3.1428E-05  1.7204E-01  3.3055E-01  2.9502E-02 -2.9976E-01
  4.2176E-01  7.6926E-01  3.1365E-05  1.7164E-01  3.2783E-01  2.9553E-02 -2.9650E-01
  4.2313E-01  7.7512E-01  3.1303E-05  1.7123E-01  3.2546E-01  2.9605E-02 -2.9361E-01
  4.2460E-01  7.8145E-01  3.1239E-05  1.7080E-01  3.2323E-01  2.9662E-02 -2.9085E-01
  4.2596E-01  7.8731E-01  3.1180E-05  1.7041E-01  3.2142E-01  2.9714E-02 -2.8855E-01
  4.2733E-01  7.9317E-01  3.1122E-05  1.7002E-01  3.1980E-01  2.9767E-02 -2.8647E-01
  4.2880E-01  7.9949E-01  3.1060E-05  1.6960E-01  3.1824E-01  2.9825E-02 -2.8441E-01
  4.3016E-01  8.0535E-01  3.1002E-05  1.6921E-01  3.1694E-01  2.9878E-02 -2.8266E-01
  4.3153E-01  8.1121E-01  3.0945E-05  1.6882E-01  3.1575E-01  2.9930E-02 -2.8104E-01
  4.3300E-01  8.1754E-01  3.0882E-05  1.6841E-01  3.1458E-01  2.9987E-02 -2.7940E-01
  4.3436E-01  8.2340E-01  3.0824E-05  1.6803E-01  3.1358E-01  3.0040E-02 -2.7798E-01
  4.3573E-01  8.2926E-01  3.0766E-05  1.6765E-01  3.1266E-01  3.0092E-02 -2.7664E-01
  4.3720E-01  8.3558E-01  3.0702E-05  1.6725E-01  3.1174E-01  3.0149E-02 -2.7527E-01
  4.3856E-01  8.4144E-01  3.0643E-05  1.6687E-01  3.1095E-01  3.0201E-02 -2.7407E-01
  4.3993E-01  8.4730E-01  3.0583E-05  1.6650E-01  3.1021E-01  3.0252E-02 -2.7292E-01
  4.4140E-01  8.5363E-01  3.0517E-05  1.6610E-01  3.0947E-01  3.0307E-02 -2.7174E-01
  4.4276E-01  8.5948E-01  3.0456E-05  1.6573E-01  3.0883E-01  3.0358E-02 -2.7070E-01
  4.4413E-01  8.6534E-01  3.0394E-05  1.6536E-01  3.0823E-01  3.0408E-02 -2.6970E-01
  4.4700E-01  8.7768E-01  3.0262E-05  1.6459E-01  3.0709E-01  3.0513E-02 -2.6772E-01
