  3.0831E-01  6.9568E-02  3.8925E-05  3.9932E-01  1.2545E+00  3.7768E-02 -8.8611E-01
  3.0972E-01  1.0521E-01  3.2530E-05  3.9759E-01  1.9057E+00  7.1281E-02 -1.5499E+00
  3.1111E-01  1.3109E-01  2.6457E-05  3.9507E-01  2.3954E+00  9.3574E-02 -2.0900E+00
  3.1252E-01  1.5306E-01  2.0665E-05  3.9180E-01  2.7828E+00  1.0757E-01 -2.5314E+00
  3.1391E-01  1.7211E-01  1.5437E-05  3.8803E-01  3.0767E+00  1.1511E-01 -2.8716E+00
  3.1530E-01  1.8920E-01  1.0699E-05  3.8386E-01  3.2978E+00  1.1792E-01 -3.1315E+00
  3.1673E-01  2.0531E-01  6.2919E-06  3.7924E-01  3.4650E+00  1.1758E-01 -3.3307E+00
  3.1813E-01  2.1996E-01  2.3824E-06  3.7448E-01  3.5809E+00  1.1513E-01 -3.4715E+00
  3.1952E-01  2.3363E-01 -1.1470E-06  3.6959E-01  3.6584E+00  1.1144E-01 -3.5685E+00
  3.2094E-01  2.4681E-01 -4.4170E-06  3.6448E-01  3.7060E+00  1.0689E-01 -3.6320E+00
  3.2232E-01  2.5902E-01 -7.3139E-06  3.5943E-01  3.7280E+00  1.0203E-01 -3.6663E+00
  3.2371E-01  2.7074E-01 -9.9688E-06  3.5433E-01  3.7307E+00  9.6960E-02 -3.6790E+00
  3.2515E-01  2.8246E-01 -1.2498E-05  3.4901E-01  3.7171E+00  9.1619E-02 -3.6738E+00
  3.2653E-01  2.9320E-01 -1.4706E-05  3.4396E-01  3.6918E+00  8.6602E-02 -3.6551E+00
  3.2795E-01  3.0394E-01 -1.6811E-05  3.3877E-01  3.6559E+00  8.1569E-02 -3.6247E+00
  3.2936E-01  3.1420E-01 -1.8727E-05  3.3369E-01  3.6128E+00  7.6829E-02 -3.5861E+00
  3.3073E-01  3.2396E-01 -2.0470E-05  3.2877E-01  3.5649E+00  7.2438E-02 -3.5419E+00
  3.3215E-01  3.3373E-01 -2.2137E-05  3.2378E-01  3.5113E+00  6.8213E-02 -3.4914E+00
  3.3353E-01  3.4301E-01 -2.3654E-05  3.1899E-01  3.4560E+00  6.4388E-02 -3.4386E+00
  3.3494E-01  3.5228E-01 -2.5111E-05  3.1415E-01  3.3972E+00  6.0773E-02 -3.3820E+00
  3.3631E-01  3.6107E-01 -2.6440E-05  3.0954E-01  3.3390E+00  5.7558E-02 -3.3255E+00
  3.3771E-01  3.6986E-01 -2.7723E-05  3.0491E-01  3.2789E+00  5.4562E-02 -3.2669E+00
  3.3914E-01  3.7865E-01 -2.8964E-05  3.0028E-01  3.2175E+00  5.1792E-02 -3.2068E+00
  3.4051E-01  3.8695E-01 -3.0102E-05  2.9590E-01  3.1587E+00  4.9392E-02 -3.1490E+00
  3.4191E-01  3.9525E-01 -3.1210E-05  2.9152E-01  3.0996E+00  4.7203E-02 -3.0907E+00
  3.4334E-01  4.0355E-01 -3.2290E-05  2.8715E-01  3.0404E+00  4.5224E-02 -3.0322E+00
  3.4478E-01  4.1185E-01 -3.3347E-05  2.8279E-01  2.9814E+00  4.3453E-02 -2.9739E+00
  3.4616E-01  4.1967E-01 -3.4322E-05  2.7870E-01  2.9265E+00  4.1967E-02 -2.9194E+00
  3.4757E-01  4.2748E-01 -3.5280E-05  2.7463E-01  2.8721E+00  4.0651E-02 -2.8655E+00
  3.4899E-01  4.3529E-01 -3.6223E-05  2.7058E-01  2.8187E+00  3.9495E-02 -2.8124E+00
  3.5034E-01  4.4261E-01 -3.7096E-05  2.6680E-01  2.7695E+00  3.8544E-02 -2.7634E+00
  3.5170E-01  4.4994E-01 -3.7959E-05  2.6304E-01  2.7212E+00  3.7711E-02 -2.7154E+00
  3.5318E-01  4.5775E-01 -3.8868E-05  2.5905E-01  2.6709E+00  3.6934E-02 -2.6652E+00
  3.5458E-01  4.6508E-01 -3.9710E-05  2.5534E-01  2.6248E+00  3.6289E-02 -2.6193E+00
  3.5599E-01  4.7240E-01 -4.0542E-05  2.5165E-01  2.5798E+00  3.5706E-02 -2.5745E+00
  3.5733E-01  4.7924E-01 -4.1309E-05  2.4823E-01  2.5388E+00  3.5200E-02 -2.5336E+00
  3.5877E-01  4.8656E-01 -4.2120E-05  2.4458E-01  2.4960E+00  3.4675E-02 -2.4908E+00
  3.6013E-01  4.9340E-01 -4.2867E-05  2.4121E-01  2.4568E+00  3.4177E-02 -2.4518E+00
  3.6151E-01  5.0023E-01 -4.3600E-05  2.3785E-01  2.4185E+00  3.3642E-02 -2.4135E+00
  3.6299E-01  5.0756E-01 -4.4367E-05  2.3429E-01  2.3782E+00  3.2982E-02 -2.3733E+00
  3.6439E-01  5.1439E-01 -4.5061E-05  2.3098E-01  2.3411E+00  3.2238E-02 -2.3364E+00
  3.6580E-01  5.2123E-01 -4.5727E-05  2.2770E-01  2.3042E+00  3.1315E-02 -2.2997E+00
  3.6711E-01  5.2758E-01 -4.6314E-05  2.2468E-01  2.2700E+00  3.0246E-02 -2.2657E+00
  3.6855E-01  5.3441E-01 -4.6904E-05  2.2145E-01  2.2328E+00  2.8809E-02 -2.2289E+00
  3.6999E-01  5.4125E-01 -4.7441E-05  2.1825E-01  2.1949E+00  2.7008E-02 -2.1914E+00
  3.7134E-01  5.4759E-01 -4.7878E-05  2.1530E-01  2.1585E+00  2.4952E-02 -2.1555E+00
  3.7280E-01  5.5443E-01 -4.8267E-05  2.1217E-01  2.1177E+00  2.2299E-02 -2.1152E+00
  3.7416E-01  5.6078E-01 -4.8531E-05  2.0929E-01  2.0775E+00  1.9504E-02 -2.0756E+00
  3.7554E-01  5.6713E-01 -4.8687E-05  2.0645E-01  2.0346E+00  1.6724E-02 -2.0331E+00
  3.7692E-01  5.7347E-01 -4.8721E-05  2.0366E-01  1.9884E+00  1.4837E-02 -1.9872E+00
  3.7831E-01  5.7982E-01 -4.8624E-05  2.0092E-01  1.9385E+00  1.5351E-02 -1.9372E+00
  3.7971E-01  5.8617E-01 -4.8399E-05  1.9823E-01  1.8845E+00  1.9108E-02 -1.8824E+00
  3.8112E-01  5.9252E-01 -4.8061E-05  1.9561E-01  1.8264E+00  2.5373E-02 -1.8226E+00
  3.8253E-01  5.9886E-01 -4.7643E-05  1.9306E-01  1.7644E+00  3.3011E-02 -1.7578E+00
  3.8395E-01  6.0521E-01 -4.7194E-05  1.9060E-01  1.6990E+00  4.1157E-02 -1.6881E+00
  3.8537E-01  6.1156E-01 -4.6771E-05  1.8823E-01  1.6306E+00  4.9142E-02 -1.6144E+00
  3.8680E-01  6.1789E-01 -4.6432E-05  1.8596E-01  1.5601E+00  5.6415E-02 -1.5376E+00
  3.8813E-01  6.2375E-01 -4.6228E-05  1.8396E-01  1.4932E+00  6.2181E-02 -1.4643E+00
  3.8957E-01  6.3010E-01 -4.6150E-05  1.8189E-01  1.4193E+00  6.7108E-02 -1.3836E+00
  3.9090E-01  6.3596E-01 -4.6216E-05  1.8008E-01  1.3500E+00  7.0284E-02 -1.3085E+00
  3.9235E-01  6.4230E-01 -4.6431E-05  1.7823E-01  1.2742E+00  7.2150E-02 -1.2274E+00
  3.9380E-01  6.4862E-01 -4.6779E-05  1.7650E-01  1.1983E+00  7.2352E-02 -1.1476E+00
  3.9515E-01  6.5448E-01 -4.7209E-05  1.7499E-01  1.1277E+00  7.1092E-02 -1.0753E+00
  3.9660E-01  6.6080E-01 -4.7771E-05  1.7347E-01  1.0521E+00  6.8259E-02 -9.9971E-01
  3.9795E-01  6.6666E-01 -4.8367E-05  1.7216E-01  9.8300E-01  6.4399E-02 -9.3273E-01
  3.9930E-01  6.7252E-01 -4.9019E-05  1.7094E-01  9.1588E-01  5.9539E-02 -8.6943E-01
  4.0077E-01  6.7887E-01 -4.9769E-05  1.6971E-01  8.4649E-01  5.3416E-02 -8.0576E-01
  4.0213E-01  6.8472E-01 -5.0490E-05  1.6865E-01  7.8674E-01  4.7276E-02 -7.5223E-01
  4.0360E-01  6.9107E-01 -5.1298E-05  1.6758E-01  7.2794E-01  4.0461E-02 -7.0048E-01
  4.0496E-01  6.9693E-01 -5.2068E-05  1.6665E-01  6.8010E-01  3.4363E-02 -6.5881E-01
  4.0632E-01  7.0279E-01 -5.2866E-05  1.6578E-01  6.3889E-01  2.8713E-02 -6.2300E-01
  4.0779E-01  7.0914E-01 -5.3767E-05  1.6489E-01  6.0172E-01  2.3329E-02 -5.9052E-01
  4.0915E-01  7.1500E-01 -5.4637E-05  1.6410E-01  5.7383E-01  1.9155E-02 -5.6587E-01
  4.1051E-01  7.2086E-01 -5.5544E-05  1.6335E-01  5.5134E-01  1.5764E-02 -5.4570E-01
  4.1199E-01  7.2720E-01 -5.6565E-05  1.6255E-01  5.3207E-01  1.2925E-02 -5.2811E-01
  4.1335E-01  7.3306E-01 -5.7540E-05  1.6184E-01  5.1807E-01  1.0981E-02 -5.1511E-01
  4.1471E-01  7.3892E-01 -5.8541E-05  1.6115E-01  5.0693E-01  9.5794E-03 -5.0462E-01
  4.1619E-01  7.4527E-01 -5.9650E-05  1.6041E-01  4.9738E-01  8.5378E-03 -4.9549E-01
  4.1755E-01  7.5113E-01 -6.0692E-05  1.5974E-01  4.9037E-01  7.9075E-03 -4.8871E-01
  4.1891E-01  7.5699E-01 -6.1748E-05  1.5908E-01  4.8469E-01  7.5009E-03 -4.8317E-01
  4.2039E-01  7.6334E-01 -6.2906E-05  1.5837E-01  4.7972E-01  7.2316E-03 -4.7828E-01
  4.2175E-01  7.6920E-01 -6.3985E-05  1.5772E-01  4.7598E-01  7.0871E-03 -4.7458E-01
  4.2312E-01  7.7506E-01 -6.5073E-05  1.5707E-01  4.7289E-01  7.0052E-03 -4.7150E-01
  4.2459E-01  7.8140E-01 -6.6258E-05  1.5638E-01  4.7012E-01  6.9610E-03 -4.6872E-01
  4.2596E-01  7.8726E-01 -6.7358E-05  1.5574E-01  4.6799E-01  6.9454E-03 -4.6658E-01
  4.2732E-01  7.9312E-01 -6.8464E-05  1.5511E-01  4.6619E-01  6.9439E-03 -4.6477E-01
  4.2880E-01  7.9947E-01 -6.9666E-05  1.5442E-01  4.6454E-01  6.9521E-03 -4.6310E-01
  4.3016E-01  8.0533E-01 -7.0780E-05  1.5379E-01  4.6326E-01  6.9645E-03 -4.6180E-01
  4.3153E-01  8.1119E-01 -7.1898E-05  1.5316E-01  4.6215E-01  6.9796E-03 -4.6067E-01
  4.3300E-01  8.1752E-01 -7.3110E-05  1.5248E-01  4.6113E-01  6.9973E-03 -4.5962E-01
  4.3436E-01  8.2338E-01 -7.4234E-05  1.5186E-01  4.6031E-01  7.0142E-03 -4.5878E-01
  4.3573E-01  8.2924E-01 -7.5361E-05  1.5123E-01  4.5960E-01  7.0311E-03 -4.5805E-01
  4.3720E-01  8.3557E-01 -7.6581E-05  1.5056E-01  4.5894E-01  7.0491E-03 -4.5737E-01
  4.3856E-01  8.4143E-01 -7.7713E-05  1.4993E-01  4.5841E-01  7.0652E-03 -4.5682E-01
  4.3993E-01  8.4728E-01 -7.8848E-05  1.4931E-01  4.5795E-01  7.0806E-03 -4.5633E-01
  4.4140E-01  8.5361E-01 -8.0074E-05  1.4864E-01  4.5751E-01  7.0962E-03 -4.5587E-01
  4.4276E-01  8.5947E-01 -8.1213E-05  1.4802E-01  4.5715E-01  7.1096E-03 -4.5549E-01
  4.4413E-01  8.6533E-01 -8.2353E-05  1.4740E-01  4.5684E-01  7.1221E-03 -4.5515E-01
  4.4700E-01  8.7767E-01 -8.4761E-05  1.4609E-01  4.5628E-01  7.1459E-03 -4.5455E-01
