# nurbs mesh v.2.1
#
# 04-Apr-2020
#
2 2 6 6 0 
PATCH 1 
1 2 
2 3 
0.000000000000000   0.000000000000000   1.000000000000000   1.000000000000000   
0.000000000000000   0.000000000000000   0.000000000000000   1.000000000000000   1.000000000000000   1.000000000000000   
0.302000000000000   0.302000000000000   0.306750000000000   0.310400000000000   0.311500000000000   0.318800000000000   
0.020400000000000   0.037800000000000   0.020200000000000   0.037800000000000   0.020000000000000   0.037800000000000   
1.000000000000000   1.000000000000000   1.000000000000000   1.000000000000000   1.000000000000000   1.000000000000000   
PATCH 2 
2 2 
3 3 
0.000000000000000   0.000000000000000   0.000000000000000   1.000000000000000   1.000000000000000   1.000000000000000   
0.000000000000000   0.000000000000000   0.000000000000000   1.000000000000000   1.000000000000000   1.000000000000000   
0.302000000000000   0.302000000000000   0.302000000000000   0.310400000000000   0.294242775336909   0.306980897052205   0.318800000000000   0.286485550673818   0.311961794104410   
0.037800000000000   0.041400000000000   0.045000000000000   0.037800000000000   0.040915975201479   0.049016944027437   0.037800000000000   0.040431950402958   0.053033888054874   
1.000000000000000   1.000000000000000   1.000000000000000   1.000000000000000   0.944902786929041   1.000000000000000   1.000000000000000   0.889805573858082   1.000000000000000   
PATCH 3 
2 2 
3 3 
0.000000000000000   0.000000000000000   0.000000000000000   1.000000000000000   1.000000000000000   1.000000000000000   
0.000000000000000   0.000000000000000   0.000000000000000   1.000000000000000   1.000000000000000   1.000000000000000   
0.252500000000000   0.275832185267444   0.299164370534888   0.277250000000000   0.274487789657192   0.271725579314384   0.302000000000000   0.306980897052205   0.311961794104410   
0.045000000000000   0.052754207426367   0.060508414852735   0.045000000000000   0.048319574510070   0.051639149020141   0.045000000000000   0.049016944027437   0.053033888054874   
1.000000000000000   1.000000000000000   1.000000000000000   1.000000000000000   0.944902786929041   0.889805573858082   1.000000000000000   1.000000000000000   1.000000000000000   
PATCH 4 
2 2 
3 3 
0.000000000000000   0.000000000000000   0.000000000000000   1.000000000000000   1.000000000000000   1.000000000000000   
0.000000000000000   0.000000000000000   0.000000000000000   1.000000000000000   1.000000000000000   1.000000000000000   
0.252500000000000   0.243750000000000   0.235000000000000   0.275832185267444   0.265043251736674   0.254218789511516   0.299164370534888   0.286336503473347   0.273437579023031   
0.045000000000000   0.050000000000000   0.055000000000000   0.052754207426367   0.057808866115803   0.060896106394830   0.060508414852735   0.065617732231606   0.066792212789659   
1.000000000000000   1.000000000000000   1.000000000000000   1.000000000000000   1.000000000000000   1.000000000000000   1.000000000000000   1.000000000000000   1.000000000000000   
PATCH 5 
2 2 
3 3 
0.000000000000000   0.000000000000000   0.000000000000000   1.000000000000000   1.000000000000000   1.000000000000000   
0.000000000000000   0.000000000000000   0.000000000000000   1.000000000000000   1.000000000000000   1.000000000000000   
0.224981162080542   0.162517983280985   0.239960381211074   0.229990581040271   0.209580355818881   0.259122918962315   0.235000000000000   0.254218789511516   0.273437579023031   
0.052420492646938   0.041806095846895   0.062224803173731   0.053710246323469   0.053144647005227   0.068095599750426   0.055000000000000   0.060896106394830   0.066792212789659   
1.000000000000000   0.707106781186547   1.000000000000000   1.000000000000000   0.853553390593274   1.000000000000000   1.000000000000000   1.000000000000000   1.000000000000000   
PATCH 6 
2 2 
3 3 
0.000000000000000   0.000000000000000   0.000000000000000   1.000000000000000   1.000000000000000   1.000000000000000   
0.000000000000000   0.000000000000000   0.000000000000000   1.000000000000000   1.000000000000000   1.000000000000000   
0.230000000000000   0.155316929575051   0.224981162080542   0.241250000000000   0.199533464787525   0.229990581040271   0.252500000000000   0.243750000000000   0.235000000000000   
0.045000000000000   0.031863047367047   0.052420492646938   0.045000000000000   0.040931523683523   0.053710246323469   0.045000000000000   0.050000000000000   0.055000000000000   
1.000000000000000   0.707106781186547   1.000000000000000   1.000000000000000   0.853553390593274   1.000000000000000   1.000000000000000   1.000000000000000   1.000000000000000   
INTERFACE 1 
1 2 
2 1 
1 
INTERFACE 2 
2 2 
3 4 
1 
INTERFACE 3 
3 3 
4 1 
1 
INTERFACE 4 
4 2 
5 4 
1 
INTERFACE 5 
4 3 
6 4 
1 
INTERFACE 6 
5 1 
6 2 
1 
