x y
0.30833  0.0214784406540627
0.30973  0.04014641252022397
0.31113  0.05233893360880595
0.31255  0.05916561444505657
0.31393  0.06312402118857971
0.31538  0.0638654370548269
0.31679  0.06306118933550792
0.31811  0.06144955230421636
0.31951  0.05919074718628529
0.32099  0.05652039343073397
0.32233  0.05392857949152239
0.32373  0.05111057088125234
0.32518  0.04816375697218511
0.32657  0.0453991554370261
0.328  0.04267853619901734
0.32935  0.04025636826309961
0.33073  0.03793787288475034
0.33215  0.03572619165662313
0.3336  0.03364959891260028
0.33495  0.03186831587801486
0.33632  0.03019196203805935
0.33773  0.02863498871894024
0.33916  0.02720682069861833
0.3406  0.02592913496640336
0.34192  0.02488738284247298
0.3434  0.02385976788548376
0.34477  0.02302881662860926
0.34615  0.02229431226619997
0.34756  0.02164557338323368
0.34899  0.02107851590926072
0.3504  0.02059471064060789
0.3518  0.02018441864004906
0.3532  0.01983852928888882
0.35451  0.0195683523206801
0.356  0.01931419747500469
0.35734  0.01912130368607428
0.3588  0.01892526830449027
0.36016  0.01873834354160168
0.36154  0.01853005594866868
0.36293  0.01829443649964944
0.36433  0.01802802944262503
0.36574  0.01772549407008433
0.36717  0.01736358259639079
0.3686  0.01689674192806735
0.37  0.01628758711253628
0.3714  0.01547925532276763
0.3728  0.01442902089867256
0.3742  0.01311395021387987
0.3756  0.01152084857924449
0.377  0.009669822187749384
0.3784  0.007677738286108095
0.3798  0.006100972933271378
0.3811  0.006439636621328358
0.3826  0.009952565526572464
0.38391  0.01482611821008631
0.3854  0.02141529464172554
0.38673  0.02779681179896249
0.3882  0.03490623597403619
0.38954  0.04067734167868064
0.391  0.04538344747375815
0.39234  0.04753543844146716
0.3938  0.04723070395406895
0.39515  0.04464517320016455
0.3965  0.04039773993251115
0.398  0.0345638023747949
0.39936  0.02904936478994874
0.40071  0.02385317054091122
0.4022  0.01893563556024712
0.40356  0.01525902967775098
0.40492  0.01236342372893727
0.4064  0.0100028310090299
0.40776  0.008432977160031082
0.40912  0.007329021501559629
0.4106  0.006527601215628872
0.41196  0.006053220724936813
0.41333  0.005756026059907219
0.4148  0.005563760589507524
0.41616  0.005464172102388727
0.41753  0.005409822549481624
0.419  0.005381862374864674
0.42036  0.005373065915434624
0.42173  0.005373065915434624
0.4232  0.005378092463680367
0.42456  0.005385318126783623
0.42593  0.005393486267682957
0.4274  0.00540196856784765
0.42876  0.005409508390216264
0.43013  0.005416734053319521
0.4316  0.005423645557157419
0.43296  0.00542961458319924
0.43433  0.005434641131444983
0.4358  0.005439981838956086
0.43716  0.005444380068671112
0.43853  0.005448464139120778
0.44  0.005452548209570445
0.44136  0.005456318120754752
0.44273  0.005459459713408343
0.4442  0.00546322962459265
0.447  0.005468570332103753
