  3.0830E-01  7.5405E-02  4.0798E-05  3.9962E-01  6.7561E-01  9.6699E-03 -6.4215E-01
  3.0970E-01  1.0885E-01  3.7170E-05  3.9819E-01  1.4036E+00  1.6357E-02 -1.3818E+00
  3.1111E-01  1.3449E-01  3.3775E-05  3.9579E-01  2.0155E+00  2.0845E-02 -1.9994E+00
  3.1250E-01  1.5573E-01  3.0546E-05  3.9266E-01  2.4963E+00  2.3669E-02 -2.4837E+00
  3.1390E-01  1.7453E-01  2.7308E-05  3.8891E-01  2.8702E+00  2.5344E-02 -2.8601E+00
  3.1531E-01  1.9162E-01  2.3954E-05  3.8468E-01  3.1525E+00  2.6216E-02 -3.1443E+00
  3.1671E-01  2.0724E-01  2.0495E-05  3.8012E-01  3.3565E+00  2.6582E-02 -3.3496E+00
  3.1812E-01  2.2189E-01  1.6892E-05  3.7529E-01  3.5003E+00  2.6683E-02 -3.4945E+00
  3.1952E-01  2.3556E-01  1.3208E-05  3.7032E-01  3.5957E+00  2.6654E-02 -3.5906E+00
  3.2092E-01  2.4850E-01  9.4397E-06  3.6523E-01  3.6545E+00  2.6546E-02 -3.6500E+00
  3.2232E-01  2.6071E-01  5.6424E-06  3.6013E-01  3.6843E+00  2.6393E-02 -3.6802E+00
  3.2371E-01  2.7243E-01  1.7800E-06  3.5499E-01  3.6918E+00  2.6220E-02 -3.6880E+00
  3.2510E-01  2.8366E-01 -2.1164E-06  3.4985E-01  3.6813E+00  2.6048E-02 -3.6778E+00
  3.2652E-01  2.9464E-01 -6.1049E-06  3.4467E-01  3.6562E+00  2.5893E-02 -3.6529E+00
  3.2792E-01  3.0514E-01 -1.0069E-05  3.3958E-01  3.6202E+00  2.5771E-02 -3.6171E+00
  3.2933E-01  3.1540E-01 -1.4079E-05  3.3450E-01  3.5754E+00  2.5685E-02 -3.5725E+00
  3.3071E-01  3.2516E-01 -1.8018E-05  3.2959E-01  3.5253E+00  2.5636E-02 -3.5224E+00
  3.3210E-01  3.3468E-01 -2.1962E-05  3.2474E-01  3.4706E+00  2.5619E-02 -3.4678E+00
  3.3352E-01  3.4420E-01 -2.5996E-05  3.1985E-01  3.4112E+00  2.5628E-02 -3.4084E+00
  3.3491E-01  3.5324E-01 -2.9899E-05  3.1517E-01  3.3513E+00  2.5659E-02 -3.3486E+00
  3.3632E-01  3.6227E-01 -3.3869E-05  3.1048E-01  3.2887E+00  2.5712E-02 -3.2860E+00
  3.3773E-01  3.7106E-01 -3.7794E-05  3.0591E-01  3.2258E+00  2.5784E-02 -3.2232E+00
  3.3912E-01  3.7960E-01 -4.1663E-05  3.0145E-01  3.1635E+00  2.5871E-02 -3.1608E+00
  3.4050E-01  3.8791E-01 -4.5465E-05  2.9714E-01  3.1022E+00  2.5970E-02 -3.0995E+00
  3.4191E-01  3.9621E-01 -4.9305E-05  2.9283E-01  3.0406E+00  2.6081E-02 -3.0379E+00
  3.4333E-01  4.0451E-01 -5.3183E-05  2.8853E-01  2.9792E+00  2.6203E-02 -2.9764E+00
  3.4474E-01  4.1256E-01 -5.6977E-05  2.8438E-01  2.9199E+00  2.6328E-02 -2.9171E+00
  3.4613E-01  4.2038E-01 -6.0679E-05  2.8037E-01  2.8631E+00  2.6456E-02 -2.8603E+00
  3.4754E-01  4.2819E-01 -6.4404E-05  2.7639E-01  2.8072E+00  2.6588E-02 -2.8043E+00
  3.4892E-01  4.3576E-01 -6.8033E-05  2.7255E-01  2.7540E+00  2.6720E-02 -2.7511E+00
  3.5032E-01  4.4333E-01 -7.1678E-05  2.6874E-01  2.7019E+00  2.6852E-02 -2.6989E+00
  3.5173E-01  4.5089E-01 -7.5337E-05  2.6495E-01  2.6510E+00  2.6986E-02 -2.6480E+00
  3.5312E-01  4.5822E-01 -7.8890E-05  2.6131E-01  2.6029E+00  2.7116E-02 -2.5999E+00
  3.5452E-01  4.6554E-01 -8.2450E-05  2.5769E-01  2.5562E+00  2.7246E-02 -2.5531E+00
  3.5594E-01  4.7287E-01 -8.6015E-05  2.5410E-01  2.5107E+00  2.7376E-02 -2.5076E+00
  3.5733E-01  4.7995E-01 -8.9464E-05  2.5066E-01  2.4681E+00  2.7499E-02 -2.4649E+00
  3.5873E-01  4.8703E-01 -9.2915E-05  2.4724E-01  2.4268E+00  2.7619E-02 -2.4235E+00
  3.6014E-01  4.9411E-01 -9.6367E-05  2.4384E-01  2.3866E+00  2.7734E-02 -2.3833E+00
  3.6152E-01  5.0094E-01 -9.9697E-05  2.4059E-01  2.3489E+00  2.7841E-02 -2.3455E+00
  3.6290E-01  5.0778E-01 -1.0303E-04  2.3736E-01  2.3122E+00  2.7942E-02 -2.3087E+00
  3.6430E-01  5.1461E-01 -1.0635E-04  2.3415E-01  2.2763E+00  2.8040E-02 -2.2727E+00
  3.6572E-01  5.2145E-01 -1.0967E-04  2.3096E-01  2.2411E+00  2.8133E-02 -2.2375E+00
  3.6714E-01  5.2829E-01 -1.1299E-04  2.2780E-01  2.2065E+00  2.8219E-02 -2.2028E+00
  3.6852E-01  5.3488E-01 -1.1619E-04  2.2478E-01  2.1736E+00  2.8291E-02 -2.1698E+00
  3.6991E-01  5.4147E-01 -1.1940E-04  2.2178E-01  2.1408E+00  2.8350E-02 -2.1370E+00
  3.7132E-01  5.4806E-01 -1.2261E-04  2.1881E-01  2.1078E+00  2.8395E-02 -2.1039E+00
  3.7273E-01  5.5465E-01 -1.2585E-04  2.1586E-01  2.0740E+00  2.8425E-02 -2.0701E+00
  3.7415E-01  5.6125E-01 -1.2911E-04  2.1294E-01  2.0390E+00  2.8444E-02 -2.0350E+00
  3.7553E-01  5.6759E-01 -1.3228E-04  2.1016E-01  2.0035E+00  2.8456E-02 -1.9994E+00
  3.7691E-01  5.7394E-01 -1.3551E-04  2.0742E-01  1.9656E+00  2.8466E-02 -1.9614E+00
  3.7831E-01  5.8029E-01 -1.3880E-04  2.0471E-01  1.9247E+00  2.8478E-02 -1.9204E+00
  3.7971E-01  5.8664E-01 -1.4217E-04  2.0205E-01  1.8796E+00  2.8507E-02 -1.8752E+00
  3.8112E-01  5.9298E-01 -1.4565E-04  1.9944E-01  1.8291E+00  2.8586E-02 -1.8245E+00
  3.8253E-01  5.9933E-01 -1.4926E-04  1.9689E-01  1.7716E+00  2.8773E-02 -1.7668E+00
  3.8390E-01  6.0544E-01 -1.5290E-04  1.9452E-01  1.7083E+00  2.9120E-02 -1.7032E+00
  3.8533E-01  6.1178E-01 -1.5689E-04  1.9213E-01  1.6328E+00  2.9699E-02 -1.6272E+00
  3.8671E-01  6.1789E-01 -1.6096E-04  1.8994E-01  1.5501E+00  3.0482E-02 -1.5439E+00
  3.8810E-01  6.2399E-01 -1.6528E-04  1.8787E-01  1.4573E+00  3.1466E-02 -1.4502E+00
  3.8955E-01  6.3034E-01 -1.7006E-04  1.8584E-01  1.3507E+00  3.2596E-02 -1.3424E+00
  3.9094E-01  6.3644E-01 -1.7492E-04  1.8405E-01  1.2405E+00  3.3577E-02 -1.2309E+00
  3.9234E-01  6.4254E-01 -1.8002E-04  1.8240E-01  1.1266E+00  3.4226E-02 -1.1156E+00
  3.9375E-01  6.4865E-01 -1.8530E-04  1.8092E-01  1.0136E+00  3.4403E-02 -1.0011E+00
  3.9516E-01  6.5475E-01 -1.9070E-04  1.7959E-01  9.0637E-01  3.4123E-02 -8.9255E-01
  3.9651E-01  6.6061E-01 -1.9593E-04  1.7844E-01  8.1261E-01  3.3543E-02 -7.9762E-01
  3.9792E-01  6.6671E-01 -2.0137E-04  1.7738E-01  7.2715E-01  3.2797E-02 -7.1101E-01
  3.9933E-01  6.7282E-01 -2.0677E-04  1.7643E-01  6.5514E-01  3.2076E-02 -6.3788E-01
  4.0075E-01  6.7892E-01 -2.1210E-04  1.7557E-01  5.9616E-01  3.1480E-02 -5.7775E-01
  4.0211E-01  6.8478E-01 -2.1716E-04  1.7482E-01  5.5049E-01  3.1056E-02 -5.3094E-01
  4.0352E-01  6.9088E-01 -2.2237E-04  1.7409E-01  5.1255E-01  3.0755E-02 -4.9179E-01
  4.0494E-01  6.9699E-01 -2.2753E-04  1.7342E-01  4.8259E-01  3.0566E-02 -4.6064E-01
  4.0630E-01  7.0285E-01 -2.3244E-04  1.7281E-01  4.5978E-01  3.0460E-02 -4.3673E-01
  4.0772E-01  7.0895E-01 -2.3753E-04  1.7221E-01  4.4087E-01  3.0405E-02 -4.1673E-01
  4.0914E-01  7.1505E-01 -2.4260E-04  1.7163E-01  4.2580E-01  3.0388E-02 -4.0064E-01
  4.1056E-01  7.2116E-01 -2.4766E-04  1.7107E-01  4.1371E-01  3.0395E-02 -3.8761E-01
  4.1192E-01  7.2702E-01 -2.5251E-04  1.7055E-01  4.0429E-01  3.0417E-02 -3.7735E-01
  4.1334E-01  7.3312E-01 -2.5756E-04  1.7002E-01  3.9626E-01  3.0450E-02 -3.6851E-01
  4.1470E-01  7.3898E-01 -2.6240E-04  1.6952E-01  3.8989E-01  3.0489E-02 -3.6143E-01
  4.1612E-01  7.4508E-01 -2.6745E-04  1.6901E-01  3.8438E-01  3.0535E-02 -3.5522E-01
  4.1754E-01  7.5119E-01 -2.7251E-04  1.6851E-01  3.7978E-01  3.0584E-02 -3.4996E-01
  4.1890E-01  7.5705E-01 -2.7736E-04  1.6804E-01  3.7604E-01  3.0633E-02 -3.4563E-01
  4.2032E-01  7.6315E-01 -2.8243E-04  1.6755E-01  3.7271E-01  3.0685E-02 -3.4173E-01
  4.2174E-01  7.6925E-01 -2.8750E-04  1.6707E-01  3.6986E-01  3.0739E-02 -3.3832E-01
  4.2311E-01  7.7511E-01 -2.9238E-04  1.6661E-01  3.6748E-01  3.0791E-02 -3.3543E-01
  4.2453E-01  7.8122E-01 -2.9747E-04  1.6613E-01  3.6531E-01  3.0845E-02 -3.3274E-01
  4.2595E-01  7.8732E-01 -3.0256E-04  1.6566E-01  3.6339E-01  3.0901E-02 -3.3032E-01
  4.2731E-01  7.9318E-01 -3.0746E-04  1.6521E-01  3.6175E-01  3.0954E-02 -3.2820E-01
  4.2873E-01  7.9928E-01 -3.1257E-04  1.6475E-01  3.6020E-01  3.1009E-02 -3.2618E-01
  4.3015E-01  8.0539E-01 -3.1769E-04  1.6429E-01  3.5881E-01  3.1065E-02 -3.2431E-01
  4.3152E-01  8.1125E-01 -3.2261E-04  1.6384E-01  3.5759E-01  3.1117E-02 -3.2264E-01
  4.3294E-01  8.1735E-01 -3.2775E-04  1.6339E-01  3.5642E-01  3.1172E-02 -3.2101E-01
  4.3430E-01  8.2321E-01 -3.3269E-04  1.6295E-01  3.5538E-01  3.1225E-02 -3.1953E-01
  4.3572E-01  8.2931E-01 -3.3784E-04  1.6250E-01  3.5438E-01  3.1279E-02 -3.1808E-01
  4.3714E-01  8.3542E-01 -3.4301E-04  1.6205E-01  3.5345E-01  3.1332E-02 -3.1670E-01
  4.3851E-01  8.4128E-01 -3.4797E-04  1.6162E-01  3.5261E-01  3.1383E-02 -3.1543E-01
  4.3993E-01  8.4738E-01 -3.5314E-04  1.6117E-01  3.5179E-01  3.1436E-02 -3.1417E-01
  4.4135E-01  8.5348E-01 -3.5833E-04  1.6072E-01  3.5103E-01  3.1489E-02 -3.1296E-01
  4.4271E-01  8.5934E-01 -3.6331E-04  1.6030E-01  3.5034E-01  3.1540E-02 -3.1184E-01
  4.4413E-01  8.6545E-01 -3.6850E-04  1.5985E-01  3.4967E-01  3.1592E-02 -3.1072E-01
  4.4700E-01  8.7776E-01 -3.7901E-04  1.5897E-01  3.4843E-01  3.1695E-02 -3.0859E-01
