  3.0830E-01  7.5405E-02  5.9544E-05  3.9961E-01  6.7946E-01  9.6365E-03 -6.4643E-01
  3.0970E-01  1.0885E-01  6.1005E-05  3.9818E-01  1.4085E+00  1.6341E-02 -1.3869E+00
  3.1111E-01  1.3449E-01  6.2434E-05  3.9577E-01  2.0206E+00  2.0847E-02 -2.0045E+00
  3.1250E-01  1.5573E-01  6.3684E-05  3.9263E-01  2.5013E+00  2.3685E-02 -2.4887E+00
  3.1390E-01  1.7453E-01  6.4759E-05  3.8887E-01  2.8749E+00  2.5370E-02 -2.8649E+00
  3.1531E-01  1.9162E-01  6.5645E-05  3.8463E-01  3.1569E+00  2.6252E-02 -3.1487E+00
  3.1671E-01  2.0724E-01  6.6322E-05  3.8007E-01  3.3606E+00  2.6626E-02 -3.3537E+00
  3.1812E-01  2.2189E-01  6.6804E-05  3.7523E-01  3.5041E+00  2.6733E-02 -3.4983E+00
  3.1952E-01  2.3556E-01  6.7104E-05  3.7026E-01  3.5993E+00  2.6705E-02 -3.5942E+00
  3.2092E-01  2.4850E-01  6.7252E-05  3.6517E-01  3.6578E+00  2.6598E-02 -3.6533E+00
  3.2232E-01  2.6071E-01  6.7275E-05  3.6007E-01  3.6874E+00  2.6447E-02 -3.6833E+00
  3.2371E-01  2.7243E-01  6.7194E-05  3.5492E-01  3.6947E+00  2.6274E-02 -3.6909E+00
  3.2510E-01  2.8366E-01  6.7022E-05  3.4978E-01  3.6840E+00  2.6101E-02 -3.6805E+00
  3.2652E-01  2.9464E-01  6.6766E-05  3.4459E-01  3.6587E+00  2.5944E-02 -3.6554E+00
  3.2792E-01  3.0514E-01  6.6442E-05  3.3949E-01  3.6226E+00  2.5821E-02 -3.6195E+00
  3.2933E-01  3.1540E-01  6.6056E-05  3.3442E-01  3.5777E+00  2.5733E-02 -3.5747E+00
  3.3072E-01  3.2516E-01  6.5627E-05  3.2950E-01  3.5274E+00  2.5683E-02 -3.5245E+00
  3.3210E-01  3.3468E-01  6.5156E-05  3.2465E-01  3.4726E+00  2.5664E-02 -3.4698E+00
  3.3353E-01  3.4420E-01  6.4641E-05  3.1975E-01  3.4131E+00  2.5672E-02 -3.4103E+00
  3.3491E-01  3.5324E-01  6.4119E-05  3.1508E-01  3.3531E+00  2.5701E-02 -3.3504E+00
  3.3632E-01  3.6227E-01  6.3567E-05  3.1038E-01  3.2904E+00  2.5752E-02 -3.2877E+00
  3.3773E-01  3.7106E-01  6.3004E-05  3.0581E-01  3.2275E+00  2.5822E-02 -3.2248E+00
  3.3912E-01  3.7960E-01  6.2435E-05  3.0135E-01  3.1651E+00  2.5906E-02 -3.1624E+00
  3.4050E-01  3.8791E-01  6.1865E-05  2.9703E-01  3.1037E+00  2.6003E-02 -3.1010E+00
  3.4191E-01  3.9621E-01  6.1277E-05  2.9272E-01  3.0421E+00  2.6113E-02 -3.0394E+00
  3.4333E-01  4.0451E-01  6.0676E-05  2.8842E-01  2.9806E+00  2.6233E-02 -2.9779E+00
  3.4474E-01  4.1256E-01  6.0080E-05  2.8427E-01  2.9214E+00  2.6358E-02 -2.9186E+00
  3.4613E-01  4.2038E-01  5.9492E-05  2.8026E-01  2.8645E+00  2.6485E-02 -2.8617E+00
  3.4754E-01  4.2819E-01  5.8895E-05  2.7628E-01  2.8086E+00  2.6617E-02 -2.8057E+00
  3.4892E-01  4.3576E-01  5.8310E-05  2.7244E-01  2.7553E+00  2.6748E-02 -2.7524E+00
  3.5032E-01  4.4333E-01  5.7721E-05  2.6862E-01  2.7032E+00  2.6880E-02 -2.7003E+00
  3.5173E-01  4.5089E-01  5.7126E-05  2.6483E-01  2.6523E+00  2.7013E-02 -2.6493E+00
  3.5312E-01  4.5822E-01  5.6546E-05  2.6119E-01  2.6042E+00  2.7143E-02 -2.6012E+00
  3.5452E-01  4.6554E-01  5.5962E-05  2.5757E-01  2.5574E+00  2.7273E-02 -2.5543E+00
  3.5594E-01  4.7287E-01  5.5376E-05  2.5398E-01  2.5120E+00  2.7404E-02 -2.5088E+00
  3.5733E-01  4.7995E-01  5.4810E-05  2.5054E-01  2.4694E+00  2.7528E-02 -2.4661E+00
  3.5873E-01  4.8703E-01  5.4242E-05  2.4711E-01  2.4280E+00  2.7650E-02 -2.4247E+00
  3.6014E-01  4.9411E-01  5.3674E-05  2.4372E-01  2.3878E+00  2.7766E-02 -2.3845E+00
  3.6152E-01  5.0094E-01  5.3126E-05  2.4046E-01  2.3501E+00  2.7874E-02 -2.3467E+00
  3.6290E-01  5.0778E-01  5.2579E-05  2.3723E-01  2.3134E+00  2.7977E-02 -2.3099E+00
  3.6430E-01  5.1461E-01  5.2031E-05  2.3402E-01  2.2774E+00  2.8075E-02 -2.2739E+00
  3.6572E-01  5.2145E-01  5.1485E-05  2.3083E-01  2.2422E+00  2.8169E-02 -2.2386E+00
  3.6714E-01  5.2829E-01  5.0937E-05  2.2767E-01  2.2076E+00  2.8256E-02 -2.2040E+00
  3.6852E-01  5.3488E-01  5.0408E-05  2.2465E-01  2.1747E+00  2.8329E-02 -2.1709E+00
  3.6991E-01  5.4147E-01  4.9876E-05  2.2165E-01  2.1419E+00  2.8389E-02 -2.1381E+00
  3.7132E-01  5.4806E-01  4.9339E-05  2.1867E-01  2.1088E+00  2.8435E-02 -2.1049E+00
  3.7273E-01  5.5465E-01  4.8797E-05  2.1572E-01  2.0751E+00  2.8466E-02 -2.0711E+00
  3.7415E-01  5.6125E-01  4.8245E-05  2.1280E-01  2.0400E+00  2.8484E-02 -2.0360E+00
  3.7553E-01  5.6759E-01  4.7702E-05  2.1002E-01  2.0045E+00  2.8494E-02 -2.0004E+00
  3.7691E-01  5.7394E-01  4.7142E-05  2.0727E-01  1.9666E+00  2.8501E-02 -1.9624E+00
  3.7831E-01  5.8029E-01  4.6561E-05  2.0457E-01  1.9256E+00  2.8510E-02 -1.9213E+00
  3.7971E-01  5.8664E-01  4.5955E-05  2.0190E-01  1.8804E+00  2.8534E-02 -1.8760E+00
  3.8112E-01  5.9298E-01  4.5317E-05  1.9930E-01  1.8299E+00  2.8606E-02 -1.8253E+00
  3.8253E-01  5.9933E-01  4.4641E-05  1.9675E-01  1.7724E+00  2.8780E-02 -1.7675E+00
  3.8390E-01  6.0544E-01  4.3949E-05  1.9437E-01  1.7090E+00  2.9109E-02 -1.7038E+00
  3.8533E-01  6.1178E-01  4.3179E-05  1.9199E-01  1.6333E+00  2.9667E-02 -1.6278E+00
  3.8671E-01  6.1789E-01  4.2389E-05  1.8980E-01  1.5505E+00  3.0425E-02 -1.5443E+00
  3.8810E-01  6.2399E-01  4.1553E-05  1.8772E-01  1.4576E+00  3.1383E-02 -1.4505E+00
  3.8955E-01  6.3034E-01  4.0644E-05  1.8570E-01  1.3509E+00  3.2488E-02 -1.3427E+00
  3.9094E-01  6.3644E-01  3.9744E-05  1.8390E-01  1.2407E+00  3.3452E-02 -1.2312E+00
  3.9234E-01  6.4254E-01  3.8839E-05  1.8225E-01  1.1268E+00  3.4091E-02 -1.1158E+00
  3.9375E-01  6.4865E-01  3.7954E-05  1.8077E-01  1.0139E+00  3.4266E-02 -1.0015E+00
  3.9516E-01  6.5475E-01  3.7114E-05  1.7944E-01  9.0676E-01  3.3990E-02 -8.9303E-01
  3.9651E-01  6.6061E-01  3.6371E-05  1.7829E-01  8.1319E-01  3.3420E-02 -7.9829E-01
  3.9792E-01  6.6671E-01  3.5678E-05  1.7723E-01  7.2793E-01  3.2688E-02 -7.1189E-01
  3.9933E-01  6.7282E-01  3.5071E-05  1.7628E-01  6.5613E-01  3.1984E-02 -6.3896E-01
  4.0075E-01  6.7892E-01  3.4550E-05  1.7542E-01  5.9733E-01  3.1405E-02 -5.7901E-01
  4.0211E-01  6.8478E-01  3.4121E-05  1.7466E-01  5.5181E-01  3.0996E-02 -5.3235E-01
  4.0352E-01  6.9088E-01  3.3737E-05  1.7394E-01  5.1400E-01  3.0709E-02 -4.9333E-01
  4.0494E-01  6.9699E-01  3.3405E-05  1.7326E-01  4.8415E-01  3.0531E-02 -4.6229E-01
  4.0630E-01  7.0285E-01  3.3124E-05  1.7265E-01  4.6143E-01  3.0435E-02 -4.3846E-01
  4.0772E-01  7.0895E-01  3.2863E-05  1.7204E-01  4.4259E-01  3.0387E-02 -4.1853E-01
  4.0914E-01  7.1505E-01  3.2625E-05  1.7146E-01  4.2758E-01  3.0375E-02 -4.0250E-01
  4.1056E-01  7.2116E-01  3.2404E-05  1.7090E-01  4.1554E-01  3.0386E-02 -3.8951E-01
  4.1192E-01  7.2702E-01  3.2203E-05  1.7037E-01  4.0615E-01  3.0411E-02 -3.7929E-01
  4.1334E-01  7.3312E-01  3.2003E-05  1.6984E-01  3.9814E-01  3.0447E-02 -3.7048E-01
  4.1470E-01  7.3898E-01  3.1816E-05  1.6934E-01  3.9180E-01  3.0488E-02 -3.6342E-01
  4.1612E-01  7.4508E-01  3.1626E-05  1.6883E-01  3.8631E-01  3.0536E-02 -3.5724E-01
  4.1754E-01  7.5119E-01  3.1439E-05  1.6833E-01  3.8172E-01  3.0585E-02 -3.5200E-01
  4.1890E-01  7.5705E-01  3.1261E-05  1.6785E-01  3.7799E-01  3.0635E-02 -3.4768E-01
  4.2032E-01  7.6315E-01  3.1075E-05  1.6736E-01  3.7468E-01  3.0689E-02 -3.4379E-01
  4.2174E-01  7.6925E-01  3.0890E-05  1.6687E-01  3.7184E-01  3.0743E-02 -3.4040E-01
  4.2311E-01  7.7511E-01  3.0711E-05  1.6641E-01  3.6947E-01  3.0796E-02 -3.3751E-01
  4.2453E-01  7.8122E-01  3.0524E-05  1.6593E-01  3.6731E-01  3.0851E-02 -3.3484E-01
  4.2595E-01  7.8732E-01  3.0336E-05  1.6546E-01  3.6540E-01  3.0906E-02 -3.3243E-01
  4.2731E-01  7.9318E-01  3.0152E-05  1.6501E-01  3.6376E-01  3.0960E-02 -3.3032E-01
  4.2873E-01  7.9928E-01  2.9957E-05  1.6454E-01  3.6222E-01  3.1015E-02 -3.2831E-01
  4.3015E-01  8.0539E-01  2.9756E-05  1.6408E-01  3.6084E-01  3.1070E-02 -3.2645E-01
  4.3152E-01  8.1125E-01  2.9560E-05  1.6363E-01  3.5962E-01  3.1123E-02 -3.2479E-01
  4.3294E-01  8.1735E-01  2.9352E-05  1.6317E-01  3.5845E-01  3.1177E-02 -3.2316E-01
  4.3430E-01  8.2321E-01  2.9148E-05  1.6273E-01  3.5742E-01  3.1229E-02 -3.2169E-01
  4.3572E-01  8.2931E-01  2.8933E-05  1.6228E-01  3.5643E-01  3.1283E-02 -3.2025E-01
  4.3714E-01  8.3542E-01  2.8714E-05  1.6182E-01  3.5550E-01  3.1336E-02 -3.1887E-01
  4.3851E-01  8.4128E-01  2.8502E-05  1.6139E-01  3.5467E-01  3.1388E-02 -3.1761E-01
  4.3993E-01  8.4738E-01  2.8279E-05  1.6094E-01  3.5386E-01  3.1440E-02 -3.1635E-01
  4.4135E-01  8.5348E-01  2.8054E-05  1.6049E-01  3.5310E-01  3.1493E-02 -3.1515E-01
  4.4271E-01  8.5934E-01  2.7837E-05  1.6006E-01  3.5242E-01  3.1543E-02 -3.1404E-01
  4.4413E-01  8.6545E-01  2.7609E-05  1.5961E-01  3.5175E-01  3.1595E-02 -3.1293E-01
  4.4700E-01  8.7776E-01  2.7146E-05  1.5872E-01  3.5052E-01  3.1698E-02 -3.1081E-01
