x y c
0  0.052  482117.0066749846
0  0.05325  481085.5024680764
0  0.0545  479998.0008703724
0  0.05575  478770.251604107
0  0.057  477356.0008751543
0  0.05825  475916.000261411
0  0.0595  474457.5000626136
0  0.06075  472985.5000207527
0  0.062  471480.0029656214

0.0015625  0.052  482539.8029493878
0.0015625  0.05325  481450.3804456713
0.0015625  0.0545  480347.1256216495
0.0015625  0.05575  479012.7077379627
0.0015625  0.057  477535.2593071359
0.0015625  0.05825  475984.1408181073
0.0015625  0.0595  474421.9488318926
0.0015625  0.06075  472909.8255290546
0.0015625  0.062  471574.4537340107

0.003125  0.052  482994.3089370981
0.003125  0.05325  481952.9369836879
0.003125  0.0545  480783.535997136
0.003125  0.05575  479466.9575265411
0.003125  0.057  477693.1199313503
0.003125  0.05825  476035.6984888637
0.003125  0.0595  474391.0292031012
0.003125  0.06075  472854.9352991424
0.003125  0.062  472198.3757627355

0.004687500000000001  0.052  484468.536753382
0.004687500000000001  0.05325000000000001  483113.3357865356
0.004687500000000001  0.05450000000000001  481555.2336426571
0.004687500000000001  0.05575  479863.2283412131
0.004687500000000001  0.057  477971.0128602084
0.004687500000000001  0.05825  476197.0428230544
0.004687500000000001  0.0595  474349.0501490555
0.004687500000000001  0.06075  472631.2228659991
0.004687500000000001  0.062  473395.5220389465

0.00625  0.052  486168.505224624
0.00625  0.05325  484590.6943304444
0.00625  0.0545  483027.7553630584
0.00625  0.05575  480775.6635023439
0.00625  0.057  478452.7102785297
0.00625  0.05825  476337.2699231739
0.00625  0.0595  474415.0901389421
0.00625  0.06075  472365.5130667574
0.00625  0.062  475052.1483473873

0.0078125  0.052  489311.1876963575
0.0078125  0.05325000000000001  486613.1801414004
0.0078125  0.05450000000000001  484746.3291680838
0.0078125  0.05575  482717.6756254936
0.0078125  0.057  480240.1431558418
0.0078125  0.05825  477030.1979323565
0.0078125  0.0595  473665.7971173565
0.0078125  0.06075  471210.3451120315
0.0078125  0.062  476378.4934278247

0.009375000000000001  0.052  493856.4398276315
0.009375000000000001  0.05325  490775.8667707719
0.009375000000000001  0.0545  488033.0618538931
0.009375000000000001  0.05575  484371.3092673275
0.009375000000000001  0.057  480965.9277923694
0.009375000000000001  0.05825  477209.1480096839
0.009375000000000001  0.0595  472848.3249958446
0.009375000000000001  0.06075  469501.6731615195
0.009375000000000001  0.062  476962.9790467151

0.0109375  0.052  503630.0703807656
0.0109375  0.05325  500257.5781301301
0.0109375  0.0545  494061.4389117591
0.0109375  0.05575  486865.667629195
0.0109375  0.057  481271.2645514432
0.0109375  0.05825  477121.7289999184
0.0109375  0.0595  471297.5679176629
0.0109375  0.06075  463810.2577619751
0.0109375  0.062  471556.3075070762

0.0125  0.052  511948.3316686806
0.0125  0.05325  504937.5913327382
0.0125  0.0545  495387.9146961163
0.0125  0.05575  489226.8806584011
0.0125  0.057  483710.8876335531
0.0125  0.05825  478304.0430387934
0.0125  0.0595  472335.678608696
0.0125  0.06075  463287.2559356782
0.0125  0.062  467335.5228903524

