x y c
0.310509900990099  0.0175  3959426.777781045
0.3106336633663367  0.0178125  4014709.673808439
0.3107574257425744  0.018125  4074886.268588797
0.3108811881188121  0.0184375  4165715.133339094
0.3110049504950497  0.01875  4256543.998089336
0.3111287128712873  0.0190625  4347372.862839606
0.311252475247525  0.019375  4438201.727589848
0.3113762376237625  0.0196875  4529030.592340061
0.3115  0.02  4619859.457090274

0.3208211633663366  0.0180625  4629035.276511923
0.3209294554455446  0.0183828125  4656902.048040927
0.3210377475247526  0.018703125  4684831.598638576
0.3211460396039606  0.0190234375  4712810.285188187
0.3212543316831685  0.01934375  4740587.057877376
0.3213626237623765  0.0196640625  4768243.722513127
0.3214709158415843  0.019984375  4795900.387148879
0.3215792079207922  0.0203046875  4824636.551489995
0.3216875  0.020625  4852773.499424202

0.3311324257425743  0.018625  4315833.079372146
0.3312252475247526  0.018953125  4313399.231234946
0.3313180693069309  0.01928125  4311060.1656973
0.3314108910891091  0.019609375  4311519.269534533
0.3315037128712873  0.0199375  4312494.51101903
0.3315965346534655  0.020265625  4314418.968790196
0.3316893564356437  0.02059375  4315442.829696731
0.3317821782178219  0.020921875  4315919.459887939
0.331875  0.02125  4317496.154102342

0.3414436881188119  0.0191875  3903101.551269209
0.3415210396039605  0.0195234375  3901834.871094579
0.341598391089109  0.019859375  3900564.218194417
0.3416757425742575  0.0201953125  3899349.656389283
0.3417530940594061  0.02053125  3898177.848774557
0.3418304455445546  0.0208671875  3897007.115278316
0.3419077970297031  0.021203125  3894678.984549223
0.3419851485148516  0.0215390625  3889087.398631915
0.3420625  0.021875  3883441.562785754

0.3517549504950495  0.01975  3398618.82858532
0.3518168316831684  0.02009375  3389420.171636841
0.3518787128712872  0.0204375  3380265.010517722
0.3519405940594061  0.02078125  3371107.722463188
0.3520024752475249  0.021125  3361972.021527373
0.3520643564356437  0.02146875  3352873.077082693
0.3521262376237625  0.0218125  3343774.132638016
0.3521881188118812  0.02215625  3334705.7610108
0.35225  0.0225  3325674.076764527

0.3620662128712872  0.0203125  3072622.814120569
0.3621126237623762  0.0206640625  3066833.750589536
0.3621590346534654  0.021015625  3061046.334461349
0.3622054455445546  0.0213671875  3055294.337494398
0.3622518564356436  0.02171875  3049542.340527452
0.3622982673267328  0.0220703125  3043768.653729824
0.3623446782178218  0.022421875  3038049.608120894
0.3623910891089109  0.0227734375  3032302.030438805
0.3624375  0.023125  3026366.39400461

0.3723774752475247  0.020875  2972107.5664979
0.3724084158415841  0.021234375  2961200.457744182
0.3724393564356436  0.02159375  2949538.130533587
0.372470297029703  0.021953125  2937880.057145189
0.3725012376237625  0.0223125  2926227.849943723
0.3725321782178218  0.022671875  2913858.215931358
0.3725631188118812  0.02303125  2900640.68951343
0.3725940594059406  0.02339062500000001  2885404.928010436
0.372625  0.02375  2870233.236111443

0.3826887376237624  0.0214375  3197036.02775365
0.3827042079207921  0.0218046875  3182499.379733055
0.3827196782178218  0.022171875  3167279.710688394
0.3827351485148516  0.0225390625  3154052.709233013
0.3827506188118812  0.02290625  3139502.245307337
0.382766089108911  0.0232734375  3125268.245032514
0.3827815594059407  0.023640625  3111714.455304873
0.3827970297029704  0.0240078125  3097993.892247727
0.3828125000000001  0.024375  3084162.095051233

0.393  0.022  3214369.558894325
0.393  0.022375  3418441.482681156
0.393  0.02275  3622513.406468029
0.393  0.023125  3826711.572360567
0.393  0.0235  4031162.222465558
0.393  0.023875  4235612.872570548
0.393  0.02425  4440233.333595319
0.393  0.024625  4644938.700080191
0.393  0.025  4849644.066565062

