x y c
0.307  0  2959175.163995024
0.307  0.000625  2958001.964094322
0.307  0.00125  2956828.764193621
0.307  0.001875  2955655.564292916
0.307  0.0025  2929343.914276265
0.307  0.003125  2895277.212799047
0.307  0.00375  2855328.75559551
0.307  0.004375  2815380.298391973
0.307  0.005  2775431.841188436

0.31771724155583  0  3772940.542391003
0.31771724155583  0.0007094619693808438  3761567.615428807
0.31771724155583  0.001418923938761688  3758435.461034365
0.31771724155583  0.002128385908142532  3763305.889078433
0.31771724155583  0.002837847877523375  3768759.409667044
0.31771724155583  0.003547309846904219  3778106.775970624
0.31771724155583  0.004256771816285063  3786365.894299161
0.31771724155583  0.004966233785665907  3800729.088840816
0.31771724155583  0.005675695755046751  3810930.009297696

0.32843448311166  0  4110503.341695415
0.32843448311166  0.0007939239387616875  4110512.011386878
0.32843448311166  0.001587847877523375  4110557.743306157
0.32843448311166  0.002381771816285063  4110617.929505982
0.32843448311166  0.00317569575504675  4110685.609163458
0.32843448311166  0.003969619693808438  4110792.275447317
0.32843448311166  0.004763543632570125  4116197.675844977
0.32843448311166  0.005557467571331813  4122407.34373984
0.32843448311166  0.0063513915100935  4131122.316560689

0.33915172466749  0  3900300.531088176
0.33915172466749  0.0008783859081425313  3905813.766259626
0.33915172466749  0.001756771816285063  3911368.951074283
0.33915172466749  0.002635157724427594  3916963.294552332
0.33915172466749  0.003513543632570125  3921846.163782353
0.33915172466749  0.004391929540712656  3926937.326917307
0.33915172466749  0.005270315448855188  3929425.742596648
0.33915172466749  0.006148701356997719  3929879.925714752
0.33915172466749  0.00702708726514025  3930390.836989778

0.34986896622332  0  3548139.939394737
0.34986896622332  0.0009628478775233751  3547056.967027267
0.34986896622332  0.00192569575504675  3545460.298507244
0.34986896622332  0.002888543632570125  3542303.16166046
0.34986896622332  0.0038513915100935  3538745.751973074
0.34986896622332  0.004814239387616876  3535230.995476979
0.34986896622332  0.00577708726514025  3531758.735999386
0.34986896622332  0.006739935142663626  3528762.137916462
0.34986896622332  0.007702783020187001  3525834.857385716

0.36058620777915  0  3252572.637443278
0.36058620777915  0.001047309846904219  3252276.589495622
0.36058620777915  0.002094619693808438  3252034.172521415
0.36058620777915  0.003141929540712656  3251842.326945954
0.36058620777915  0.004189239387616875  3251769.70292372
0.36058620777915  0.005236549234521094  3251756.201483178
0.36058620777915  0.006283859081425313  3251799.637096232
0.36058620777915  0.007331168928329532  3251876.042888505
0.36058620777915  0.00837847877523375  3251962.080919065

0.37130344933498  0  3150418.755052266
0.37130344933498  0.001131771816285062  3148147.045645533
0.37130344933498  0.002263543632570125  3143234.577976503
0.37130344933498  0.003395315448855188  3138322.932589964
0.37130344933498  0.00452708726514025  3133420.193694391
0.37130344933498  0.005658859081425312  3130138.938812459
0.37130344933498  0.006790630897710375  3130119.263147906
0.37130344933498  0.007922402713995438  3134230.486564309
0.37130344933498  0.0090541745302805  3142937.391935233

0.38202069089081  0  2949327.992587577
0.38202069089081  0.001216233785665906  2987580.512269547
0.38202069089081  0.002432467571331813  3048215.071861261
0.38202069089081  0.003648701356997719  3080633.561435071
0.38202069089081  0.004864935142663626  3085756.171222162
0.38202069089081  0.006081168928329532  3091290.739429335
0.38202069089081  0.007297402713995439  3106966.269119373
0.38202069089081  0.008513636499661345  3132777.752294494
0.38202069089081  0.009729870285327251  3173704.025535729

0.39273793244664  0  1534651.732104887
0.39273793244664  0.00130069575504675  1533937.957128842
0.39273793244664  0.0026013915100935  1543588.541908931
0.39273793244664  0.00390208726514025  1603576.423713667
0.39273793244664  0.005202783020187  1681075.128908798
0.39273793244664  0.00650347877523375  1737001.661624162
0.39273793244664  0.007804174530280501  1910274.712259086
0.39273793244664  0.009104870285327251  2362059.573697893
0.39273793244664  0.010405566040374  2616325.012489615

