x y c
0.236  0.027  3295395.674758479
0.2343125  0.028  3399863.042800257
0.232625  0.029  3493822.951986987
0.2309375  0.03  3599979.478992967
0.22925  0.031  3743499.577636335
0.2275625  0.032  3954726.383887894
0.225875  0.033  4283809.716367105
0.2241875  0.034  5018695.714348051
0.2225  0.035  6333145.367322499

0.238125  0.027  3041099.096108162
0.236640625  0.028  3113342.728131508
0.23515625  0.029  3179198.199223713
0.233671875  0.03  3257894.350169731
0.2321875  0.031  3348528.131854845
0.230703125  0.032  3450885.831165067
0.22921875  0.033  3605536.711506275
0.227734375  0.034  3767545.951341105
0.22625  0.035  4047365.882403851

0.24025  0.027  2795067.905356912
0.23896875  0.028  2841160.933246189
0.2376875  0.029  2888467.4380389
0.23640625  0.03  2936428.160024778
0.235125  0.031  2985592.061233317
0.23384375  0.032  3052282.650250459
0.2325625  0.033  3118120.475021993
0.23128125  0.034  3194151.141223053
0.23  0.035  3293990.483170776

0.242375  0.027  2560547.394263753
0.241296875  0.028  2591116.88542094
0.24021875  0.029  2613969.453439694
0.239140625  0.03  2639621.481485916
0.2380625  0.031  2663909.52017326
0.236984375  0.032  2693297.770824533
0.23590625  0.033  2721771.402833954
0.234828125  0.034  2760667.838516625
0.23375  0.035  2807926.356837505

0.2445  0.027  2339867.740041343
0.243625  0.028  2345780.953992552
0.24275  0.029  2352714.779600176
0.241875  0.03  2360805.120917004
0.241  0.031  2370026.394086448
0.240125  0.032  2382138.161530404
0.23925  0.033  2391758.180261634
0.238375  0.034  2400392.416193058
0.2375  0.035  2416905.086797136

0.246625  0.027  2133979.88946965
0.245953125  0.028  2127360.376186316
0.24528125  0.029  2119449.045123074
0.244609375  0.03  2108399.926379404
0.2439375  0.031  2098431.568837071
0.243265625  0.032  2093105.499358144
0.24259375  0.033  2084694.64545084
0.241921875  0.034  2078851.777079725
0.24125  0.035  2078385.060218436

0.24875  0.027  1936387.086673504
0.24828125  0.028  1912246.542999987
0.2478125  0.029  1888820.37190656
0.24734375  0.03  1873629.440354378
0.246875  0.031  1852851.038844152
0.24640625  0.032  1833908.313264971
0.2459375  0.033  1815550.888749282
0.24546875  0.034  1800845.43885237
0.245  0.035  1784620.916204476

0.250875  0.027  1855513.750166348
0.250609375  0.028  1775918.742608161
0.25034375  0.029  1692297.412684619
0.250078125  0.03  1652417.843293577
0.2498125  0.031  1626943.069598659
0.249546875  0.032  1600872.248519127
0.24928125  0.033  1578808.802146422
0.249015625  0.034  1565335.06855466
0.24875  0.035  1549719.373190056

0.253  0.027  1934795.565971569
0.2529375  0.028  1721416.606150543
0.252875  0.029  1523128.512507975
0.2528125  0.03  1389936.226527593
0.25275  0.031  1319949.840925613
0.2526875  0.032  1257354.470037162
0.252625  0.033  1199117.8471406
0.2525625  0.034  1020121.541398146
0.2525  0.035  972710.9836045657

