x y c
0  0  660195.0000156621
0  0.003375  659979.7500085048
0  0.00675  659420.2500056194
0  0.010125  658511.3750061091
0  0.0135  657187.0000018055
0  0.016875  655526.7500100114
0  0.02025  653464.2500324668
0  0.023625  651048.000120237
0  0.027  648099.0103406998

0.00575  0  661273.5002069377
0.00575  0.003375  661074.2987435837
0.00575  0.00675  660538.6992193682
0.00575  0.010125  659609.3816704407
0.00575  0.0135  658275.952936744
0.00575  0.016875  656624.6086361422
0.00575  0.02025  654572.9641318035
0.00575  0.023625  652123.7587386608
0.00575  0.027  650802.8245769687

0.0115  0  664531.0002637689
0.0115  0.003375  664355.4677102076
0.0115  0.00675  663781.5238297861
0.0115  0.010125  662840.2752465967
0.0115  0.0135  661503.9299968861
0.0115  0.016875  659871.3164000644
0.0115  0.02025  657806.0043648129
0.0115  0.023625  655378.4227186365
0.0115  0.027  658859.5929468076

0.01725  0  669962.5000786536
0.01725  0.003375  669741.7880626434
0.01725  0.006750000000000001  669187.526025358
0.01725  0.010125  668291.8474208433
0.01725  0.0135  666966.9762908737
0.01725  0.016875  665285.8578943493
0.01725  0.02025  663251.1747406418
0.01725  0.023625  660837.1538308355
0.01725  0.027  672676.5847546194

0.023  0  677580.0000582177
0.023  0.003375  677449.8042706379
0.023  0.00675  676868.8498181425
0.023  0.010125  675923.8001953779
0.023  0.0135  674581.7654083369
0.023  0.016875  672900.5240828099
0.023  0.02025  670824.9460487233
0.023  0.023625  668434.5392177922
0.023  0.027  691765.8005219599

0.02875  0  687500.0001478868
0.02875  0.003375  687328.8403507936
0.02875  0.006750000000000001  686762.5560095872
0.02875  0.010125  685791.1199441464
0.02875  0.0135  684455.6382882692
0.02875  0.016875  682799.6766678792
0.02875  0.02025  680715.771346943
0.02875  0.023625  678302.3149397736
0.02875  0.027  716048.8361622617

0.0345  0  699660.5012135669
0.0345  0.003375  699484.2588523747
0.0345  0.00675  698940.38279862
0.0345  0.010125  698006.4083508281
0.0345  0.0135  696727.9526186337
0.0345  0.016875  694992.1703069925
0.0345  0.02025  692913.381065506
0.0345  0.023625  690484.0197108443
0.0345  0.027  745485.018951459

0.04025  0  714188.0007816138
0.04025  0.003375  713925.7596044599
0.04025  0.00675  713408.0266083751
0.04025  0.010125  712456.7742820233
0.04025  0.0135  711143.3859050837
0.04025  0.016875  709436.6445960912
0.04025  0.02025  707377.0348490269
0.04025  0.023625  704965.7025672602
0.04025  0.027  779557.7294070686

0.046  0  730949.0004328896
0.046  0.003375  730700.3358842477
0.046  0.00675  730188.1341642473
0.046  0.010125  729315.8155676724
0.046  0.0135  727991.236320016
0.046  0.016875  726238.1684245355
0.046  0.02025  724238.4292787751
0.046  0.023625  721802.3367087775
0.046  0.027  817987.9546367265

