x y c
0.2525  0.035  972710.9836045657
0.2525  0.03625  609812.4639282027
0.2525  0.03750000000000001  256914.5764891699
0.2525  0.03875000000000001  230696.9207750745
0.2525  0.04  294241.1151132438
0.2525  0.04125  212848.7006645922
0.2525  0.0425  166399.6403557856
0.2525  0.04375  127687.275782815
0.2525  0.045  11585.45171400089

0.2586875  0.03535000000000001  392886.4544196502
0.2586875  0.03655625000000001  339755.3554326732
0.2586875  0.0377625  261967.4882496847
0.2586875  0.03896875  218540.0262498363
0.2586875  0.040175  187788.8074390415
0.2586875  0.04138125  162105.3077984749
0.2586875  0.0425875  144162.1427031603
0.2586875  0.04379375  131340.491973926
0.2586875  0.045  116899.305745761

0.264875  0.0357  234588.6189881734
0.264875  0.0368625  199694.3392930457
0.264875  0.038025  184674.9200676934
0.264875  0.0391875  172714.4690018522
0.264875  0.04035  161090.5804492347
0.264875  0.04151249999999999  150408.1015872505
0.264875  0.042675  141282.1775229585
0.264875  0.0438375  134835.0213294136
0.264875  0.045  128831.4327722385

0.2710625  0.03605  126210.0381176359
0.2710625  0.03716874999999999  121015.2738405786
0.2710625  0.0382875  115488.346560019
0.2710625  0.03940625  107783.2921182773
0.2710625  0.040525  103291.9834819185
0.2710625  0.04164374999999999  99940.65292439105
0.2710625  0.0427625  96024.72759195071
0.2710625  0.04388125  92499.37546634542
0.2710625  0.045  90544.16930903825

0.27725  0.0364  63837.67148633571
0.27725  0.037475  63219.68516044387
0.27725  0.03855  63183.74237945046
0.27725  0.039625  61182.26062903732
0.27725  0.0407  59059.54531977179
0.27725  0.041775  57304.03877994592
0.27725  0.04285  55773.71885356555
0.27725  0.043925  54103.94590295271
0.27725  0.045  52977.46197094666

0.2834375  0.03675  34549.47706613122
0.2834375  0.03778125  34312.25078243879
0.2834375  0.0388125  33322.26370252411
0.2834375  0.03984375  32075.42039891848
0.2834375  0.040875  31084.60906053477
0.2834375  0.04190625  30400.5710016234
0.2834375  0.0429375  29524.14604448526
0.2834375  0.04396875  28865.27596307157
0.2834375  0.045  28539.22117359591

0.289625  0.0371  18030.53067862388
0.289625  0.0380875  17647.74246040867
0.289625  0.039075  17036.31448954995
0.289625  0.0400625  16224.29247111878
0.289625  0.04105  15543.88859234347
0.289625  0.0420375  15069.78821933633
0.289625  0.043025  14671.14331450844
0.289625  0.0440125  14265.52754594701
0.289625  0.045  14153.0401177616

0.2958125  0.03745  9280.79358072892
0.2958125  0.03839375  8804.532325693384
0.2958125  0.0393375  8235.06388289069
0.2958125  0.04028125  7608.862535298758
0.2958125  0.041225  7070.535040499287
0.2958125  0.04216875  6631.966833106814
0.2958125  0.0431125  6198.70386947071
0.2958125  0.04405625  5817.707525380205
0.2958125  0.045  5713.438463123889

0.302  0.0378  5918.625010849362
0.302  0.0387  5238.689345341689
0.302  0.0396  4528.81894728735
0.302  0.0405  3818.969863935407
0.302  0.0414  3091.610142673023
0.302  0.0423  2333.579540799607
0.302  0.0432  1558.021067357229
0.302  0.0441  75328.16126691809
0.302  0.045  745463.530271149

