x y c
0.397  0  709862.0853045587
0.397  0.001375  708062.7816056049
0.397  0.00275  704570.8433219171
0.397  0.004125  709491.7369531819
0.397  0.0055  690319.1484896679
0.397  0.006874999999999999  609961.1405609106
0.397  0.00825  587213.4256709092
0.397  0.009625  518881.7436191262
0.397  0.011  350858.0798764615

0.398125  0  532183.490320322
0.398125  0.001515625  529880.2191833897
0.398125  0.00303125  546946.9050027393
0.398125  0.004546875  564201.9207939828
0.398125  0.006062499999999999  525963.7748704542
0.398125  0.007578124999999999  424512.3510077862
0.398125  0.009093749999999999  383426.3189411953
0.398125  0.010609375  314428.8593222099
0.398125  0.012125  148815.5303341801

0.39925  0  407014.5785226877
0.39925  0.00165625  378856.5990850567
0.39925  0.0033125  398597.7988343695
0.39925  0.00496875  425473.5282551216
0.39925  0.006625  359724.1747926662
0.39925  0.00828125  295194.0162353399
0.39925  0.0099375  271394.8798213678
0.39925  0.01159375  194333.0961873989
0.39925  0.01325  306707.2619742347

0.400375  0  320621.0148661376
0.400375  0.001796875  300106.5500513727
0.400375  0.00359375  296089.677066115
0.400375  0.005390625  298483.8952559656
0.400375  0.007187499999999999  246124.5902226049
0.400375  0.008984374999999999  204861.561308934
0.400375  0.01078125  171469.9572333051
0.400375  0.012578125  123418.6372416743
0.400375  0.014375  357541.3562632306

0.4015000000000001  0  254845.0246218418
0.4015000000000001  0.0019375  254805.4725760203
0.4015000000000001  0.003875  255236.8679781604
0.4015000000000001  0.0058125  237892.6892314074
0.4015000000000001  0.00775  195660.3788613321
0.4015000000000001  0.0096875  150818.3880311311
0.4015000000000001  0.011625  120488.8201827784
0.4015000000000001  0.0135625  96546.89295021085
0.4015000000000001  0.0155  274427.1177676744

0.402625  0  197391.2358464876
0.402625  0.002078125  218716.2827010695
0.402625  0.00415625  217035.4619311159
0.402625  0.006234375  186797.2243866689
0.402625  0.0083125  154935.1014468671
0.402625  0.010390625  120715.8715722126
0.402625  0.01246875  95575.31060389351
0.402625  0.014546875  82717.73448911411
0.402625  0.016625  190736.7978853548

0.4037500000000001  0  142576.9125831886
0.4037500000000001  0.00221875  182907.6516219513
0.4037500000000001  0.0044375  173842.0547254442
0.4037500000000001  0.006656249999999999  137644.0121586513
0.4037500000000001  0.008874999999999999  106333.251309947
0.4037500000000001  0.01109375  85156.06952583462
0.4037500000000001  0.0133125  83067.07238031726
0.4037500000000001  0.01553125  77473.99195597012
0.4037500000000001  0.01775  107046.4780030047

0.404875  0  100302.5587197963
0.404875  0.002359375  134495.2930685632
0.404875  0.00471875  128410.3671316023
0.404875  0.007078124999999999  89452.65446554014
0.404875  0.0094375  65784.50166860904
0.404875  0.011796875  66783.3891190109
0.404875  0.01415625  75636.00905405176
0.404875  0.016515625  77535.76092682453
0.404875  0.018875  97060.54343926848

0.406  0  74327.50034267452
0.406  0.0025  88025.1564652068
0.406  0.005  78766.96293821212
0.406  0.0075  48119.2907560568
0.406  0.01  50956.43232221087
0.406  0.0125  64085.77405713192
0.406  0.015  74456.48838417305
0.406  0.0175  85683.60936349332
0.406  0.02  108133.0046808263

