x y c
0.416  0.03  543329.6136098667
0.4159999999999999  0.04225  586064.4533226793
0.4159999999999999  0.0545  573096.2997596744
0.416  0.06674999999999999  515576.1923171133
0.4159999999999999  0.079  462499.6660920272
0.416  0.09125  410583.0260368606
0.4159999999999999  0.1035  338557.5730456968
0.416  0.11575  272872.1082309384
0.416  0.128  117019.0010091966

0.419875  0.03  313177.5655728632
0.4198750000000001  0.04225  505477.5654932297
0.4198749999999999  0.0545  508095.4689008335
0.419875  0.06674999999999999  474624.580319438
0.4198749999999999  0.079  425285.5339841981
0.419875  0.09125  377913.1595935874
0.419875  0.1035  303099.2888231417
0.419875  0.11575  239507.2288932863
0.419875  0.128  102794.0006195179

0.42375  0.03  449563.6359171597
0.42375  0.04225  422410.1302291646
0.4237500000000001  0.0545  435533.2699437317
0.42375  0.06674999999999999  430000.9418731055
0.42375  0.079  397989.2169265957
0.42375  0.09125  340919.5486946378
0.42375  0.1035  271252.9163915474
0.42375  0.11575  207162.4529616672
0.42375  0.128  101380.5083447986

0.427625  0.03  372445.8282140914
0.427625  0.04225  361804.4301727348
0.4276250000000001  0.0545  391447.8329002869
0.427625  0.06674999999999999  403745.4544372949
0.427625  0.079  374578.2244970154
0.427625  0.09125  312430.1448802068
0.427625  0.1035  242118.8687432591
0.427625  0.11575  175545.5095094482
0.427625  0.128  83092.68944858611

0.4315  0.03  288769.8927541995
0.4314999999999999  0.04225  307453.7624506641
0.4314999999999999  0.0545  360615.5327308521
0.4315000000000001  0.06674999999999999  377717.8364013374
0.4315  0.079  351698.3303888549
0.4315  0.09125  292928.4418727361
0.4315  0.1035  219172.7855378133
0.4314999999999999  0.11575  148265.8259742417
0.4315  0.128  65560.21000242443

0.435375  0.03  211111.2231323421
0.435375  0.04225  258363.907676213
0.435375  0.0545  333528.1605349458
0.435375  0.06674999999999999  356179.567575559
0.4353749999999999  0.079  331892.0378905287
0.435375  0.09125  275218.6375472946
0.435375  0.1035  199450.5626319991
0.435375  0.11575  124570.9207591709
0.435375  0.128  48616.29317874662

0.43925  0.03  137358.0058621496
0.43925  0.04225  225089.7389593439
0.43925  0.0545  313327.2027977807
0.43925  0.06674999999999999  342808.4779311946
0.43925  0.079  320402.3943666127
0.43925  0.09125  263543.5305414037
0.43925  0.1035  186279.5386840947
0.43925  0.11575  104895.9727381667
0.43925  0.128  32148.65445227129

0.443125  0.03  70869.8258363121
0.443125  0.04225  201253.0953102073
0.4431249999999999  0.0545  303276.2571640172
0.443125  0.06674999999999999  335770.190592591
0.443125  0.079  313770.6208462839
0.443125  0.09125  255768.4827379666
0.4431249999999999  0.1035  177492.5852347298
0.443125  0.11575  91765.46849682537
0.443125  0.128  15098.72846893046

0.447  0.03  17183.81298951281
0.4470000000000001  0.04225  192036.5002846452
0.447  0.0545  299166.5110541022
0.447  0.06674999999999999  332245.0060584722
0.447  0.079  311186.0000843299
0.447  0.09125  252896.0004824651
0.447  0.1035  174358.5001007112
0.447  0.11575  86919.45026255537
0.447  0.128  0

