x y c
0.046  0  730949.0004328896
0.046  0.003375  730700.3358842477
0.046  0.00675  730188.1341642473
0.046  0.010125  729315.8155676724
0.046  0.0135  727991.236320016
0.046  0.016875  726238.1684245355
0.046  0.02025  724238.4292787751
0.046  0.023625  721802.3367087775
0.046  0.027  817987.9546367265

0.06975000000000001  0  826032.0004305046
0.06975000000000001  0.003375  825906.6563676174
0.06975000000000001  0.00675  825333.3240547064
0.06975000000000001  0.010125  824462.9909260259
0.06975000000000001  0.0135  823185.1346469863
0.06975000000000001  0.016875  821659.8623003487
0.06975000000000001  0.02025  819727.3092073603
0.06975000000000001  0.023625  817375.5624005026
0.06975000000000001  0.027  1019772.71768713

0.0935  0  964482.0004528885
0.0935  0.003375  964365.8904528014
0.0935  0.00675  963920.7971891995
0.0935  0.010125  963079.3727404737
0.0935  0.0135  961950.2562274557
0.0935  0.016875  960543.1447872485
0.0935  0.02025  958767.3361443667
0.0935  0.023625  956699.5368758733
0.0935  0.027  1278589.499352719

0.11725  0  1147312.500492893
0.11725  0.003375  1147194.746142743
0.11725  0.006750000000000001  1146848.663050232
0.11725  0.010125  1146318.304942183
0.11725  0.0135  1145483.87539579
0.11725  0.016875  1144434.589971069
0.11725  0.02025  1143188.283539572
0.11725  0.023625  1141652.6580598
0.11725  0.027  1575329.170848828

0.141  0  1368450.000017065
0.141  0.003375  1368478.614365408
0.141  0.00675  1368538.449563227
0.141  0.010125  1368691.978881456
0.141  0.0135  1368807.325262183
0.141  0.016875  1368942.318310241
0.141  0.02025  1369077.348179411
0.141  0.023625  1369091.191043217
0.141  0.027  1871222.264243834

0.16475  0  1599905.001254265
0.16475  0.003375  1600321.742266373
0.16475  0.006750000000000001  1601615.672166018
0.16475  0.010125  1603615.666382356
0.16475  0.0135  1606566.98744076
0.16475  0.016875  1610167.646622072
0.16475  0.02025  1614437.335588898
0.16475  0.023625  1619183.93749282
0.16475  0.027  2048439.819188339

0.1885  0  1747340.009210911
0.1885  0.003375  1748916.18835635
0.1885  0.00675  1753293.270180354
0.1885  0.010125  1761363.556258798
0.1885  0.0135  1772477.078607619
0.1885  0.016875  1785904.456384165
0.1885  0.02025  1803039.167004773
0.1885  0.023625  1821940.120351001
0.1885  0.027  1918907.479621799

0.21225  0  1577002.502861947
0.21225  0.003375  1580346.907007668
0.21225  0.00675  1588540.421106815
0.21225  0.010125  1603475.220254996
0.21225  0.0135  1624762.468654512
0.21225  0.016875  1653785.431651751
0.21225  0.02025  1693537.181542028
0.21225  0.023625  1743395.647368158
0.21225  0.027  3008997.796995115

0.236  0  1058720.061150078
0.236  0.003375  1056790.569202353
0.236  0.00675  1050172.406729463
0.236  0.010125  1039859.900711735
0.236  0.0135  1026401.754083765
0.236  0.016875  1011405.167867343
0.236  0.02025  992718.9866939968
0.236  0.023625  975009.9698333103
0.236  0.027  3295395.674758479

