x y c
0.307  0.005  2775431.841188436
0.3070625  0.0056125  2748388.708944544
0.307125  0.006225  2721345.576700641
0.3071875000000001  0.006837500000000001  2694302.444456726
0.30725  0.00745  2667259.312212812
0.3073125  0.0080625  2618914.538401303
0.307375  0.008675  2574207.416979567
0.3074375  0.009287500000000001  2512230.100343659
0.3075  0.009900000000000001  2457907.784124387

0.31771724155583  0.005675695755046751  3810930.009297696
0.3173004699358882  0.006224862261438715  3770291.069099254
0.3170078718038988  0.006793205325773245  3739217.982301249
0.3168423362844249  0.007378231704548522  3719243.479390682
0.3168055709564931  0.007977256287928511  3710125.10931632
0.316898060431609  0.008587442682853429  3721294.152997827
0.3171190537619821  0.009205847799415939  3752140.804287088
0.3174665812586919  0.00982946897693582  3821149.751555229
0.3179375  0.01045529207394488  3905585.916087816

0.32843448311166  0.0063513915100935  4131122.316560689
0.3276527987809735  0.006844064656291587  4145913.742074612
0.3270815098359401  0.007372378555305555  4158679.986057941
0.3267312578442445  0.007932073660399606  4169180.067505454
0.3266086657858611  0.008518170422047475  4177028.822093638
0.3267160265185127  0.009125112806013684  4181226.557117388
0.3270511941874236  0.009746942401018713  4181727.330660722
0.3276076881240398  0.01037749178890038  4186684.239227828
0.328375  0.01101058414788975  4194348.820709733

0.33915172466749  0.00702708726514025  3930390.836989778
0.3381214133935098  0.0074702224354614  3968453.406781764
0.3373514913828451  0.007962840348834262  3996794.390195789
0.3368628823825965  0.008499508513262574  4014078.994677958
0.3366690283348328  0.00907328004730555  4021991.228574428
0.3367749541296846  0.009675978922242489  4019822.849866168
0.3371769202226564  0.01029858338274895  4009414.427893185
0.337862708139973  0.01093167043828312  3991339.090443433
0.3388125  0.01156587622183463  3964410.232727929

0.34986896622332  0.007702783020187001  3525834.857385716
0.3487082841643217  0.008103453453658505  3570103.724345687
0.3478236132827914  0.008564923989476936  3604511.595445645
0.3472462558651656  0.00908104289424954  3627346.307163794
0.3469969206758519  0.009643151403255326  3639153.957701085
0.3470838243237545  0.01024053286934587  3638228.455172296
0.347501947281578  0.01086108211551698  3624668.310262166
0.3482335714947825  0.01149210923196384  3598899.881231222
0.34925  0.0121211682957795  3561968.380301179

0.36058620777915  0.00837847877523375  3251962.080919065
0.3594154262531762  0.008743878243351714  3270465.906442013
0.3585039028361715  0.009178976010533902  3284924.535232814
0.3578908794583555  0.009677208928582853  3294134.140960285
0.3576031580235773  0.0102283812506723  3297595.666818733
0.3576520700938928  0.01081929123482828  3295256.661158
0.3580322180031527  0.01143476234926243  3287967.008486297
0.3587222522322657  0.01205891484676266  3275979.220272035
0.3596875  0.01267646036972438  3254015.470489986

0.37130344933498  0.0090541745302805  3142937.391935233
0.3702449008675308  0.009391620091253909  3141026.160955639
0.369398629373542  0.009805356860575369  3138577.345025007
0.368806738526693  0.01028856585963258  3130890.27794655
0.368499146513028  0.01082959895607333  3121986.752862451
0.3684896051571515  0.01141279693250923  3114892.298969433
0.3687739136568746  0.01201996083431411  3109574.510593554
0.3693307695043846  0.01263219639713331  3101976.226916181
0.370125  0.01323175244366925  3094343.089761256

0.38202069089081  0.009729870285327251  3173704.025535729
0.3811988165853645  0.01004680511744434  3201813.514979222
0.3805143165274171  0.01044444160899531  3224459.961971208
0.3800043338754859  0.01091570179870232  3249796.349384043
0.3796969241167816  0.01144746874944159  3248058.630902032
0.3796068549729469  0.01202162090121649  3244128.906519972
0.3797334662421873  0.01261702798055624  3246783.788127303
0.3800611888671064  0.01321206550519009  3253036.733292753
0.3805625  0.01378704451761413  3270863.605467598

0.39273793244664  0.010405566040374  2616325.012489615
0.3922793307238743  0.01070956235723427  3477356.622561208
0.3918577552583811  0.01109662069493402  3904812.177801091
0.3914947154442081  0.01155923561207119  4053626.933318424
0.3912092050098031  0.01208269217218435  3747240.888171829
0.3910147901946878  0.01264636393672763  4639069.920979926
0.3909175713316269  0.01322632855711195  4724388.098253328
0.3909156236211735  0.01379863637316266  4745639.130699991
0.391  0.014342336591559  4768471.566005029

