x y c
0.185  0.065  3061704.046123482
0.1906249999999999  0.072875  3111684.174121362
0.1962499999999999  0.08074999999999999  3153394.035372239
0.2018749999999999  0.088625  3164501.27033843
0.2075  0.0965  3105248.709551513
0.2131250000000001  0.104375  3045194.186032589
0.2187500000000001  0.11225  2965014.70115944
0.2243750000000002  0.120125  2878656.752691585
0.23  0.128  1733690.003148928

0.1898992580930969  0.06360063578941576  3308888.309782932
0.1948821595893655  0.07058640260648397  3350975.382160123
0.1998742357652523  0.07757251779272399  3450930.013906259
0.2048751529186581  0.08455859828839252  3447276.413132046
0.2098845755538717  0.09154427967789489  3400817.982313149
0.2149021668070819  0.098529215953666  3297032.616144306
0.2199275888619932  0.1055130792659398  3242176.650305821
0.2249605033555649  0.112495559658953  3133082.371414705
0.2300005717738941  0.119476364794131  3038657.885054003

0.1947985161861937  0.0622012715788315  3557097.787119003
0.1991393191787312  0.06829780521296792  3645383.53571147
0.2034984715305047  0.07439503558544799  3746656.961866441
0.2078753058373164  0.08049219657678502  3814075.434718356
0.2122691511077435  0.08658855935578974  3786211.034611478
0.2166793336141636  0.09268343190733198  3690287.88606862
0.2211051777239864  0.09877615853187949  3597672.473598131
0.2255460067111296  0.104866119317906  3451331.750694362
0.2300011435477883  0.110952729588262  3343307.718359445

0.1996977742792906  0.06080190736824725  3849567.536903363
0.203396478768097  0.06600920781945188  3988317.932531026
0.2071227072957571  0.07121755337817198  4046164.696825839
0.2108754587559747  0.07642579486517752  4136444.151042255
0.2146537266616152  0.08163283903368458  4162368.315691144
0.2184565004212455  0.08683764786099797  4109952.603937651
0.2222827665859795  0.09203923779781921  4021134.677128172
0.2261315100666944  0.09723667897685903  3873154.84162167
0.2300017153216824  0.102429094382393  3709552.927999764

0.2045970323723875  0.059402543157663  4184565.892047684
0.2076536383574627  0.06372061042593585  4370181.557255496
0.2107469430610094  0.06804007117089599  4491137.292177757
0.213875611674633  0.07235939315357004  4581834.895340166
0.2170383022154869  0.07667711871157945  4648985.983650412
0.2202336672283272  0.08099186381466396  4532923.23679576
0.2234603554479726  0.08530231706375895  4458916.938410067
0.2267170134222591  0.08960723863581202  4355037.102621548
0.2300022870955765  0.093905459176524  4197995.604541635

0.2094962904654844  0.05800317894707875  4631918.792358913
0.2119107979468284  0.0614320130324198  4927432.596301306
0.2143711788262619  0.06486258896361999  5124037.67996067
0.2168757645932912  0.06829299144196253  5172009.644433649
0.2194228777693586  0.07172139838947433  5303641.365932453
0.222010834035409  0.07514607976832996  5227311.854027153
0.2246379443099658  0.07856539632969868  5130296.099795748
0.2273025167778238  0.08197779829476504  5017971.293589471
0.2300028588694706  0.085381823970655  4880388.378439232

0.2143955485585812  0.05660381473649451  5267789.472872964
0.2161679575361942  0.05914341563890377  5556104.465987986
0.2179954145915143  0.06168510675634396  5798841.969547513
0.2198759175119495  0.06422658973035504  5922068.8127888
0.2218074533232303  0.06676567806736919  6052604.488046162
0.2237880008424908  0.06930029572199593  6014787.432006205
0.2258155331719588  0.07182847559563842  6029410.374187696
0.2278880201333885  0.07434835795371804  5906594.472095158
0.2300034306433648  0.07685818876478601  5761428.793673398

0.2192948066516781  0.05520445052591025  6164726.211754078
0.2204251171255598  0.05685481824538774  6601010.419349872
0.2216196503567667  0.05850762454906797  6965229.724486904
0.2228760704306077  0.06016018801874756  7050738.029459508
0.224192028877102  0.06180995774526405  7150098.796502879
0.2255651676495726  0.06345451167566193  7148556.908859193
0.226993122033952  0.06509155486157815  7098264.712468773
0.2284735234889533  0.06671891761267104  7094571.177324324
0.2300040024172589  0.068334553558917  7013932.278806859

0.224194064744775  0.053805086315326  8084766.123338792
0.2246822767149256  0.0545662208518717  8627671.985662902
0.2252438861220191  0.05533014234179195  8870387.734244972
0.225876223349266  0.05609378630714008  8877938.862737352
0.2265766044309738  0.05685423742315891  8897985.834795926
0.2273423344566544  0.05760872762932792  8930429.892030157
0.2281707108959451  0.05835463412751789  8975151.044910735
0.229059026844518  0.05908947727162404  9023737.766862072
0.230004574191153  0.059810918353048  8894638.009857321

