x y c
0.253  0.027  1934795.565971569
0.2529375  0.028  1721416.606150543
0.252875  0.029  1523128.512507975
0.2528125  0.03  1389936.226527593
0.25275  0.031  1319949.840925613
0.2526875  0.032  1257354.470037162
0.252625  0.033  1199117.8471406
0.2525625  0.034  1020121.541398146
0.2525  0.035  972710.9836045657

0.259125  0.026175  879981.8851339524
0.2590703125  0.027321875  836765.8492900664
0.259015625  0.02846875  771506.0078647489
0.2589609375  0.029615625  715493.2608226773
0.25890625  0.03076250000000001  638298.5790986818
0.2588515625  0.031909375  547076.9408414775
0.258796875  0.03305625  473707.3624416286
0.2587421875  0.03420312500000001  426734.4841881563
0.2586875  0.03535000000000001  392886.4544196502

0.26525  0.02535  436652.6247897549
0.265203125  0.02664375  380577.7887228631
0.26515625  0.0279375  357770.2917617011
0.265109375  0.02923125  343853.523738434
0.2650625  0.030525  331598.1384908718
0.265015625  0.03181875000000001  309845.9049416466
0.26496875  0.0331125  288122.6813708887
0.264921875  0.03440625  267289.8498017098
0.264875  0.0357  234588.6189881734

0.271375  0.024525  200127.9263268536
0.2713359375000001  0.025965625  204380.955625346
0.271296875  0.02740625  180198.7618811393
0.2712578125  0.028846875  160701.6971014195
0.27121875  0.0302875  153024.1436058792
0.2711796875  0.031728125  153715.0715526752
0.271140625  0.03316875  146020.8416416105
0.2711015625  0.034609375  135181.3590567684
0.2710625  0.03605  126210.0381176359

0.2775  0.0237  87567.5772696948
0.27746875  0.0252875  85842.25526282031
0.2774375  0.026875  81709.87816430922
0.27740625  0.0284625  79498.89958820865
0.277375  0.03005  79199.23718670155
0.27734375  0.0316375  79197.52556518994
0.2773125  0.033225  71234.97858640169
0.27728125  0.0348125  66520.41547452004
0.27725  0.0364  63837.67148633571

0.283625  0.022875  41163.41436122671
0.2836015625  0.024609375  39842.85804363706
0.283578125  0.02634375  40301.82589430892
0.2835546875  0.028078125  38970.64158594016
0.28353125  0.0298125  38879.01768517739
0.2835078125  0.031546875  40367.41813801331
0.283484375  0.03328125000000001  38682.12852866305
0.2834609375  0.035015625  36037.59381219214
0.2834375  0.03675  34549.47706613122

0.28975  0.02205  20603.88543305565
0.289734375  0.02393125  19662.99600781808
0.28971875  0.0258125  19639.19772409559
0.289703125  0.02769375  20274.94699729838
0.2896875  0.029575  19790.44531268042
0.289671875  0.03145625  20014.53596488338
0.2896562499999999  0.03333750000000001  20034.2126498714
0.289640625  0.03521875  18691.50561210093
0.289625  0.0371  18030.53067862388

0.295875  0.021225  9249.43312586001
0.2958671875  0.023253125  9584.855050576267
0.295859375  0.02528125  10601.65286522062
0.2958515625  0.027309375  10905.59508936676
0.29584375  0.0293375  10849.82282068061
0.2958359375  0.03136562499999999  11053.47880743616
0.295828125  0.03339375  10772.6820041176
0.2958203125  0.035421875  9979.56219596538
0.2958125  0.03745  9280.79358072892

0.302  0.0204  3682.329727200108
0.302  0.022575  5833.634167936524
0.302  0.02475  7529.779901962562
0.302  0.026925  8669.182038408417
0.302  0.0291  8994.893035762563
0.302  0.031275  8961.386895466014
0.302  0.03345  8304.678014439987
0.302  0.035625  7256.980868930086
0.302  0.0378  5918.625010849362

