x y c
0.416  0  7635.845543490279
0.416  0.0025  8826.83153452338
0.416  0.005  10090.91729971071
0.416  0.0075  21572.22295887382
0.416  0.01  24332.96515329367
0.416  0.0125  27040.47256946522
0.416  0.015  34861.69933653009
0.416  0.0175  47305.79908916866
0.416  0.02  89680.82609246869

0.419875  0  13804.80556819551
0.419875  0.0025  15129.76303874792
0.419875  0.005  15675.3315575989
0.419875  0.0075  16752.91234696901
0.419875  0.01  18743.70538752749
0.419875  0.0125  20636.97876647399
0.419875  0.015  25776.44241238711
0.419875  0.0175  24075.12901508194
0.419875  0.02  9674.837035840848

0.42375  0  11022.6714777543
0.42375  0.0025  11233.59730698831
0.42375  0.005  11481.90212916218
0.42375  0.0075  12086.33617994415
0.42375  0.01  13613.46364182365
0.42375  0.0125  12679.72908654837
0.42375  0.015  12068.20649450261
0.42375  0.0175  11920.65779519179
0.42375  0.02  37923.47230208116

0.427625  0  8199.834542836188
0.427625  0.0025  8132.149550788556
0.427625  0.005  8127.778485709211
0.427625  0.0075  8207.795460542175
0.427625  0.01  7956.11625856902
0.427625  0.0125  8358.221745809004
0.427625  0.015  7644.670995056914
0.427625  0.0175  6587.214679952858
0.427625  0.02  38786.01985295604

0.4315  0  5897.944048052877
0.4315  0.0025  5942.677511701391
0.4315  0.005  5859.515261965091
0.4315  0.0075  5512.748643122662
0.4315  0.01  5226.731115111195
0.4315  0.0125  4684.690242680055
0.4315  0.015  4194.245336864379
0.4315  0.0175  3883.724232358642
0.4315  0.02  30429.40379526488

0.435375  0  3874.382756272048
0.435375  0.0025  3934.976308064131
0.435375  0.005  3635.94457405429
0.435375  0.0075  3396.672754488551
0.435375  0.01  3248.678734920163
0.435375  0.0125  3067.279257058491
0.435375  0.015  2674.601479760501
0.435375  0.0175  2296.14978494024
0.435375  0.02  21691.16665662708

0.43925  0  2853.638824218634
0.43925  0.0025  2799.477894332457
0.43925  0.005  2662.884203530917
0.43925  0.0075  2417.73204712791
0.43925  0.01  2112.915521623168
0.43925  0.0125  1840.261926444758
0.43925  0.015  1577.925935291942
0.43925  0.0175  1313.380095081322
0.43925  0.02  12401.01071016965

0.443125  0  2128.774099845292
0.443125  0.0025  2091.951048089932
0.443125  0.005  1974.892427392067
0.443125  0.0075  1799.198586269859
0.443125  0.01  1560.722848010371
0.443125  0.0125  1261.031398282852
0.443125  0.015  941.4734796131211
0.443125  0.0175  649.5261192309936
0.443125  0.02  7002.265165493444

0.447  0  1931.8110634952
0.447  0.0025  1873.527617217196
0.447  0.005  1749.28115953792
0.447  0.0075  1562.170531868077
0.447  0.01  1315.273186510295
0.447  0.0125  1002.243707734737
0.447  0.015  667.6524666314328
0.447  0.0175  328.0665662994795
0.447  0.02  1681.462114007407

