x y c
0.0125  0.062  467335.5228903524
0.0125  0.06487499999999996  449699.084017446
0.0125  0.06775000000000005  426187.2837227483
0.0125  0.07062500000000005  402186.7868507968
0.0125  0.07350000000000002  377803.5427965877
0.0125  0.07637499999999993  354534.8961971222
0.0125  0.07924999999999995  332016.4778490172
0.0125  0.08212500000000003  309729.2530588222
0.0125  0.08500000000000001  288543.4853284173

0.03875  0.059875  623033.8364322851
0.03816406249999998  0.06270312499999998  601916.9309452425
0.03757812499999998  0.06553125000000007  569518.893848055
0.03699218749999998  0.06835937500000008  538404.5975035679
0.03640625  0.07118749999999999  509171.361681106
0.03582031250000002  0.07401562499999993  480058.8460061685
0.03523437500000003  0.07684374999999993  452995.0266620153
0.03464843750000002  0.07967187500000003  426443.3431176517
0.0340625  0.08250000000000002  401212.9243241286

0.065  0.05775  829394.7680959165
0.06382812499999999  0.06053124999999999  844537.320802337
0.06265624999999994  0.06331250000000008  798608.3143731614
0.06148437499999997  0.06609375000000008  755217.7509324171
0.0603125  0.06887499999999999  714912.6307367217
0.05914062500000004  0.07165624999999991  674943.097693703
0.05796875000000005  0.07443749999999991  638766.8753732854
0.05679687500000003  0.07721875  604957.7362857505
0.055625  0.08  571232.6277105649

0.09125  0.055625  1078273.862295086
0.08949218749999993  0.05835937500000003  1172811.556082612
0.08773437499999993  0.0610937500000001  1106621.815713651
0.08597656249999994  0.0638281250000001  1043913.363756618
0.08421875000000001  0.06656250000000001  986384.5974532043
0.08246093750000005  0.0692968749999999  930650.1949851237
0.08070312500000007  0.07203124999999989  879229.028834736
0.07894531250000004  0.07476562499999999  829571.523076431
0.07718749999999999  0.07750000000000001  785348.3685994314

0.1175  0.0535  1371488.300437055
0.11515625  0.05618750000000004  1598772.213064627
0.1128124999999999  0.05887500000000011  1503961.498686591
0.1104687499999999  0.0615625000000001  1413463.711904418
0.108125  0.06425  1331732.528740381
0.1057812500000001  0.0669374999999999  1253150.052168111
0.1034375000000001  0.0696249999999999  1181256.366773949
0.1010937500000001  0.07231249999999997  1116171.61791311
0.09875  0.07500000000000001  1051146.874075752

0.14375  0.051375  1722029.113692487
0.1408203124999999  0.05401562500000005  2146199.536922102
0.1378906249999999  0.05665625000000014  2012980.270300071
0.1349609374999999  0.0592968750000001  1887798.399265892
0.13203125  0.0619375  1771798.148301441
0.1291015625000001  0.06457812499999989  1665655.080870097
0.1261718750000001  0.06721874999999987  1563455.105904196
0.1232421875000001  0.06985937499999995  1462894.247929189
0.1203125  0.07250000000000001  1376017.362062571

0.17  0.04925  2180469.237740352
0.1664843749999999  0.05184375000000009  2845264.608640707
0.1629687499999998  0.05443750000000015  2666770.730321407
0.1594531249999999  0.05703125000000011  2496211.806087779
0.1559375  0.059625  2337405.662409278
0.1524218750000001  0.06221874999999989  2192182.149001857
0.1489062500000001  0.06481249999999984  2048068.659840762
0.1453906250000001  0.06740624999999992  1917620.07981104
0.141875  0.07000000000000001  1787713.549409189

0.19625  0.047125  2858192.639678685
0.1921484374999999  0.0496718750000001  3711823.403262814
0.1880468749999998  0.05221875000000017  3499062.946428343
0.1839453124999998  0.05476562500000012  3284298.700259919
0.17984375  0.0573125  3077356.879741577
0.1757421875000001  0.05985937499999987  2877317.568421038
0.1716406250000001  0.06240624999999983  2685851.342137602
0.1675390625000001  0.0649531249999999  2504334.395406534
0.1634375  0.0675  2330625.913908551

0.2225  0.045  3507428.025632504
0.2178124999999999  0.04750000000000012  4483228.772754667
0.2131249999999998  0.05000000000000018  4673200.219434132
0.2084374999999999  0.05250000000000014  4394319.305424879
0.20375  0.055  4144677.718598038
0.1990625000000001  0.05749999999999987  3852621.409806613
0.1943750000000002  0.05999999999999982  3581539.428135344
0.1896875000000001  0.06249999999999988  3324132.8364632
0.185  0.065  3061704.046123482

