x y c
0.304999524852428  0.053244113467879  8319956.637925784
0.3058222876852288  0.05232018702049587  8306819.539360674
0.3065984954973843  0.05138523629770615  8692310.378423428
0.307328514110436  0.05044042327779236  8707099.672208615
0.3080128024579163  0.04948687524504038  8566653.986045791
0.3086519090833921  0.04852568522125746  8730415.880575689
0.3092464684525819  0.047557912892512  8585128.907703387
0.3097971970801162  0.04658458604535587  8275419.408581874
0.310304889471511  0.04560670252679  8414669.655921543

0.3049995842458745  0.06258859928439413  7158356.565893509
0.3071726267245752  0.06178016364293389  6916776.568506717
0.3093049335602112  0.06096208176049289  6697585.035283609
0.3113968248466316  0.06013537036806833  6480033.098157619
0.3134487021506769  0.05930101583941034  6234471.908192785
0.315461045447968  0.05845997456860028  6003457.662995392
0.3174344098960091  0.057613173780948  5783788.015691529
0.3193694224451017  0.05676151278968639  5595740.199879726
0.3212667782875722  0.05590586471094125  5373261.606167608

0.304999643639321  0.07193308510090926  5785254.233274907
0.3085229657639216  0.0712401402653719  5540379.690337469
0.3120113716230382  0.07053892722327962  5244245.86313438
0.3154651355828271  0.06983031745834428  4960130.080343087
0.3188846018434373  0.06911515643378029  4689040.986632909
0.322270181812544  0.0683942639159431  4408612.912575528
0.3256223513394363  0.06766843466938399  4128198.469967338
0.3289416478100872  0.0669384395340169  3899227.170318304
0.3322286671036333  0.0662050268950925  3676795.310861189

0.3049997030327675  0.08127757091742438  4817089.08078014
0.309873304803268  0.08070011688780993  4511145.008484676
0.3147178096858652  0.08011577268606634  4183069.00617429
0.3195334463190226  0.07952526454862024  3845193.516714526
0.3243205015361977  0.07892929702815026  3568996.576481291
0.32907931817712  0.07832855326328592  3300174.864110732
0.3338102927828636  0.07772369555782001  3020123.183502185
0.3385138731750726  0.07711536627834742  2783217.793037726
0.3431905559196944  0.07650418907924375  2577382.094358612

0.304999762426214  0.0906220567339395  4031916.97922487
0.3112236438426144  0.09016009351024792  3745147.943655015
0.3174242477486921  0.08969261814885306  3505432.123403234
0.323601757055218  0.08922021163889618  3136463.782526937
0.3297564012289581  0.0887434376225202  2791597.329852232
0.335888454541696  0.08826284261062872  2554499.968619312
0.3419982342262909  0.087778956446256  2313472.256785216
0.3480860985400581  0.08729229302267794  2070387.497915164
0.3541524447357555  0.086803351263395  1787855.631659273

0.3049998218196605  0.09996654255045463  3493482.338496307
0.3125739828819608  0.09962007013268596  3192836.881318959
0.3201306858115192  0.09926946361163981  2903615.834432563
0.3276700677914135  0.09891515872917214  2533562.862791647
0.3351923009217186  0.09855757821689014  2250534.138662214
0.342697590906272  0.09819713195797154  1992070.341604761
0.3501861756697181  0.097834217334692  1711449.177488792
0.3576583239050436  0.09746921976700845  1497560.397057301
0.3651143335518167  0.09710251344754625  1284863.119736444

0.304999881213107  0.1093110283669698  3079239.227002691
0.3139243219213072  0.109080046755124  2761955.143825175
0.3228371238743462  0.1088463090744266  2448814.070498406
0.3317383785276091  0.1086101058194481  2125744.942591981
0.3406282006144791  0.1083717188112601  1830906.010400302
0.349506727270848  0.1081314213053144  1559419.3136334
0.3583741171131454  0.107889478223128  1312753.721063605
0.3672305492700291  0.107646146511339  1094658.160066331
0.3760762223678777  0.1074016756316975  899688.5152453533

0.3049999406065534  0.1186555141834849  2756622.378179805
0.3152746609606536  0.118540023377562  2438721.652637351
0.325543561937173  0.1184231545372133  2112883.949065448
0.3358066892638046  0.1183050529097241  1796722.498426052
0.3460641003072396  0.11818585940563  1501724.895957216
0.3563158636354239  0.1180657106526572  1233245.120731575
0.3665620585565727  0.117944739111564  1000391.820385151
0.3768027746350145  0.1178230732556695  797396.5894192894
0.3870381111839389  0.1177008378158488  623799.4501687391

0.305  0.128  1476400.005842696
0.316625  0.128  1320567.52036377
0.32825  0.128  1167440.116694502
0.3398750000000001  0.128  969998.0213848281
0.3515  0.128  746653.5310890162
0.3631249999999999  0.128  554221.8728319537
0.37475  0.128  457919.5206042069
0.386375  0.128  346066.2363375324
0.398  0.128  268446.0611889635

