  3.0787E-01  5.7425E-02  1.4704E-01  8.3530E-01  1.4168E+00  2.9719E-02 -1.3720E+00
  3.0883E-01  8.3548E-02  1.4668E-01  8.3334E-01  2.7084E+00  5.5159E-02 -2.6708E+00
  3.0980E-01  1.0332E-01  1.4611E-01  8.3022E-01  3.7788E+00  7.3443E-02 -3.7477E+00
  3.1076E-01  1.1992E-01  1.4538E-01  8.2616E-01  4.6458E+00  8.5606E-02 -4.6203E+00
  3.1173E-01  1.3445E-01  1.4451E-01  8.2136E-01  5.3285E+00  9.2722E-02 -5.3079E+00
  3.1269E-01  1.4751E-01  1.4354E-01  8.1599E-01  5.8524E+00  9.5943E-02 -5.8357E+00
  3.1365E-01  1.5948E-01  1.4250E-01  8.1018E-01  6.2420E+00  9.6273E-02 -6.2285E+00
  3.1462E-01  1.7071E-01  1.4139E-01  8.0399E-01  6.5222E+00  9.4473E-02 -6.5113E+00
  3.1558E-01  1.8108E-01  1.4025E-01  7.9765E-01  6.7053E+00  9.1261E-02 -6.6966E+00
  3.1655E-01  1.9097E-01  1.3908E-01  7.9112E-01  6.8130E+00  8.7150E-02 -6.8059E+00
  3.1750E-01  2.0025E-01  1.3791E-01  7.8459E-01  6.8575E+00  8.2710E-02 -6.8517E+00
  3.1848E-01  2.0928E-01  1.3672E-01  7.7791E-01  6.8525E+00  7.8166E-02 -6.8478E+00
  3.1944E-01  2.1782E-01  1.3554E-01  7.7133E-01  6.8086E+00  7.3863E-02 -6.8047E+00
  3.2040E-01  2.2600E-01  1.3438E-01  7.6485E-01  6.7349E+00  6.9863E-02 -6.7316E+00
  3.2136E-01  2.3394E-01  1.3323E-01  7.5841E-01  6.6374E+00  6.6199E-02 -6.6346E+00
  3.2232E-01  2.4163E-01  1.3210E-01  7.5206E-01  6.5218E+00  6.2949E-02 -6.5193E+00
  3.2329E-01  2.4907E-01  1.3098E-01  7.4583E-01  6.3927E+00  6.0169E-02 -6.3906E+00
  3.2425E-01  2.5628E-01  1.2990E-01  7.3976E-01  6.2544E+00  5.7886E-02 -6.2525E+00
  3.2522E-01  2.6336E-01  1.2883E-01  7.3377E-01  6.1077E+00  5.6067E-02 -6.1059E+00
  3.2618E-01  2.7019E-01  1.2779E-01  7.2799E-01  5.9578E+00  5.4725E-02 -5.9562E+00
  3.2714E-01  2.7691E-01  1.2678E-01  7.2231E-01  5.8045E+00  5.3794E-02 -5.8030E+00
  3.2811E-01  2.8350E-01  1.2579E-01  7.1677E-01  5.6497E+00  5.3225E-02 -5.6482E+00
  3.2908E-01  2.8997E-01  1.2482E-01  7.1137E-01  5.4950E+00  5.2955E-02 -5.4935E+00
  3.3003E-01  2.9619E-01  1.2390E-01  7.0621E-01  5.3447E+00  5.2918E-02 -5.3432E+00
  3.3100E-01  3.0242E-01  1.2299E-01  7.0110E-01  5.1940E+00  5.3051E-02 -5.1925E+00
  3.3196E-01  3.0852E-01  1.2210E-01  6.9615E-01  5.0467E+00  5.3304E-02 -5.0453E+00
  3.3293E-01  3.1450E-01  1.2124E-01  6.9136E-01  4.9035E+00  5.3637E-02 -4.9020E+00
  3.3389E-01  3.2036E-01  1.2041E-01  6.8673E-01  4.7649E+00  5.4016E-02 -4.7634E+00
  3.3486E-01  3.2622E-01  1.1960E-01  6.8216E-01  4.6283E+00  5.4427E-02 -4.6268E+00
  3.3582E-01  3.3196E-01  1.1881E-01  6.7775E-01  4.4969E+00  5.4840E-02 -4.4954E+00
  3.3678E-01  3.3758E-01  1.1804E-01  6.7351E-01  4.3709E+00  5.5243E-02 -4.3694E+00
  3.3775E-01  3.4319E-01  1.1730E-01  6.6933E-01  4.2478E+00  5.5632E-02 -4.2462E+00
  3.3871E-01  3.4868E-01  1.1657E-01  6.6531E-01  4.1302E+00  5.5991E-02 -4.1286E+00
  3.3966E-01  3.5405E-01  1.1588E-01  6.6144E-01  4.0183E+00  5.6316E-02 -4.0166E+00
  3.4064E-01  3.5955E-01  1.1518E-01  6.5755E-01  3.9070E+00  5.6616E-02 -3.9053E+00
  3.4159E-01  3.6480E-01  1.1453E-01  6.5390E-01  3.8037E+00  5.6873E-02 -3.8020E+00
  3.4257E-01  3.7017E-01  1.1387E-01  6.5023E-01  3.7014E+00  5.7103E-02 -3.6996E+00
  3.4351E-01  3.7529E-01  1.1325E-01  6.4678E-01  3.6068E+00  5.7292E-02 -3.6051E+00
  3.4449E-01  3.8054E-01  1.1262E-01  6.4331E-01  3.5133E+00  5.7457E-02 -3.5115E+00
  3.4545E-01  3.8567E-01  1.1202E-01  6.3998E-01  3.4250E+00  5.7591E-02 -3.4232E+00
  3.4642E-01  3.9080E-01  1.1143E-01  6.3670E-01  3.3399E+00  5.7700E-02 -3.3381E+00
  3.4737E-01  3.9580E-01  1.1086E-01  6.3356E-01  3.2599E+00  5.7785E-02 -3.2581E+00
  3.4833E-01  4.0081E-01  1.1031E-01  6.3047E-01  3.1829E+00  5.7851E-02 -3.1810E+00
  3.4930E-01  4.0581E-01  1.0976E-01  6.2742E-01  3.1088E+00  5.7899E-02 -3.1069E+00
  3.5027E-01  4.1082E-01  1.0922E-01  6.2443E-01  3.0377E+00  5.7933E-02 -3.0358E+00
  3.5123E-01  4.1570E-01  1.0870E-01  6.2155E-01  2.9711E+00  5.7952E-02 -2.9692E+00
  3.5219E-01  4.2058E-01  1.0819E-01  6.1872E-01  2.9072E+00  5.7960E-02 -2.9053E+00
  3.5316E-01  4.2547E-01  1.0768E-01  6.1593E-01  2.8461E+00  5.7958E-02 -2.8441E+00
  3.5411E-01  4.3023E-01  1.0720E-01  6.1325E-01  2.7890E+00  5.7946E-02 -2.7870E+00
  3.5509E-01  4.3511E-01  1.0671E-01  6.1054E-01  2.7331E+00  5.7927E-02 -2.7311E+00
  3.5606E-01  4.3987E-01  1.0624E-01  6.0794E-01  2.6812E+00  5.7902E-02 -2.6792E+00
  3.5700E-01  4.4451E-01  1.0578E-01  6.0544E-01  2.6330E+00  5.7876E-02 -2.6310E+00
  3.5797E-01  4.4927E-01  1.0532E-01  6.0290E-01  2.5859E+00  5.7851E-02 -2.5839E+00
  3.5893E-01  4.5391E-01  1.0488E-01  6.0045E-01  2.5424E+00  5.7830E-02 -2.5403E+00
  3.5991E-01  4.5867E-01  1.0443E-01  5.9798E-01  2.5000E+00  5.7814E-02 -2.4979E+00
  3.6087E-01  4.6331E-01  1.0400E-01  5.9559E-01  2.4608E+00  5.7806E-02 -2.4588E+00
  3.6181E-01  4.6782E-01  1.0358E-01  5.9329E-01  2.4247E+00  5.7806E-02 -2.4226E+00
  3.6279E-01  4.7246E-01  1.0316E-01  5.9095E-01  2.3895E+00  5.7812E-02 -2.3874E+00
  3.6376E-01  4.7710E-01  1.0274E-01  5.8864E-01  2.3562E+00  5.7826E-02 -2.3541E+00
  3.6472E-01  4.8162E-01  1.0233E-01  5.8640E-01  2.3256E+00  5.7844E-02 -2.3235E+00
  3.6568E-01  4.8613E-01  1.0193E-01  5.8419E-01  2.2968E+00  5.7869E-02 -2.2947E+00
  3.6664E-01  4.9065E-01  1.0153E-01  5.8199E-01  2.2697E+00  5.7900E-02 -2.2675E+00
  3.6761E-01  4.9517E-01  1.0113E-01  5.7981E-01  2.2442E+00  5.7939E-02 -2.2421E+00
  3.6858E-01  4.9968E-01  1.0074E-01  5.7765E-01  2.2203E+00  5.7987E-02 -2.2182E+00
  3.6952E-01  5.0408E-01  1.0036E-01  5.7555E-01  2.1984E+00  5.8042E-02 -2.1963E+00
  3.7050E-01  5.0860E-01  9.9971E-02  5.7341E-01  2.1772E+00  5.8108E-02 -2.1750E+00
  3.7146E-01  5.1299E-01  9.9594E-02  5.7135E-01  2.1575E+00  5.8180E-02 -2.1553E+00
  3.7242E-01  5.1738E-01  9.9219E-02  5.6929E-01  2.1384E+00  5.8258E-02 -2.1363E+00
  3.7338E-01  5.2178E-01  9.8847E-02  5.6724E-01  2.1198E+00  5.8344E-02 -2.1176E+00
  3.7434E-01  5.2617E-01  9.8476E-02  5.6520E-01  2.1012E+00  5.8438E-02 -2.0990E+00
  3.7531E-01  5.3057E-01  9.8107E-02  5.6318E-01  2.0824E+00  5.8548E-02 -2.0802E+00
  3.7629E-01  5.3496E-01  9.7740E-02  5.6116E-01  2.0629E+00  5.8680E-02 -2.0607E+00
  3.7723E-01  5.3923E-01  9.7385E-02  5.5922E-01  2.0431E+00  5.8844E-02 -2.0409E+00
  3.7821E-01  5.4363E-01  9.7023E-02  5.5723E-01  2.0212E+00  5.9078E-02 -2.0190E+00
  3.7917E-01  5.4790E-01  9.6673E-02  5.5531E-01  1.9980E+00  5.9423E-02 -1.9957E+00
  3.8013E-01  5.5217E-01  9.6327E-02  5.5341E-01  1.9719E+00  5.9977E-02 -1.9696E+00
  3.8109E-01  5.5645E-01  9.5984E-02  5.5153E-01  1.9420E+00  6.0879E-02 -1.9395E+00
  3.8205E-01  5.6072E-01  9.5646E-02  5.4968E-01  1.9071E+00  6.2317E-02 -1.9045E+00
  3.8302E-01  5.6499E-01  9.5313E-02  5.4786E-01  1.8659E+00  6.4498E-02 -1.8631E+00
  3.8398E-01  5.6926E-01  9.4987E-02  5.4608E-01  1.8172E+00  6.7594E-02 -1.8141E+00
  3.8496E-01  5.7354E-01  9.4669E-02  5.4434E-01  1.7600E+00  7.1697E-02 -1.7564E+00
  3.8590E-01  5.7769E-01  9.4369E-02  5.4271E-01  1.6955E+00  7.6643E-02 -1.6912E+00
  3.8688E-01  5.8196E-01  9.4072E-02  5.4110E-01  1.6192E+00  8.2616E-02 -1.6140E+00
  3.8783E-01  5.8611E-01  9.3797E-02  5.3960E-01  1.5351E+00  8.9034E-02 -1.5288E+00
  3.8881E-01  5.9038E-01  9.3528E-02  5.3815E-01  1.4385E+00  9.5813E-02 -1.4307E+00
  3.8976E-01  5.9453E-01  9.3284E-02  5.3683E-01  1.3356E+00  1.0192E-01 -1.3262E+00
  3.9072E-01  5.9868E-01  9.3057E-02  5.3562E-01  1.2255E+00  1.0684E-01 -1.2142E+00
  3.9168E-01  6.0283E-01  9.2849E-02  5.3451E-01  1.1105E+00  1.0992E-01 -1.0974E+00
  3.9267E-01  6.0711E-01  9.2655E-02  5.3348E-01  9.9048E-01  1.1074E-01 -9.7558E-01
  3.9363E-01  6.1126E-01  9.2486E-02  5.3260E-01  8.7562E-01  1.0919E-01 -8.5924E-01
  3.9459E-01  6.1541E-01  9.2336E-02  5.3183E-01  7.6572E-01  1.0560E-01 -7.4820E-01
  3.9555E-01  6.1956E-01  9.2204E-02  5.3116E-01  6.6353E-01  1.0048E-01 -6.4522E-01
  3.9651E-01  6.2371E-01  9.2088E-02  5.3058E-01  5.7109E-01  9.4451E-02 -5.5226E-01
  3.9748E-01  6.2786E-01  9.1987E-02  5.3009E-01  4.8962E-01  8.8195E-02 -4.7044E-01
  3.9844E-01  6.3201E-01  9.1898E-02  5.2967E-01  4.1955E-01  8.2289E-02 -4.0000E-01
  3.9941E-01  6.3616E-01  9.1821E-02  5.2932E-01  3.6057E-01  7.7128E-02 -3.4051E-01
  4.0037E-01  6.4031E-01  9.1752E-02  5.2901E-01  3.1185E-01  7.2904E-02 -2.9101E-01
  4.0134E-01  6.4446E-01  9.1691E-02  5.2875E-01  2.7224E-01  6.9629E-02 -2.5032E-01
  4.0227E-01  6.4849E-01  9.1637E-02  5.2853E-01  2.4128E-01  6.7258E-02 -2.1801E-01
  4.0324E-01  6.5264E-01  9.1587E-02  5.2834E-01  2.1584E-01  6.5492E-02 -1.9094E-01
  4.0421E-01  6.5679E-01  9.1540E-02  5.2816E-01  1.9577E-01  6.4250E-02 -1.6904E-01
  4.0517E-01  6.6094E-01  9.1497E-02  5.2801E-01  1.8000E-01  6.3391E-02 -1.5136E-01
  4.0614E-01  6.6509E-01  9.1457E-02  5.2787E-01  1.6766E-01  6.2802E-02 -1.3708E-01
  4.0710E-01  6.6924E-01  9.1419E-02  5.2774E-01  1.5800E-01  6.2401E-02 -1.2554E-01
  4.0807E-01  6.7339E-01  9.1382E-02  5.2763E-01  1.5044E-01  6.2131E-02 -1.1622E-01
  4.0904E-01  6.7754E-01  9.1347E-02  5.2752E-01  1.4453E-01  6.1952E-02 -1.0869E-01
  4.1000E-01  6.8169E-01  9.1312E-02  5.2741E-01  1.3990E-01  6.1835E-02 -1.0262E-01
  4.1097E-01  6.8584E-01  9.1279E-02  5.2732E-01  1.3630E-01  6.1764E-02 -9.7733E-02
  4.1191E-01  6.8987E-01  9.1247E-02  5.2723E-01  1.3356E-01  6.1726E-02 -9.3930E-02
  4.1287E-01  6.9402E-01  9.1215E-02  5.2714E-01  1.3138E-01  6.1709E-02 -9.0809E-02
  4.1384E-01  6.9817E-01  9.1184E-02  5.2705E-01  1.2971E-01  6.1711E-02 -8.8357E-02
  4.1481E-01  7.0232E-01  9.1152E-02  5.2697E-01  1.2845E-01  6.1725E-02 -8.6458E-02
  4.1577E-01  7.0647E-01  9.1121E-02  5.2688E-01  1.2753E-01  6.1750E-02 -8.5015E-02
  4.1674E-01  7.1062E-01  9.1090E-02  5.2680E-01  1.2687E-01  6.1783E-02 -8.3947E-02
  4.1771E-01  7.1477E-01  9.1059E-02  5.2672E-01  1.2642E-01  6.1822E-02 -8.3183E-02
  4.1867E-01  7.1892E-01  9.1029E-02  5.2664E-01  1.2615E-01  6.1866E-02 -8.2665E-02
  4.1964E-01  7.2307E-01  9.0998E-02  5.2656E-01  1.2600E-01  6.1914E-02 -8.2342E-02
  4.2061E-01  7.2722E-01  9.0967E-02  5.2648E-01  1.2596E-01  6.1966E-02 -8.2171E-02
  4.2154E-01  7.3125E-01  9.0937E-02  5.2641E-01  1.2600E-01  6.2019E-02 -8.2115E-02
  4.2251E-01  7.3540E-01  9.0906E-02  5.2633E-01  1.2610E-01  6.2075E-02 -8.2141E-02
  4.2348E-01  7.3955E-01  9.0876E-02  5.2625E-01  1.2623E-01  6.2134E-02 -8.2227E-02
  4.2444E-01  7.4370E-01  9.0845E-02  5.2617E-01  1.2640E-01  6.2193E-02 -8.2351E-02
  4.2541E-01  7.4785E-01  9.0814E-02  5.2609E-01  1.2658E-01  6.2254E-02 -8.2497E-02
  4.2637E-01  7.5200E-01  9.0783E-02  5.2601E-01  1.2676E-01  6.2316E-02 -8.2653E-02
  4.2734E-01  7.5615E-01  9.0752E-02  5.2593E-01  1.2695E-01  6.2378E-02 -8.2806E-02
  4.2831E-01  7.6030E-01  9.0720E-02  5.2585E-01  1.2713E-01  6.2441E-02 -8.2951E-02
  4.2927E-01  7.6445E-01  9.0689E-02  5.2577E-01  1.2730E-01  6.2505E-02 -8.3080E-02
  4.3021E-01  7.6848E-01  9.0659E-02  5.2569E-01  1.2745E-01  6.2566E-02 -8.3188E-02
  4.3118E-01  7.7263E-01  9.0628E-02  5.2561E-01  1.2760E-01  6.2630E-02 -8.3279E-02
  4.3214E-01  7.7678E-01  9.0596E-02  5.2553E-01  1.2773E-01  6.2694E-02 -8.3346E-02
  4.3311E-01  7.8093E-01  9.0565E-02  5.2545E-01  1.2785E-01  6.2757E-02 -8.3391E-02
  4.3408E-01  7.8508E-01  9.0533E-02  5.2537E-01  1.2795E-01  6.2821E-02 -8.3413E-02
  4.3504E-01  7.8923E-01  9.0502E-02  5.2529E-01  1.2803E-01  6.2884E-02 -8.3412E-02
  4.3601E-01  7.9338E-01  9.0470E-02  5.2521E-01  1.2810E-01  6.2948E-02 -8.3388E-02
  4.3697E-01  7.9754E-01  9.0439E-02  5.2513E-01  1.2816E-01  6.3011E-02 -8.3344E-02
  4.3794E-01  8.0169E-01  9.0407E-02  5.2505E-01  1.2820E-01  6.3075E-02 -8.3279E-02
  4.3891E-01  8.0584E-01  9.0375E-02  5.2497E-01  1.2824E-01  6.3138E-02 -8.3196E-02
  4.3984E-01  8.0986E-01  9.0345E-02  5.2489E-01  1.2826E-01  6.3199E-02 -8.3097E-02
  4.4081E-01  8.1401E-01  9.0313E-02  5.2481E-01  1.2827E-01  6.3262E-02 -8.2978E-02
  4.4178E-01  8.1816E-01  9.0281E-02  5.2473E-01  1.2826E-01  6.3325E-02 -8.2844E-02
  4.4274E-01  8.2232E-01  9.0249E-02  5.2465E-01  1.2825E-01  6.3388E-02 -8.2693E-02
  4.4371E-01  8.2647E-01  9.0218E-02  5.2457E-01  1.2823E-01  6.3451E-02 -8.2528E-02
  4.4468E-01  8.3062E-01  9.0186E-02  5.2449E-01  1.2820E-01  6.3514E-02 -8.2348E-02
  4.4564E-01  8.3477E-01  9.0154E-02  5.2441E-01  1.2817E-01  6.3577E-02 -8.2155E-02
  4.4661E-01  8.3892E-01  9.0122E-02  5.2433E-01  1.2812E-01  6.3640E-02 -8.1950E-02
  4.4757E-01  8.4307E-01  9.0091E-02  5.2425E-01  1.2807E-01  6.3702E-02 -8.1735E-02
  4.4854E-01  8.4722E-01  9.0059E-02  5.2417E-01  1.2802E-01  6.3764E-02 -8.1517E-02
  4.4948E-01  8.5125E-01  9.0028E-02  5.2409E-01  1.2796E-01  6.3824E-02 -8.1303E-02
  4.5044E-01  8.5540E-01  8.9996E-02  5.2402E-01  1.2791E-01  6.3886E-02 -8.1082E-02
  4.5141E-01  8.5955E-01  8.9965E-02  5.2394E-01  1.2785E-01  6.3948E-02 -8.0861E-02
  4.5238E-01  8.6370E-01  8.9933E-02  5.2386E-01  1.2780E-01  6.4009E-02 -8.0640E-02
  4.5334E-01  8.6785E-01  8.9901E-02  5.2378E-01  1.2774E-01  6.4071E-02 -8.0419E-02
  4.5431E-01  8.7200E-01  8.9869E-02  5.2370E-01  1.2769E-01  6.4132E-02 -8.0197E-02
  4.5528E-01  8.7615E-01  8.9837E-02  5.2363E-01  1.2764E-01  6.4194E-02 -7.9976E-02
  4.5624E-01  8.8030E-01  8.9806E-02  5.2355E-01  1.2759E-01  6.4255E-02 -7.9755E-02
  4.5721E-01  8.8445E-01  8.9774E-02  5.2347E-01  1.2753E-01  6.4317E-02 -7.9534E-02
  4.5817E-01  8.8860E-01  8.9742E-02  5.2340E-01  1.2748E-01  6.4378E-02 -7.9312E-02
  4.5911E-01  8.9263E-01  8.9711E-02  5.2332E-01  1.2743E-01  6.4438E-02 -7.9098E-02
  4.6008E-01  8.9678E-01  8.9679E-02  5.2325E-01  1.2738E-01  6.4499E-02 -7.8876E-02
  4.6104E-01  9.0093E-01  8.9648E-02  5.2317E-01  1.2733E-01  6.4560E-02 -7.8654E-02
  4.6201E-01  9.0508E-01  8.9616E-02  5.2309E-01  1.2728E-01  6.4622E-02 -7.8433E-02
  4.6298E-01  9.0923E-01  8.9584E-02  5.2302E-01  1.2723E-01  6.4683E-02 -7.8211E-02
  4.6394E-01  9.1338E-01  8.9552E-02  5.2294E-01  1.2718E-01  6.4744E-02 -7.7989E-02
  4.6491E-01  9.1753E-01  8.9521E-02  5.2287E-01  1.2713E-01  6.4805E-02 -7.7767E-02
  4.6588E-01  9.2168E-01  8.9489E-02  5.2279E-01  1.2708E-01  6.4866E-02 -7.7545E-02
  4.6684E-01  9.2583E-01  8.9457E-02  5.2272E-01  1.2703E-01  6.4928E-02 -7.7323E-02
  4.6781E-01  9.2998E-01  8.9425E-02  5.2264E-01  1.2698E-01  6.4989E-02 -7.7101E-02
  4.6875E-01  9.3401E-01  8.9394E-02  5.2257E-01  1.2694E-01  6.5048E-02 -7.6886E-02
  4.6971E-01  9.3816E-01  8.9362E-02  5.2250E-01  1.2689E-01  6.5109E-02 -7.6663E-02
  4.7068E-01  9.4231E-01  8.9331E-02  5.2242E-01  1.2684E-01  6.5170E-02 -7.6441E-02
  4.7164E-01  9.4646E-01  8.9299E-02  5.2235E-01  1.2680E-01  6.5231E-02 -7.6219E-02
  4.7261E-01  9.5061E-01  8.9267E-02  5.2228E-01  1.2675E-01  6.5292E-02 -7.5996E-02
  4.7358E-01  9.5476E-01  8.9235E-02  5.2220E-01  1.2670E-01  6.5353E-02 -7.5774E-02
  4.7454E-01  9.5891E-01  8.9203E-02  5.2213E-01  1.2666E-01  6.5414E-02 -7.5551E-02
  4.7551E-01  9.6306E-01  8.9172E-02  5.2206E-01  1.2661E-01  6.5474E-02 -7.5329E-02
  4.7647E-01  9.6721E-01  8.9140E-02  5.2198E-01  1.2657E-01  6.5535E-02 -7.5106E-02
  4.7744E-01  9.7136E-01  8.9108E-02  5.2191E-01  1.2652E-01  6.5596E-02 -7.4883E-02
  4.7838E-01  9.7539E-01  8.9077E-02  5.2184E-01  1.2648E-01  6.5655E-02 -7.4667E-02
  4.7935E-01  9.7954E-01  8.9045E-02  5.2177E-01  1.2644E-01  6.5715E-02 -7.4444E-02
  4.8031E-01  9.8369E-01  8.9013E-02  5.2170E-01  1.2639E-01  6.5776E-02 -7.4221E-02
  4.8128E-01  9.8784E-01  8.8982E-02  5.2163E-01  1.2635E-01  6.5837E-02 -7.3998E-02
  4.8224E-01  9.9199E-01  8.8950E-02  5.2155E-01  1.2631E-01  6.5897E-02 -7.3775E-02
  4.8321E-01  9.9614E-01  8.8918E-02  5.2148E-01  1.2626E-01  6.5958E-02 -7.3552E-02
  4.8418E-01  1.0003E+00  8.8886E-02  5.2141E-01  1.2622E-01  6.6018E-02 -7.3329E-02
  4.8514E-01  1.0044E+00  8.8854E-02  5.2134E-01  1.2618E-01  6.6079E-02 -7.3105E-02
  4.8611E-01  1.0086E+00  8.8822E-02  5.2127E-01  1.2614E-01  6.6139E-02 -7.2882E-02
  4.8707E-01  1.0127E+00  8.8790E-02  5.2120E-01  1.2610E-01  6.6200E-02 -7.2658E-02
  4.8801E-01  1.0168E+00  8.8760E-02  5.2113E-01  1.2606E-01  6.6258E-02 -7.2441E-02
  4.8898E-01  1.0209E+00  8.8728E-02  5.2106E-01  1.2602E-01  6.6319E-02 -7.2218E-02
  4.8994E-01  1.0251E+00  8.8696E-02  5.2099E-01  1.2598E-01  6.6379E-02 -7.1994E-02
  4.9091E-01  1.0292E+00  8.8664E-02  5.2092E-01  1.2594E-01  6.6440E-02 -7.1770E-02
  4.9188E-01  1.0334E+00  8.8632E-02  5.2085E-01  1.2590E-01  6.6500E-02 -7.1546E-02
  4.9284E-01  1.0375E+00  8.8600E-02  5.2079E-01  1.2586E-01  6.6560E-02 -7.1322E-02
  4.9381E-01  1.0417E+00  8.8568E-02  5.2072E-01  1.2583E-01  6.6620E-02 -7.1099E-02
  4.9478E-01  1.0458E+00  8.8537E-02  5.2065E-01  1.2579E-01  6.6681E-02 -7.0874E-02
  4.9574E-01  1.0500E+00  8.8505E-02  5.2058E-01  1.2575E-01  6.6741E-02 -7.0650E-02
  4.9671E-01  1.0541E+00  8.8473E-02  5.2051E-01  1.2571E-01  6.6801E-02 -7.0426E-02
  4.9765E-01  1.0582E+00  8.8442E-02  5.2045E-01  1.2568E-01  6.6859E-02 -7.0209E-02
  4.9861E-01  1.0623E+00  8.8410E-02  5.2038E-01  1.2564E-01  6.6919E-02 -6.9984E-02
  4.9958E-01  1.0665E+00  8.8378E-02  5.2031E-01  1.2561E-01  6.6979E-02 -6.9760E-02
  5.0054E-01  1.0706E+00  8.8346E-02  5.2024E-01  1.2557E-01  6.7039E-02 -6.9536E-02
  5.0151E-01  1.0748E+00  8.8315E-02  5.2018E-01  1.2554E-01  6.7099E-02 -6.9311E-02
  5.0248E-01  1.0789E+00  8.8283E-02  5.2011E-01  1.2550E-01  6.7159E-02 -6.9086E-02
  5.0344E-01  1.0831E+00  8.8251E-02  5.2004E-01  1.2547E-01  6.7219E-02 -6.8862E-02
  5.0441E-01  1.0872E+00  8.8219E-02  5.1998E-01  1.2543E-01  6.7279E-02 -6.8637E-02
  5.0538E-01  1.0914E+00  8.8187E-02  5.1991E-01  1.2540E-01  6.7339E-02 -6.8412E-02
  5.0634E-01  1.0955E+00  8.8155E-02  5.1984E-01  1.2537E-01  6.7398E-02 -6.8187E-02
  5.0728E-01  1.0995E+00  8.8124E-02  5.1978E-01  1.2534E-01  6.7456E-02 -6.7969E-02
  5.0825E-01  1.1037E+00  8.8092E-02  5.1971E-01  1.2530E-01  6.7516E-02 -6.7744E-02
  5.0921E-01  1.1078E+00  8.8060E-02  5.1965E-01  1.2527E-01  6.7576E-02 -6.7519E-02
  5.1018E-01  1.1120E+00  8.8029E-02  5.1958E-01  1.2524E-01  6.7635E-02 -6.7294E-02
  5.1114E-01  1.1161E+00  8.7997E-02  5.1952E-01  1.2521E-01  6.7695E-02 -6.7069E-02
  5.1211E-01  1.1203E+00  8.7965E-02  5.1945E-01  1.2518E-01  6.7754E-02 -6.6843E-02
  5.1308E-01  1.1244E+00  8.7933E-02  5.1939E-01  1.2515E-01  6.7814E-02 -6.6618E-02
  5.1404E-01  1.1286E+00  8.7901E-02  5.1933E-01  1.2512E-01  6.7873E-02 -6.6393E-02
  5.1501E-01  1.1327E+00  8.7869E-02  5.1926E-01  1.2509E-01  6.7933E-02 -6.6167E-02
  5.1598E-01  1.1369E+00  8.7837E-02  5.1920E-01  1.2506E-01  6.7992E-02 -6.5941E-02
  5.1691E-01  1.1409E+00  8.7806E-02  5.1914E-01  1.2503E-01  6.8050E-02 -6.5722E-02
  5.1788E-01  1.1451E+00  8.7774E-02  5.1907E-01  1.2500E-01  6.8110E-02 -6.5497E-02
  5.1885E-01  1.1492E+00  8.7742E-02  5.1901E-01  1.2497E-01  6.8169E-02 -6.5271E-02
  5.1981E-01  1.1534E+00  8.7711E-02  5.1895E-01  1.2495E-01  6.8228E-02 -6.5045E-02
  5.2078E-01  1.1575E+00  8.7679E-02  5.1888E-01  1.2492E-01  6.8287E-02 -6.4819E-02
  5.2174E-01  1.1617E+00  8.7647E-02  5.1882E-01  1.2489E-01  6.8347E-02 -6.4593E-02
  5.2271E-01  1.1658E+00  8.7615E-02  5.1876E-01  1.2487E-01  6.8406E-02 -6.4367E-02
  5.2368E-01  1.1700E+00  8.7583E-02  5.1870E-01  1.2484E-01  6.8465E-02 -6.4141E-02
  5.2464E-01  1.1741E+00  8.7551E-02  5.1863E-01  1.2481E-01  6.8524E-02 -6.3915E-02
  5.2561E-01  1.1783E+00  8.7519E-02  5.1857E-01  1.2479E-01  6.8583E-02 -6.3689E-02
  5.2655E-01  1.1823E+00  8.7488E-02  5.1851E-01  1.2476E-01  6.8640E-02 -6.3469E-02
  5.2751E-01  1.1865E+00  8.7456E-02  5.1845E-01  1.2474E-01  6.8699E-02 -6.3243E-02
  5.2848E-01  1.1906E+00  8.7424E-02  5.1839E-01  1.2472E-01  6.8758E-02 -6.3017E-02
  5.2944E-01  1.1948E+00  8.7392E-02  5.1833E-01  1.2469E-01  6.8817E-02 -6.2790E-02
  5.3041E-01  1.1989E+00  8.7360E-02  5.1827E-01  1.2467E-01  6.8875E-02 -6.2564E-02
  5.3138E-01  1.2031E+00  8.7329E-02  5.1821E-01  1.2465E-01  6.8934E-02 -6.2337E-02
  5.3234E-01  1.2072E+00  8.7297E-02  5.1815E-01  1.2462E-01  6.8993E-02 -6.2111E-02
  5.3331E-01  1.2114E+00  8.7265E-02  5.1809E-01  1.2460E-01  6.9051E-02 -6.1884E-02
  5.3428E-01  1.2155E+00  8.7233E-02  5.1803E-01  1.2458E-01  6.9110E-02 -6.1657E-02
  5.3521E-01  1.2195E+00  8.7202E-02  5.1797E-01  1.2456E-01  6.9167E-02 -6.1437E-02
  5.3618E-01  1.2237E+00  8.7170E-02  5.1791E-01  1.2454E-01  6.9225E-02 -6.1210E-02
  5.3715E-01  1.2278E+00  8.7138E-02  5.1785E-01  1.2452E-01  6.9284E-02 -6.0983E-02
  5.3811E-01  1.2320E+00  8.7106E-02  5.1779E-01  1.2450E-01  6.9342E-02 -6.0756E-02
  5.3908E-01  1.2361E+00  8.7074E-02  5.1774E-01  1.2448E-01  6.9401E-02 -6.0529E-02
  5.4004E-01  1.2403E+00  8.7042E-02  5.1768E-01  1.2446E-01  6.9459E-02 -6.0302E-02
  5.4101E-01  1.2444E+00  8.7010E-02  5.1762E-01  1.2444E-01  6.9517E-02 -6.0075E-02
  5.4198E-01  1.2486E+00  8.6978E-02  5.1756E-01  1.2442E-01  6.9576E-02 -5.9848E-02
  5.4294E-01  1.2527E+00  8.6946E-02  5.1750E-01  1.2440E-01  6.9634E-02 -5.9620E-02
  5.4391E-01  1.2569E+00  8.6914E-02  5.1745E-01  1.2438E-01  6.9692E-02 -5.9393E-02
  5.4485E-01  1.2609E+00  8.6883E-02  5.1739E-01  1.2437E-01  6.9749E-02 -5.9172E-02
  5.4581E-01  1.2651E+00  8.6851E-02  5.1733E-01  1.2435E-01  6.9807E-02 -5.8945E-02
  5.4678E-01  1.2692E+00  8.6819E-02  5.1728E-01  1.2433E-01  6.9865E-02 -5.8717E-02
  5.4775E-01  1.2734E+00  8.6788E-02  5.1722E-01  1.2431E-01  6.9923E-02 -5.8489E-02
  5.4871E-01  1.2775E+00  8.6756E-02  5.1716E-01  1.2430E-01  6.9981E-02 -5.8261E-02
  5.4968E-01  1.2817E+00  8.6724E-02  5.1711E-01  1.2428E-01  7.0039E-02 -5.8033E-02
  5.5064E-01  1.2858E+00  8.6692E-02  5.1705E-01  1.2427E-01  7.0097E-02 -5.7806E-02
  5.5161E-01  1.2900E+00  8.6660E-02  5.1700E-01  1.2425E-01  7.0155E-02 -5.7578E-02
  5.5258E-01  1.2941E+00  8.6628E-02  5.1694E-01  1.2424E-01  7.0213E-02 -5.7350E-02
  5.5354E-01  1.2983E+00  8.6596E-02  5.1689E-01  1.2423E-01  7.0271E-02 -5.7122E-02
  5.5448E-01  1.3023E+00  8.6565E-02  5.1683E-01  1.2421E-01  7.0327E-02 -5.6900E-02
  5.5545E-01  1.3064E+00  8.6533E-02  5.1678E-01  1.2420E-01  7.0385E-02 -5.6672E-02
  5.5641E-01  1.3106E+00  8.6501E-02  5.1672E-01  1.2419E-01  7.0443E-02 -5.6444E-02
  5.5738E-01  1.3147E+00  8.6469E-02  5.1667E-01  1.2417E-01  7.0500E-02 -5.6216E-02
  5.5835E-01  1.3189E+00  8.6437E-02  5.1661E-01  1.2416E-01  7.0558E-02 -5.5987E-02
  5.5931E-01  1.3230E+00  8.6405E-02  5.1656E-01  1.2415E-01  7.0615E-02 -5.5759E-02
  5.6028E-01  1.3272E+00  8.6373E-02  5.1651E-01  1.2414E-01  7.0673E-02 -5.5531E-02
  5.6124E-01  1.3313E+00  8.6341E-02  5.1645E-01  1.2413E-01  7.0730E-02 -5.5302E-02
  5.6221E-01  1.3355E+00  8.6309E-02  5.1640E-01  1.2412E-01  7.0788E-02 -5.5073E-02
  5.6318E-01  1.3396E+00  8.6277E-02  5.1635E-01  1.2411E-01  7.0845E-02 -5.4845E-02
  5.6411E-01  1.3437E+00  8.6246E-02  5.1629E-01  1.2410E-01  7.0901E-02 -5.4623E-02
  5.6508E-01  1.3478E+00  8.6214E-02  5.1624E-01  1.2409E-01  7.0958E-02 -5.4394E-02
  5.6605E-01  1.3520E+00  8.6182E-02  5.1619E-01  1.2408E-01  7.1015E-02 -5.4165E-02
  5.6701E-01  1.3561E+00  8.6150E-02  5.1614E-01  1.2407E-01  7.1072E-02 -5.3936E-02
  5.6798E-01  1.3603E+00  8.6118E-02  5.1609E-01  1.2406E-01  7.1130E-02 -5.3707E-02
  5.6895E-01  1.3644E+00  8.6086E-02  5.1603E-01  1.2405E-01  7.1187E-02 -5.3478E-02
  5.6991E-01  1.3686E+00  8.6054E-02  5.1598E-01  1.2405E-01  7.1244E-02 -5.3249E-02
  5.7088E-01  1.3727E+00  8.6022E-02  5.1593E-01  1.2404E-01  7.1301E-02 -5.3020E-02
  5.7184E-01  1.3769E+00  8.5990E-02  5.1588E-01  1.2403E-01  7.1358E-02 -5.2791E-02
  5.7281E-01  1.3810E+00  8.5958E-02  5.1583E-01  1.2403E-01  7.1415E-02 -5.2562E-02
  5.7375E-01  1.3851E+00  8.5927E-02  5.1578E-01  1.2402E-01  7.1470E-02 -5.2339E-02
  5.7471E-01  1.3892E+00  8.5895E-02  5.1573E-01  1.2402E-01  7.1527E-02 -5.2110E-02
  5.7568E-01  1.3934E+00  8.5863E-02  5.1568E-01  1.2401E-01  7.1584E-02 -5.1880E-02
  5.7665E-01  1.3975E+00  8.5831E-02  5.1563E-01  1.2401E-01  7.1640E-02 -5.1651E-02
  5.7761E-01  1.4017E+00  8.5799E-02  5.1558E-01  1.2400E-01  7.1697E-02 -5.1421E-02
  5.7858E-01  1.4058E+00  8.5767E-02  5.1553E-01  1.2400E-01  7.1754E-02 -5.1191E-02
  5.7954E-01  1.4100E+00  8.5735E-02  5.1548E-01  1.2399E-01  7.1810E-02 -5.0962E-02
  5.8051E-01  1.4141E+00  8.5703E-02  5.1543E-01  1.2399E-01  7.1867E-02 -5.0732E-02
  5.8148E-01  1.4183E+00  8.5671E-02  5.1538E-01  1.2399E-01  7.1923E-02 -5.0502E-02
  5.8244E-01  1.4224E+00  8.5639E-02  5.1533E-01  1.2399E-01  7.1980E-02 -5.0272E-02
  5.8338E-01  1.4264E+00  8.5608E-02  5.1529E-01  1.2398E-01  7.2035E-02 -5.0049E-02
  5.8435E-01  1.4306E+00  8.5576E-02  5.1524E-01  1.2398E-01  7.2091E-02 -4.9819E-02
  5.8531E-01  1.4347E+00  8.5544E-02  5.1519E-01  1.2398E-01  7.2147E-02 -4.9589E-02
  5.8628E-01  1.4389E+00  8.5512E-02  5.1514E-01  1.2398E-01  7.2204E-02 -4.9359E-02
  5.8725E-01  1.4430E+00  8.5480E-02  5.1509E-01  1.2398E-01  7.2260E-02 -4.9129E-02
  5.8821E-01  1.4472E+00  8.5448E-02  5.1505E-01  1.2398E-01  7.2316E-02 -4.8899E-02
  5.8918E-01  1.4513E+00  8.5416E-02  5.1500E-01  1.2398E-01  7.2373E-02 -4.8668E-02
  5.9014E-01  1.4555E+00  8.5384E-02  5.1495E-01  1.2398E-01  7.2429E-02 -4.8438E-02
  5.9111E-01  1.4596E+00  8.5352E-02  5.1491E-01  1.2398E-01  7.2485E-02 -4.8207E-02
  5.9208E-01  1.4638E+00  8.5320E-02  5.1486E-01  1.2398E-01  7.2541E-02 -4.7977E-02
  5.9301E-01  1.4678E+00  8.5289E-02  5.1482E-01  1.2398E-01  7.2595E-02 -4.7753E-02
  5.9398E-01  1.4720E+00  8.5257E-02  5.1477E-01  1.2399E-01  7.2651E-02 -4.7523E-02
  5.9600E-01  1.4806E+00  8.5190E-02  5.1467E-01  1.2399E-01  7.2767E-02 -4.7041E-02
