x y z
0.0056544  0.0056544  0.00031432
0.005646  0.005646200000000001  0.00070738
0.005566499999999999  0.0055637  0.0029959
0.005118699999999999  0.0051098  0.013024
0.0040566  0.0040472  0.037592
0.0028697  0.0028638  0.07728400000000001
0.0023251  0.0023152  0.12638
0.0020895  0.0020662  0.17761
0.0019284  0.0018749  0.22909
0.0017922  0.0016921  0.28057
0.0016677  0.001503  0.33204
0.0015504  0.0013056  0.3835
0.0014378  0.0011007  0.43495
0.0013288  0.00088975  0.48639
0.0012225  0.00067371  0.53782
0.0011185  0.00045323  0.5892500000000001
0.0010165  0.00022891  0.64067
0.0009161800000000001  1.2188e-06  0.69208
0.00081735  -0.00022941  0.74349
0.00071988  -0.00046265  0.7949000000000001
0.00062364  -0.00069823  0.8463000000000001
0.00052854  -0.0009359100000000001  0.8977000000000001
