x y z
0.0042995  0.0021142  0.00012043
0.004305  0.0021191  0.00023508
0.0043114  0.0021261  0.00089768
0.0042386  0.0020927  0.0039927
0.0038075  0.0018817  0.01655
0.0029291  0.0014492  0.044082
0.0020923  0.001033  0.086242
0.0017489  0.0008556700000000001  0.13608
0.0015693  0.00075263  0.1874
0.0014178  0.00065726  0.23888
0.0012743  0.00055703  0.29037
0.0011355  0.00045049  0.34185
0.0010001  0.00033798  0.39331
0.00086752  0.00022076  0.44477
0.00073717  9.9633e-05  0.49622
0.00060874  -2.4809e-05  0.54767
0.000482  -0.00015215  0.59911
0.00035678  -0.00028204  0.65054
0.00023291  -0.00041417  0.70197
0.00011029  -0.0005482799999999999  0.75339
-1.1204e-05  -0.00068416  0.80481
-0.00013162  -0.00082164  0.85622
