x y z
0.0049447  0.010056  0.0012302
0.0049188  0.0099991  0.0012442
0.0047413  0.009621299999999999  0.0012866
0.0040819  0.008255800000000001  0.0013584
0.0029985  0.006043300000000001  0.0014612
0.0021965  0.0044035  0.0015974
0.0018865  0.0037359  0.0017702
0.0017159  0.0033229  0.0019837
0.0015993  0.0029798  0.0022428
0.001507  0.0026511  0.0025536
0.0014274  0.0023175  0.0029234
0.0013551  0.0019757  0.0033606
0.0012875  0.0016259  0.0038756
0.0012232  0.0012696  0.0044801
0.0011615  0.0009074100000000001  0.0051881
0.0011019  0.00054013  0.0060158
0.0010441  0.00016836  0.0069805
0.0009877500000000001  -0.00020738  0.0080891
0.0009328100000000001  -0.00058658  0.009342700000000001
0.00087907  -0.00096889  0.010742
0.00082644  -0.001354  0.012289
0.00077482  -0.0017416  0.013983
