# nurbs mesh v.2.1
#
# 22-Jul-2020
#
2 2 34 41 0 
PATCH 1 
1 1 
2 2 
0.000000000000000   0.000000000000000   1.000000000000000   1.000000000000000   
0.000000000000000   0.000000000000000   1.000000000000000   1.000000000000000   
0.416000000000000   0.416000000000000   0.447000000000000   0.447000000000000   
0.000000000000000   0.020000000000000   0.000000000000000   0.020000000000000   
1.000000000000000   1.000000000000000   1.000000000000000   1.000000000000000   
PATCH 2 
1 2 
2 3 
0.000000000000000   0.000000000000000   1.000000000000000   1.000000000000000   
0.000000000000000   0.000000000000000   0.000000000000000   1.000000000000000   1.000000000000000   1.000000000000000   
0.406000000000000   0.406000000000000   0.411000000000000   0.411000000000000   0.416000000000000   0.416000000000000   
0.000000000000000   0.020000000000000   0.000000000000000   0.020000000000000   0.000000000000000   0.020000000000000   
1.000000000000000   1.000000000000000   1.000000000000000   1.000000000000000   1.000000000000000   1.000000000000000   
PATCH 3 
1 2 
2 3 
0.000000000000000   0.000000000000000   1.000000000000000   1.000000000000000   
0.000000000000000   0.000000000000000   0.000000000000000   1.000000000000000   1.000000000000000   1.000000000000000   
0.397000000000000   0.397000000000000   0.401500000000000   0.401500000000000   0.406000000000000   0.406000000000000   
0.000000000000000   0.011000000000000   0.000000000000000   0.015500000000000   0.000000000000000   0.020000000000000   
1.000000000000000   1.000000000000000   1.000000000000000   1.000000000000000   1.000000000000000   1.000000000000000   
PATCH 4 
1 2 
2 3 
0.000000000000000   0.000000000000000   1.000000000000000   1.000000000000000   
0.000000000000000   0.000000000000000   0.000000000000000   1.000000000000000   1.000000000000000   1.000000000000000   
0.392737932446640   0.392737932446640   0.394868966223320   0.315285930171627   0.397000000000000   0.397000000000000   
0.000000000000000   0.010405566040374   0.000000000000000   0.007256584617217   0.000000000000000   0.011000000000000   
1.000000000000000   1.000000000000000   1.000000000000000   0.798003485892253   1.000000000000000   1.000000000000000   
PATCH 5 
1 2 
2 3 
0.000000000000000   0.000000000000000   1.000000000000000   1.000000000000000   
0.000000000000000   0.000000000000000   0.000000000000000   1.000000000000000   1.000000000000000   1.000000000000000   
0.406000000000000   0.406000000000000   0.411000000000000   0.411000000000000   0.416000000000000   0.416000000000000   
0.020000000000000   0.030000000000000   0.020000000000000   0.030000000000000   0.020000000000000   0.030000000000000   
1.000000000000000   1.000000000000000   1.000000000000000   1.000000000000000   1.000000000000000   1.000000000000000   
PATCH 6 
1 1 
2 2 
0.000000000000000   0.000000000000000   1.000000000000000   1.000000000000000   
0.000000000000000   0.000000000000000   1.000000000000000   1.000000000000000   
0.307000000000000   0.307000000000000   0.392737932446640   0.392737932446640   
0.000000000000000   0.005000000000000   0.000000000000000   0.010405566040374   
1.000000000000000   1.000000000000000   1.000000000000000   1.000000000000000   
PATCH 7 
2 1 
3 2 
0.000000000000000   0.000000000000000   0.000000000000000   1.000000000000000   1.000000000000000   1.000000000000000   
0.000000000000000   0.000000000000000   1.000000000000000   1.000000000000000   
0.307000000000000   0.307250000000000   0.307500000000000   0.392737932446640   0.311526548097443   0.391000000000000   
0.005000000000000   0.007450000000000   0.009900000000000   0.010405566040374   0.009350771328584   0.014342336591559   
1.000000000000000   1.000000000000000   1.000000000000000   1.000000000000000   0.798003485892253   1.000000000000000   
PATCH 8 
2 1 
3 2 
0.000000000000000   0.000000000000000   0.000000000000000   1.000000000000000   1.000000000000000   1.000000000000000   
0.000000000000000   0.000000000000000   1.000000000000000   1.000000000000000   
0.307500000000000   0.309004950495050   0.310509900990099   0.391000000000000   0.392000000000000   0.393000000000000   
0.009900000000000   0.013700000000000   0.017500000000000   0.014342336591559   0.018171168295780   0.022000000000000   
1.000000000000000   1.000000000000000   1.000000000000000   1.000000000000000   1.000000000000000   1.000000000000000   
PATCH 9 
2 1 
3 2 
0.000000000000000   0.000000000000000   0.000000000000000   1.000000000000000   1.000000000000000   1.000000000000000   
0.000000000000000   0.000000000000000   1.000000000000000   1.000000000000000   
0.310509900990099   0.311004950495050   0.311500000000000   0.393000000000000   0.393000000000000   0.393000000000000   
0.017500000000000   0.018750000000000   0.020000000000000   0.022000000000000   0.023500000000000   0.025000000000000   
1.000000000000000   1.000000000000000   1.000000000000000   1.000000000000000   1.000000000000000   1.000000000000000   
PATCH 10 
7 1 
8 2 
0.000000000000000   0.000000000000000   0.000000000000000   0.000000000000000   0.000000000000000   0.000000000000000   0.000000000000000   0.000000000000000   1.000000000000000   1.000000000000000   1.000000000000000   1.000000000000000   1.000000000000000   1.000000000000000   1.000000000000000   1.000000000000000   
0.000000000000000   0.000000000000000   1.000000000000000   1.000000000000000   
0.311500000000000   0.312210016784668   0.312784033482708   0.313223413596923   0.313469058945113   0.313440685491109   0.313060468189989   0.312266304598028   0.393000000000000   0.360112275716090   0.338425221431578   0.327938837146465   0.328653122860750   0.340568078574435   0.363683704287518   0.398000000000000   
0.020000000000000   0.021731273803711   0.024055293646146   0.026710510631764   0.029548706236526   0.032484688603669   0.035464632140257   0.038447697809099   0.025000000000000   0.023918058124456   0.023434858778855   0.023550401963198   0.024264687677484   0.025577715921713   0.027489486695885   0.030000000000000   
1.000000000000000   1.000000000000000   1.000000000000000   1.000000000000000   1.000000000000000   1.000000000000000   1.000000000000000   1.000000000000000   1.000000000000000   0.916316223196156   0.860527038660261   0.832632446392313   0.832632446392313   0.860527038660261   0.916316223196156   1.000000000000000   
PATCH 11 
7 1 
8 2 
0.000000000000000   0.000000000000000   0.000000000000000   0.000000000000000   0.000000000000000   0.000000000000000   0.000000000000000   0.000000000000000   1.000000000000000   1.000000000000000   1.000000000000000   1.000000000000000   1.000000000000000   1.000000000000000   1.000000000000000   1.000000000000000   
0.000000000000000   0.000000000000000   1.000000000000000   1.000000000000000   
0.416000000000000   0.416000000000000   0.416000000000000   0.416000000000000   0.416000000000000   0.416000000000000   0.416000000000000   0.416000000000000   0.447000000000000   0.447000000000000   0.447000000000000   0.447000000000000   0.447000000000000   0.447000000000000   0.447000000000000   0.447000000000000   
0.030000000000000   0.044000000000000   0.058000000000000   0.072000000000000   0.086000000000000   0.100000000000000   0.114000000000000   0.128000000000000   0.030000000000000   0.044000000000000   0.058000000000000   0.072000000000000   0.086000000000000   0.100000000000000   0.114000000000000   0.128000000000000   
1.000000000000000   1.000000000000000   1.000000000000000   1.000000000000000   1.000000000000000   1.000000000000000   1.000000000000000   1.000000000000000   1.000000000000000   1.000000000000000   1.000000000000000   1.000000000000000   1.000000000000000   1.000000000000000   1.000000000000000   1.000000000000000   
PATCH 12 
7 2 
8 3 
0.000000000000000   0.000000000000000   0.000000000000000   0.000000000000000   0.000000000000000   0.000000000000000   0.000000000000000   0.000000000000000   1.000000000000000   1.000000000000000   1.000000000000000   1.000000000000000   1.000000000000000   1.000000000000000   1.000000000000000   1.000000000000000   
0.000000000000000   0.000000000000000   0.000000000000000   1.000000000000000   1.000000000000000   1.000000000000000   
0.406000000000000   0.406000000000000   0.406000000000000   0.406000000000000   0.406000000000000   0.406000000000000   0.406000000000000   0.406000000000000   0.411000000000000   0.411000000000000   0.411000000000000   0.411000000000000   0.411000000000000   0.411000000000000   0.411000000000000   0.411000000000000   0.416000000000000   0.416000000000000   0.416000000000000   0.416000000000000   0.416000000000000   0.416000000000000   0.416000000000000   0.416000000000000   
0.030000000000000   0.044000000000000   0.058000000000000   0.072000000000000   0.086000000000000   0.100000000000000   0.114000000000000   0.128000000000000   0.030000000000000   0.044000000000000   0.058000000000000   0.072000000000000   0.086000000000000   0.100000000000000   0.114000000000000   0.128000000000000   0.030000000000000   0.044000000000000   0.058000000000000   0.072000000000000   0.086000000000000   0.100000000000000   0.114000000000000   0.128000000000000   
1.000000000000000   1.000000000000000   1.000000000000000   1.000000000000000   1.000000000000000   1.000000000000000   1.000000000000000   1.000000000000000   1.000000000000000   1.000000000000000   1.000000000000000   1.000000000000000   1.000000000000000   1.000000000000000   1.000000000000000   1.000000000000000   1.000000000000000   1.000000000000000   1.000000000000000   1.000000000000000   1.000000000000000   1.000000000000000   1.000000000000000   1.000000000000000   
PATCH 13 
7 2 
8 3 
0.000000000000000   0.000000000000000   0.000000000000000   0.000000000000000   0.000000000000000   0.000000000000000   0.000000000000000   0.000000000000000   1.000000000000000   1.000000000000000   1.000000000000000   1.000000000000000   1.000000000000000   1.000000000000000   1.000000000000000   1.000000000000000   
0.000000000000000   0.000000000000000   0.000000000000000   1.000000000000000   1.000000000000000   1.000000000000000   
0.398000000000000   0.398000000000000   0.398000000000000   0.398000000000000   0.398000000000000   0.398000000000000   0.398000000000000   0.398000000000000   0.402000000000000   0.402000000000000   0.402000000000000   0.402000000000000   0.402000000000000   0.402000000000000   0.402000000000000   0.402000000000000   0.406000000000000   0.406000000000000   0.406000000000000   0.406000000000000   0.406000000000000   0.406000000000000   0.406000000000000   0.406000000000000   
0.030000000000000   0.044000000000000   0.058000000000000   0.072000000000000   0.086000000000000   0.100000000000000   0.114000000000000   0.128000000000000   0.030000000000000   0.044000000000000   0.058000000000000   0.072000000000000   0.086000000000000   0.100000000000000   0.114000000000000   0.128000000000000   0.030000000000000   0.044000000000000   0.058000000000000   0.072000000000000   0.086000000000000   0.100000000000000   0.114000000000000   0.128000000000000   
1.000000000000000   1.000000000000000   1.000000000000000   1.000000000000000   1.000000000000000   1.000000000000000   1.000000000000000   1.000000000000000   1.000000000000000   1.000000000000000   1.000000000000000   1.000000000000000   1.000000000000000   1.000000000000000   1.000000000000000   1.000000000000000   1.000000000000000   1.000000000000000   1.000000000000000   1.000000000000000   1.000000000000000   1.000000000000000   1.000000000000000   1.000000000000000   
PATCH 14 
7 1 
8 2 
0.000000000000000   0.000000000000000   0.000000000000000   0.000000000000000   0.000000000000000   0.000000000000000   0.000000000000000   0.000000000000000   1.000000000000000   1.000000000000000   1.000000000000000   1.000000000000000   1.000000000000000   1.000000000000000   1.000000000000000   1.000000000000000   
0.000000000000000   0.000000000000000   1.000000000000000   1.000000000000000   
0.312266304598028   0.312017422982877   0.311727886768683   0.311395784530632   0.311019356498572   0.310597034650701   0.310127472972887   0.309609569442177   0.398000000000000   0.398000000000000   0.398000000000000   0.398000000000000   0.398000000000000   0.398000000000000   0.398000000000000   0.398000000000000   
0.038447697809099   0.039382555827373   0.040317720477298   0.041251934791445   0.042184067066117   0.043113055302559   0.044037864229236   0.044957453313149   0.030000000000000   0.044000000000000   0.058000000000000   0.072000000000000   0.086000000000000   0.100000000000000   0.114000000000000   0.128000000000000   
1.000000000000000   1.000000000000000   1.000000000000000   1.000000000000000   1.000000000000000   1.000000000000000   1.000000000000000   1.000000000000000   1.000000000000000   1.000000000000000   1.000000000000000   1.000000000000000   1.000000000000000   1.000000000000000   1.000000000000000   1.000000000000000   
PATCH 15 
7 1 
8 2 
0.000000000000000   0.000000000000000   0.000000000000000   0.000000000000000   0.000000000000000   0.000000000000000   0.000000000000000   0.000000000000000   1.000000000000000   1.000000000000000   1.000000000000000   1.000000000000000   1.000000000000000   1.000000000000000   1.000000000000000   1.000000000000000   
0.000000000000000   0.000000000000000   1.000000000000000   1.000000000000000   
0.304997897766606   0.305805747074695   0.306563406966260   0.307270913714742   0.307928578526662   0.308536980770448   0.309096954874235   0.309609569442177   0.305000000000000   0.318285714285714   0.331571428571429   0.344857142857143   0.358142857142857   0.371428571428571   0.384714285714286   0.398000000000000   
0.051185391780285   0.050321507410746   0.049447160172682   0.048563521725200   0.047671697028920   0.046772735550663   0.045867651319113   0.044957453313149   0.128000000000000   0.128000000000000   0.128000000000000   0.128000000000000   0.128000000000000   0.128000000000000   0.128000000000000   0.128000000000000   
1.000000000000000   1.000000000000000   1.000000000000000   1.000000000000000   1.000000000000000   1.000000000000000   1.000000000000000   1.000000000000000   1.000000000000000   1.000000000000000   1.000000000000000   1.000000000000000   1.000000000000000   1.000000000000000   1.000000000000000   1.000000000000000   
PATCH 16 
7 1 
8 2 
0.000000000000000   0.000000000000000   0.000000000000000   0.000000000000000   0.000000000000000   0.000000000000000   0.000000000000000   0.000000000000000   1.000000000000000   1.000000000000000   1.000000000000000   1.000000000000000   1.000000000000000   1.000000000000000   1.000000000000000   1.000000000000000   
0.000000000000000   0.000000000000000   1.000000000000000   1.000000000000000   
0.230003592445167   0.238085637713397   0.250063961455770   0.264022999941712   0.277945661490096   0.289859717395377   0.298871856993849   0.304997897766606   0.230000000000000   0.240714285714286   0.251428571428571   0.262142857142857   0.272857142857143   0.283571428571429   0.294285714285714   0.305000000000000   
0.062550324423347   0.067936913313314   0.071430731092149   0.071515075283084   0.068522389650613   0.063685659470008   0.057736354710811   0.051185391780285   0.128000000000000   0.128000000000000   0.128000000000000   0.128000000000000   0.128000000000000   0.128000000000000   0.128000000000000   0.128000000000000   
1.000000000000000   1.000000000000000   1.000000000000000   1.000000000000000   1.000000000000000   1.000000000000000   1.000000000000000   1.000000000000000   1.000000000000000   1.000000000000000   1.000000000000000   1.000000000000000   1.000000000000000   1.000000000000000   1.000000000000000   1.000000000000000   
PATCH 17 
7 1 
8 2 
0.000000000000000   0.000000000000000   0.000000000000000   0.000000000000000   0.000000000000000   0.000000000000000   0.000000000000000   0.000000000000000   1.000000000000000   1.000000000000000   1.000000000000000   1.000000000000000   1.000000000000000   1.000000000000000   1.000000000000000   1.000000000000000   
0.000000000000000   0.000000000000000   1.000000000000000   1.000000000000000   
0.185000000000000   0.191428571428571   0.197857142857143   0.204285714285714   0.210714285714286   0.217142857142857   0.223571428571429   0.230000000000000   0.222603395765108   0.223087645327970   0.223785159938213   0.224682696796945   0.225766912823698   0.227024290394933   0.228441130534294   0.230003592445167   
0.065000000000000   0.074000000000000   0.083000000000000   0.092000000000000   0.101000000000000   0.110000000000000   0.119000000000000   0.128000000000000   0.054254370753247   0.055500460964527   0.056758855614139   0.058006843111259   0.059224970784804   0.060396857624727   0.061508961786689   0.062550324423347   
1.000000000000000   1.000000000000000   1.000000000000000   1.000000000000000   1.000000000000000   1.000000000000000   1.000000000000000   1.000000000000000   1.000000000000000   1.000000000000000   1.000000000000000   1.000000000000000   1.000000000000000   1.000000000000000   1.000000000000000   1.000000000000000   
PATCH 18 
7 1 
8 2 
0.000000000000000   0.000000000000000   0.000000000000000   0.000000000000000   0.000000000000000   0.000000000000000   0.000000000000000   0.000000000000000   1.000000000000000   1.000000000000000   1.000000000000000   1.000000000000000   1.000000000000000   1.000000000000000   1.000000000000000   1.000000000000000   
0.000000000000000   0.000000000000000   1.000000000000000   1.000000000000000   
0.222500000000000   0.217142857142857   0.211785714285714   0.206428571428571   0.201071428571429   0.195714285714286   0.190357142857143   0.185000000000000   0.230000000000000   0.226873646467670   0.224526033723175   0.222900565845672   0.221945535465119   0.221610997529568   0.221847100391107   0.222603395765108   
0.045000000000000   0.047857142857143   0.050714285714286   0.053571428571429   0.056428571428571   0.059285714285714   0.062142857142857   0.065000000000000   0.045000000000000   0.045058800684079   0.045787733988168   0.047015397684333   0.048592540726907   0.050392124933770   0.052308241454115   0.054254370753247   
1.000000000000000   1.000000000000000   1.000000000000000   1.000000000000000   1.000000000000000   1.000000000000000   1.000000000000000   1.000000000000000   1.000000000000000   1.000000000000000   1.000000000000000   1.000000000000000   1.000000000000000   1.000000000000000   1.000000000000000   1.000000000000000   
PATCH 19 
7 1 
8 2 
0.000000000000000   0.000000000000000   0.000000000000000   0.000000000000000   0.000000000000000   0.000000000000000   0.000000000000000   0.000000000000000   1.000000000000000   1.000000000000000   1.000000000000000   1.000000000000000   1.000000000000000   1.000000000000000   1.000000000000000   1.000000000000000   
0.000000000000000   0.000000000000000   1.000000000000000   1.000000000000000   
0.012500000000000   0.012500000000000   0.012500000000000   0.012500000000000   0.012500000000000   0.012500000000000   0.012500000000000   0.012500000000000   0.185000000000000   0.191428571428571   0.197857142857143   0.204285714285714   0.210714285714286   0.217142857142857   0.223571428571429   0.230000000000000   
0.085000000000000   0.091142857142857   0.097285714285714   0.103428571428571   0.109571428571429   0.115714285714286   0.121857142857143   0.128000000000000   0.065000000000000   0.074000000000000   0.083000000000000   0.092000000000000   0.101000000000000   0.110000000000000   0.119000000000000   0.128000000000000   
1.000000000000000   1.000000000000000   1.000000000000000   1.000000000000000   1.000000000000000   1.000000000000000   1.000000000000000   1.000000000000000   1.000000000000000   1.000000000000000   1.000000000000000   1.000000000000000   1.000000000000000   1.000000000000000   1.000000000000000   1.000000000000000   
PATCH 20 
7 1 
8 2 
0.000000000000000   0.000000000000000   0.000000000000000   0.000000000000000   0.000000000000000   0.000000000000000   0.000000000000000   0.000000000000000   1.000000000000000   1.000000000000000   1.000000000000000   1.000000000000000   1.000000000000000   1.000000000000000   1.000000000000000   1.000000000000000   
0.000000000000000   0.000000000000000   1.000000000000000   1.000000000000000   
0.000000000000000   0.000000000000000   0.000000000000000   0.000000000000000   0.000000000000000   0.000000000000000   0.000000000000000   0.000000000000000   0.012500000000000   0.012500000000000   0.012500000000000   0.012500000000000   0.012500000000000   0.012500000000000   0.012500000000000   0.012500000000000   
0.085000000000000   0.091142857142857   0.097285714285714   0.103428571428571   0.109571428571429   0.115714285714286   0.121857142857143   0.128000000000000   0.085000000000000   0.091142857142857   0.097285714285714   0.103428571428571   0.109571428571429   0.115714285714286   0.121857142857143   0.128000000000000   
1.000000000000000   1.000000000000000   1.000000000000000   1.000000000000000   1.000000000000000   1.000000000000000   1.000000000000000   1.000000000000000   1.000000000000000   1.000000000000000   1.000000000000000   1.000000000000000   1.000000000000000   1.000000000000000   1.000000000000000   1.000000000000000   
PATCH 21 
7 1 
8 2 
0.000000000000000   0.000000000000000   0.000000000000000   0.000000000000000   0.000000000000000   0.000000000000000   0.000000000000000   0.000000000000000   1.000000000000000   1.000000000000000   1.000000000000000   1.000000000000000   1.000000000000000   1.000000000000000   1.000000000000000   1.000000000000000   
0.000000000000000   0.000000000000000   1.000000000000000   1.000000000000000   
0.012500000000000   0.012500000000000   0.012500000000000   0.012500000000000   0.012500000000000   0.012500000000000   0.012500000000000   0.012500000000000   0.222500000000000   0.217142857142857   0.211785714285714   0.206428571428571   0.201071428571429   0.195714285714286   0.190357142857143   0.185000000000000   
0.062000000000000   0.065285714285714   0.068571428571429   0.071857142857143   0.075142857142857   0.078428571428571   0.081714285714286   0.085000000000000   0.045000000000000   0.047857142857143   0.050714285714286   0.053571428571429   0.056428571428571   0.059285714285714   0.062142857142857   0.065000000000000   
1.000000000000000   1.000000000000000   1.000000000000000   1.000000000000000   1.000000000000000   1.000000000000000   1.000000000000000   1.000000000000000   1.000000000000000   1.000000000000000   1.000000000000000   1.000000000000000   1.000000000000000   1.000000000000000   1.000000000000000   1.000000000000000   
PATCH 22 
7 1 
8 2 
0.000000000000000   0.000000000000000   0.000000000000000   0.000000000000000   0.000000000000000   0.000000000000000   0.000000000000000   0.000000000000000   1.000000000000000   1.000000000000000   1.000000000000000   1.000000000000000   1.000000000000000   1.000000000000000   1.000000000000000   1.000000000000000   
0.000000000000000   0.000000000000000   1.000000000000000   1.000000000000000   
0.000000000000000   0.000000000000000   0.000000000000000   0.000000000000000   0.000000000000000   0.000000000000000   0.000000000000000   0.000000000000000   0.012500000000000   0.012500000000000   0.012500000000000   0.012500000000000   0.012500000000000   0.012500000000000   0.012500000000000   0.012500000000000   
0.062000000000000   0.065285714285714   0.068571428571429   0.071857142857143   0.075142857142857   0.078428571428571   0.081714285714286   0.085000000000000   0.062000000000000   0.065285714285714   0.068571428571429   0.071857142857143   0.075142857142857   0.078428571428571   0.081714285714286   0.085000000000000   
1.000000000000000   1.000000000000000   1.000000000000000   1.000000000000000   1.000000000000000   1.000000000000000   1.000000000000000   1.000000000000000   1.000000000000000   1.000000000000000   1.000000000000000   1.000000000000000   1.000000000000000   1.000000000000000   1.000000000000000   1.000000000000000   
PATCH 23 
1 1 
2 2 
0.000000000000000   0.000000000000000   1.000000000000000   1.000000000000000   
0.000000000000000   0.000000000000000   1.000000000000000   1.000000000000000   
0.012500000000000   0.012500000000000   0.222500000000000   0.222500000000000   
0.052000000000000   0.062000000000000   0.035000000000000   0.045000000000000   
1.000000000000000   1.000000000000000   1.000000000000000   1.000000000000000   
PATCH 24 
1 1 
2 2 
0.000000000000000   0.000000000000000   1.000000000000000   1.000000000000000   
0.000000000000000   0.000000000000000   1.000000000000000   1.000000000000000   
0.000000000000000   0.000000000000000   0.012500000000000   0.012500000000000   
0.052000000000000   0.062000000000000   0.052000000000000   0.062000000000000   
1.000000000000000   1.000000000000000   1.000000000000000   1.000000000000000   
PATCH 25 
1 1 
2 2 
0.000000000000000   0.000000000000000   1.000000000000000   1.000000000000000   
0.000000000000000   0.000000000000000   1.000000000000000   1.000000000000000   
0.000000000000000   0.000000000000000   0.046000000000000   0.012500000000000   
0.027000000000000   0.052000000000000   0.027000000000000   0.052000000000000   
1.000000000000000   1.000000000000000   1.000000000000000   1.000000000000000   
PATCH 26 
1 1 
2 2 
0.000000000000000   0.000000000000000   1.000000000000000   1.000000000000000   
0.000000000000000   0.000000000000000   1.000000000000000   1.000000000000000   
0.046000000000000   0.012500000000000   0.236000000000000   0.222500000000000   
0.027000000000000   0.052000000000000   0.027000000000000   0.035000000000000   
1.000000000000000   1.000000000000000   1.000000000000000   1.000000000000000   
PATCH 27 
1 1 
2 2 
0.000000000000000   0.000000000000000   1.000000000000000   1.000000000000000   
0.000000000000000   0.000000000000000   1.000000000000000   1.000000000000000   
0.236000000000000   0.222500000000000   0.253000000000000   0.252500000000000   
0.027000000000000   0.035000000000000   0.027000000000000   0.035000000000000   
1.000000000000000   1.000000000000000   1.000000000000000   1.000000000000000   
PATCH 28 
1 1 
2 2 
0.000000000000000   0.000000000000000   1.000000000000000   1.000000000000000   
0.000000000000000   0.000000000000000   1.000000000000000   1.000000000000000   
0.252500000000000   0.252500000000000   0.302000000000000   0.302000000000000   
0.035000000000000   0.045000000000000   0.037800000000000   0.045000000000000   
1.000000000000000   1.000000000000000   1.000000000000000   1.000000000000000   
PATCH 29 
1 1 
2 2 
0.000000000000000   0.000000000000000   1.000000000000000   1.000000000000000   
0.000000000000000   0.000000000000000   1.000000000000000   1.000000000000000   
0.253000000000000   0.252500000000000   0.302000000000000   0.302000000000000   
0.027000000000000   0.035000000000000   0.020400000000000   0.037800000000000   
1.000000000000000   1.000000000000000   1.000000000000000   1.000000000000000   
PATCH 30 
1 1 
2 2 
0.000000000000000   0.000000000000000   1.000000000000000   1.000000000000000   
0.000000000000000   0.000000000000000   1.000000000000000   1.000000000000000   
0.264000000000000   0.253000000000000   0.302000000000000   0.302000000000000   
0.017500000000000   0.027000000000000   0.017500000000000   0.020400000000000   
1.000000000000000   1.000000000000000   1.000000000000000   1.000000000000000   
PATCH 31 
1 1 
2 2 
0.000000000000000   0.000000000000000   1.000000000000000   1.000000000000000   
0.000000000000000   0.000000000000000   1.000000000000000   1.000000000000000   
0.253000000000000   0.253000000000000   0.264000000000000   0.264000000000000   
0.000000000000000   0.027000000000000   0.000000000000000   0.017500000000000   
1.000000000000000   1.000000000000000   1.000000000000000   1.000000000000000   
PATCH 32 
1 1 
2 2 
0.000000000000000   0.000000000000000   1.000000000000000   1.000000000000000   
0.000000000000000   0.000000000000000   1.000000000000000   1.000000000000000   
0.236000000000000   0.236000000000000   0.253000000000000   0.253000000000000   
0.000000000000000   0.027000000000000   0.000000000000000   0.027000000000000   
1.000000000000000   1.000000000000000   1.000000000000000   1.000000000000000   
PATCH 33 
1 1 
2 2 
0.000000000000000   0.000000000000000   1.000000000000000   1.000000000000000   
0.000000000000000   0.000000000000000   1.000000000000000   1.000000000000000   
0.046000000000000   0.046000000000000   0.236000000000000   0.236000000000000   
0.000000000000000   0.027000000000000   0.000000000000000   0.027000000000000   
1.000000000000000   1.000000000000000   1.000000000000000   1.000000000000000   
PATCH 34 
1 1 
2 2 
0.000000000000000   0.000000000000000   1.000000000000000   1.000000000000000   
0.000000000000000   0.000000000000000   1.000000000000000   1.000000000000000   
0.000000000000000   0.000000000000000   0.046000000000000   0.046000000000000   
0.000000000000000   0.027000000000000   0.000000000000000   0.027000000000000   
1.000000000000000   1.000000000000000   1.000000000000000   1.000000000000000   
INTERFACE 1 
1 3 
2 4 
1 
INTERFACE 2 
2 2 
5 1 
1 
INTERFACE 3 
2 3 
3 4 
1 
INTERFACE 4 
3 3 
4 4 
1 
INTERFACE 5 
4 3 
6 4 
1 
INTERFACE 6 
5 2 
12 1 
1 
INTERFACE 7 
6 2 
7 1 
1 
INTERFACE 8 
7 2 
8 1 
1 
INTERFACE 9 
8 2 
9 1 
1 
INTERFACE 10 
9 2 
10 1 
1 
INTERFACE 11 
10 2 
14 1 
1 
INTERFACE 12 
11 3 
12 4 
1 
INTERFACE 13 
12 3 
13 4 
1 
INTERFACE 14 
13 3 
14 4 
1 
INTERFACE 15 
14 2 
15 2 
1 
INTERFACE 16 
15 1 
16 2 
1 
INTERFACE 17 
16 1 
17 2 
-1 
INTERFACE 18 
17 1 
18 2 
1 
INTERFACE 19 
17 3 
19 4 
1 
INTERFACE 20 
18 3 
21 4 
1 
INTERFACE 21 
19 1 
21 2 
1 
INTERFACE 22 
19 3 
20 4 
1 
INTERFACE 23 
20 1 
22 2 
1 
INTERFACE 24 
21 1 
23 2 
1 
INTERFACE 25 
21 3 
22 4 
1 
INTERFACE 26 
22 1 
24 2 
1 
INTERFACE 27 
23 1 
26 2 
1 
INTERFACE 28 
23 3 
24 4 
1 
INTERFACE 29 
24 1 
25 2 
1 
INTERFACE 30 
25 1 
34 2 
1 
INTERFACE 31 
25 4 
26 3 
1 
INTERFACE 32 
26 1 
33 2 
1 
INTERFACE 33 
26 4 
27 3 
1 
INTERFACE 34 
27 1 
32 2 
1 
INTERFACE 35 
27 4 
29 3 
1 
INTERFACE 36 
28 1 
29 2 
1 
INTERFACE 37 
29 1 
30 2 
1 
INTERFACE 38 
30 3 
31 2 
-1 
INTERFACE 39 
31 3 
32 4 
1 
INTERFACE 40 
32 3 
33 4 
1 
INTERFACE 41 
33 3 
34 4 
1 
BOUNDARY 1 
20 
6 3 
7 3 
8 3 
9 3 
10 3 
14 3 
15 3 
16 3 
17 4 
18 4 
18 1 
23 4 
27 2 
28 3 
28 2 
28 4 
29 4 
30 4 
30 1 
31 4 
BOUNDARY 2 
8 
5 3 
13 1 
10 4 
9 4 
8 4 
7 4 
4 2 
3 2 
BOUNDARY 3 
17 
1 4 
1 2 
5 4 
11 1 
11 4 
11 2 
12 2 
13 2 
15 4 
16 4 
19 2 
20 2 
20 3 
22 3 
24 3 
25 3 
34 3 
BOUNDARY 4 
9 
1 1 
2 1 
3 1 
4 1 
6 1 
31 1 
32 1 
33 1 
34 1 
