# nurbs mesh v.2.1
#
# 30-Nov-2019
#
2 2 25 29 0 
PATCH 1 
1 1 
2 2 
0.000000000000000   0.000000000000000   1.000000000000000   1.000000000000000   
0.000000000000000   0.000000000000000   1.000000000000000   1.000000000000000   
0.190000000000000   0.373000000000000   0.190000000000000   0.373000000000000   
0.000000000000000   0.000000000000000   0.005000000000000   0.005000000000000   
1.000000000000000   1.000000000000000   1.000000000000000   1.000000000000000   
PATCH 2 
1 1 
2 2 
0.000000000000000   0.000000000000000   1.000000000000000   1.000000000000000   
0.000000000000000   0.000000000000000   1.000000000000000   1.000000000000000   
0.190000000000000   0.373000000000000   0.190500000000000   0.373000000000000   
0.005000000000000   0.005000000000000   0.009900000000000   0.009900000000000   
1.000000000000000   1.000000000000000   1.000000000000000   1.000000000000000   
PATCH 3 
1 1 
2 2 
0.000000000000000   0.000000000000000   1.000000000000000   1.000000000000000   
0.000000000000000   0.000000000000000   1.000000000000000   1.000000000000000   
0.190500000000000   0.373000000000000   0.194700000000000   0.373000000000000   
0.009900000000000   0.009900000000000   0.020000000000000   0.020000000000000   
1.000000000000000   1.000000000000000   1.000000000000000   1.000000000000000   
PATCH 4 
1 1 
2 2 
0.000000000000000   0.000000000000000   1.000000000000000   1.000000000000000   
0.000000000000000   0.000000000000000   1.000000000000000   1.000000000000000   
0.194700000000000   0.373000000000000   0.201800000000000   0.373000000000000   
0.020000000000000   0.020000000000000   0.037800000000000   0.037800000000000   
1.000000000000000   1.000000000000000   1.000000000000000   1.000000000000000   
PATCH 5 
1 3 
2 4 
0.000000000000000   0.000000000000000   1.000000000000000   1.000000000000000   
0.000000000000000   0.000000000000000   0.000000000000000   0.000000000000000   1.000000000000000   1.000000000000000   1.000000000000000   1.000000000000000   
0.201800000000000   0.373000000000000   0.188852199021615   0.373000000000000   0.188454465026728   0.373000000000000   0.199136592887069   0.373000000000000   
0.037800000000000   0.037800000000000   0.039554633601972   0.062533333333333   0.044443377171143   0.087266666666667   0.051721658593877   0.112000000000000   
1.000000000000000   1.000000000000000   0.926537049238721   1.000000000000000   0.926537049238721   1.000000000000000   1.000000000000000   1.000000000000000   
PATCH 6 
3 1 
4 2 
0.000000000000000   0.000000000000000   0.000000000000000   0.000000000000000   1.000000000000000   1.000000000000000   1.000000000000000   1.000000000000000   
0.000000000000000   0.000000000000000   1.000000000000000   1.000000000000000   
0.186997732789331   0.177631512784923   0.180560397311346   0.199136592887069   0.188000000000000   0.249666666666667   0.311333333333333   0.373000000000000   
0.058263714350259   0.052986327670898   0.051400688699464   0.051721658593877   0.112000000000000   0.112000000000000   0.112000000000000   0.112000000000000   
1.000000000000000   0.926537049238721   0.926537049238721   1.000000000000000   1.000000000000000   1.000000000000000   1.000000000000000   1.000000000000000   
PATCH 7 
3 1 
4 2 
0.000000000000000   0.000000000000000   0.000000000000000   0.000000000000000   1.000000000000000   1.000000000000000   1.000000000000000   1.000000000000000   
0.000000000000000   0.000000000000000   1.000000000000000   1.000000000000000   
0.118747031868266   0.161142895153467   0.164748006158155   0.186997732789331   0.113000000000000   0.138000000000000   0.163000000000000   0.188000000000000   
0.064908321033645   0.066554805888173   0.063339360296170   0.058263714350259   0.112000000000000   0.112000000000000   0.112000000000000   0.112000000000000   
1.000000000000000   1.000000000000000   1.000000000000000   1.000000000000000   1.000000000000000   1.000000000000000   1.000000000000000   1.000000000000000   
PATCH 8 
3 1 
4 2 
0.000000000000000   0.000000000000000   0.000000000000000   0.000000000000000   1.000000000000000   1.000000000000000   1.000000000000000   1.000000000000000   
0.000000000000000   0.000000000000000   1.000000000000000   1.000000000000000   
0.102215918592692   0.082196860623014   0.087531280509277   0.118747031868266   0.067800000000000   0.082866666666667   0.097933333333333   0.113000000000000   
0.054017456647605   0.046969657020115   0.051922370807440   0.064908321033645   0.062500000000000   0.079000000000000   0.095500000000000   0.112000000000000   
1.000000000000000   0.804737854124365   0.804737854124365   1.000000000000000   1.000000000000000   1.000000000000000   1.000000000000000   1.000000000000000   
PATCH 9 
1 3 
2 4 
0.000000000000000   0.000000000000000   1.000000000000000   1.000000000000000   
0.000000000000000   0.000000000000000   0.000000000000000   0.000000000000000   1.000000000000000   1.000000000000000   1.000000000000000   1.000000000000000   
0.100000000000000   0.113000000000000   0.089266666666667   0.084250600462060   0.078533333333333   0.082316615120565   0.067800000000000   0.102215918592692   
0.045000000000000   0.045000000000000   0.050833333333333   0.037589371611537   0.056666666666667   0.040002835358502   0.062500000000000   0.054017456647605   
1.000000000000000   1.000000000000000   1.000000000000000   0.804737854124365   1.000000000000000   0.804737854124365   1.000000000000000   1.000000000000000   
PATCH 10 
1 3 
2 4 
0.000000000000000   0.000000000000000   1.000000000000000   1.000000000000000   
0.000000000000000   0.000000000000000   0.000000000000000   0.000000000000000   1.000000000000000   1.000000000000000   1.000000000000000   1.000000000000000   
0.000000000000000   0.067800000000000   0.000000000000000   0.082866666666667   0.000000000000000   0.097933333333333   0.000000000000000   0.113000000000000   
0.055666666666667   0.062500000000000   0.074444444444444   0.079000000000000   0.093222222222222   0.095500000000000   0.112000000000000   0.112000000000000   
1.000000000000000   1.000000000000000   1.000000000000000   1.000000000000000   1.000000000000000   1.000000000000000   1.000000000000000   1.000000000000000   
PATCH 11 
1 3 
2 4 
0.000000000000000   0.000000000000000   1.000000000000000   1.000000000000000   
0.000000000000000   0.000000000000000   0.000000000000000   0.000000000000000   1.000000000000000   1.000000000000000   1.000000000000000   1.000000000000000   
0.000000000000000   0.100000000000000   0.000000000000000   0.089266666666667   0.000000000000000   0.078533333333333   0.000000000000000   0.067800000000000   
0.045000000000000   0.045000000000000   0.048555555555556   0.050833333333333   0.052111111111111   0.056666666666667   0.055666666666667   0.062500000000000   
1.000000000000000   1.000000000000000   1.000000000000000   1.000000000000000   1.000000000000000   1.000000000000000   1.000000000000000   1.000000000000000   
PATCH 12 
1 1 
2 2 
0.000000000000000   0.000000000000000   1.000000000000000   1.000000000000000   
0.000000000000000   0.000000000000000   1.000000000000000   1.000000000000000   
0.000000000000000   0.100000000000000   0.000000000000000   0.100000000000000   
0.035000000000000   0.035000000000000   0.045000000000000   0.045000000000000   
1.000000000000000   1.000000000000000   1.000000000000000   1.000000000000000   
PATCH 13 
1 1 
2 2 
0.000000000000000   0.000000000000000   1.000000000000000   1.000000000000000   
0.000000000000000   0.000000000000000   1.000000000000000   1.000000000000000   
0.000000000000000   0.016000000000000   0.000000000000000   0.100000000000000   
0.021000000000000   0.021000000000000   0.035000000000000   0.035000000000000   
1.000000000000000   1.000000000000000   1.000000000000000   1.000000000000000   
PATCH 14 
1 1 
2 2 
0.000000000000000   0.000000000000000   1.000000000000000   1.000000000000000   
0.000000000000000   0.000000000000000   1.000000000000000   1.000000000000000   
0.016000000000000   0.075000000000000   0.100000000000000   0.110000000000000   
0.021000000000000   0.021000000000000   0.035000000000000   0.035000000000000   
1.000000000000000   1.000000000000000   1.000000000000000   1.000000000000000   
PATCH 15 
1 1 
2 2 
0.000000000000000   0.000000000000000   1.000000000000000   1.000000000000000   
0.000000000000000   0.000000000000000   1.000000000000000   1.000000000000000   
0.000000000000000   0.006000000000000   0.000000000000000   0.016000000000000   
0.016000000000000   0.016000000000000   0.021000000000000   0.021000000000000   
1.000000000000000   1.000000000000000   1.000000000000000   1.000000000000000   
PATCH 16 
1 1 
2 2 
0.000000000000000   0.000000000000000   1.000000000000000   1.000000000000000   
0.000000000000000   0.000000000000000   1.000000000000000   1.000000000000000   
0.000000000000000   0.006000000000000   0.000000000000000   0.006000000000000   
0.010000000000000   0.010000000000000   0.016000000000000   0.016000000000000   
1.000000000000000   1.000000000000000   1.000000000000000   1.000000000000000   
PATCH 17 
1 1 
2 2 
0.000000000000000   0.000000000000000   1.000000000000000   1.000000000000000   
0.000000000000000   0.000000000000000   1.000000000000000   1.000000000000000   
0.006000000000000   0.016000000000000   0.006000000000000   0.016000000000000   
0.010000000000000   0.010000000000000   0.016000000000000   0.021000000000000   
1.000000000000000   1.000000000000000   1.000000000000000   1.000000000000000   
PATCH 18 
1 1 
2 2 
0.000000000000000   0.000000000000000   1.000000000000000   1.000000000000000   
0.000000000000000   0.000000000000000   1.000000000000000   1.000000000000000   
0.016000000000000   0.075000000000000   0.016000000000000   0.075000000000000   
0.010000000000000   0.010000000000000   0.021000000000000   0.021000000000000   
1.000000000000000   1.000000000000000   1.000000000000000   1.000000000000000   
PATCH 19 
1 1 
2 2 
0.000000000000000   0.000000000000000   1.000000000000000   1.000000000000000   
0.000000000000000   0.000000000000000   1.000000000000000   1.000000000000000   
0.000000000000000   0.006000000000000   0.000000000000000   0.006000000000000   
0.000000000000000   0.000000000000000   0.010000000000000   0.010000000000000   
1.000000000000000   1.000000000000000   1.000000000000000   1.000000000000000   
PATCH 20 
1 1 
2 2 
0.000000000000000   0.000000000000000   1.000000000000000   1.000000000000000   
0.000000000000000   0.000000000000000   1.000000000000000   1.000000000000000   
0.006000000000000   0.016000000000000   0.006000000000000   0.016000000000000   
0.000000000000000   0.000000000000000   0.010000000000000   0.010000000000000   
1.000000000000000   1.000000000000000   1.000000000000000   1.000000000000000   
PATCH 21 
1 1 
2 2 
0.000000000000000   0.000000000000000   1.000000000000000   1.000000000000000   
0.000000000000000   0.000000000000000   1.000000000000000   1.000000000000000   
0.016000000000000   0.075000000000000   0.016000000000000   0.075000000000000   
0.000000000000000   0.000000000000000   0.010000000000000   0.010000000000000   
1.000000000000000   1.000000000000000   1.000000000000000   1.000000000000000   
PATCH 22 
1 1 
2 2 
0.000000000000000   0.000000000000000   1.000000000000000   1.000000000000000   
0.000000000000000   0.000000000000000   1.000000000000000   1.000000000000000   
0.075000000000000   0.125000000000000   0.110000000000000   0.130000000000000   
0.021000000000000   0.021000000000000   0.035000000000000   0.035000000000000   
1.000000000000000   1.000000000000000   1.000000000000000   1.000000000000000   
PATCH 23 
1 1 
2 2 
0.000000000000000   0.000000000000000   1.000000000000000   1.000000000000000   
0.000000000000000   0.000000000000000   1.000000000000000   1.000000000000000   
0.125000000000000   0.185000000000000   0.125000000000000   0.185000000000000   
0.020000000000000   0.020000000000000   0.021000000000000   0.030000000000000   
1.000000000000000   1.000000000000000   1.000000000000000   1.000000000000000   
PATCH 24 
1 1 
2 2 
0.000000000000000   0.000000000000000   1.000000000000000   1.000000000000000   
0.000000000000000   0.000000000000000   1.000000000000000   1.000000000000000   
0.125000000000000   0.185000000000000   0.130000000000000   0.185000000000000   
0.021000000000000   0.030000000000000   0.035000000000000   0.035000000000000   
1.000000000000000   1.000000000000000   1.000000000000000   1.000000000000000   
PATCH 25 
1 1 
2 2 
0.000000000000000   0.000000000000000   1.000000000000000   1.000000000000000   
0.000000000000000   0.000000000000000   1.000000000000000   1.000000000000000   
0.130000000000000   0.185000000000000   0.130000000000000   0.185000000000000   
0.035000000000000   0.035000000000000   0.045000000000000   0.045000000000000   
1.000000000000000   1.000000000000000   1.000000000000000   1.000000000000000   
INTERFACE 1 
1 4 
2 3 
1 
INTERFACE 2 
2 4 
3 3 
1 
INTERFACE 3 
3 4 
4 3 
1 
INTERFACE 4 
4 4 
5 3 
1 
INTERFACE 5 
5 4 
6 2 
1 
INTERFACE 6 
6 1 
7 2 
1 
INTERFACE 7 
7 1 
8 2 
1 
INTERFACE 8 
8 1 
9 4 
-1 
INTERFACE 9 
8 4 
10 2 
1 
INTERFACE 10 
9 1 
11 2 
1 
INTERFACE 11 
10 3 
11 4 
1 
INTERFACE 12 
11 3 
12 4 
1 
INTERFACE 13 
12 3 
13 4 
1 
INTERFACE 14 
13 2 
14 1 
1 
INTERFACE 15 
13 3 
15 4 
1 
INTERFACE 16 
14 2 
22 1 
1 
INTERFACE 17 
14 3 
18 4 
1 
INTERFACE 18 
15 2 
17 4 
1 
INTERFACE 19 
15 3 
16 4 
1 
INTERFACE 20 
16 2 
17 1 
1 
INTERFACE 21 
16 3 
19 4 
1 
INTERFACE 22 
17 2 
18 1 
1 
INTERFACE 23 
17 3 
20 4 
1 
INTERFACE 24 
18 3 
21 4 
1 
INTERFACE 25 
19 2 
20 1 
1 
INTERFACE 26 
20 2 
21 1 
1 
INTERFACE 27 
22 2 
24 1 
1 
INTERFACE 28 
23 4 
24 3 
1 
INTERFACE 29 
24 4 
25 3 
1 
BOUNDARY 1 
23 
1 1 
2 1 
3 1 
4 1 
5 1 
6 3 
7 3 
8 3 
9 2 
9 3 
12 2 
14 4 
18 2 
21 2 
22 3 
22 4 
23 1 
23 2 
23 3 
24 2 
25 1 
25 2 
25 4 
BOUNDARY 2 
19 
1 2 
2 2 
3 2 
4 2 
5 2 
6 4 
7 4 
10 1 
10 4 
11 1 
12 1 
13 1 
15 1 
15 2 
15 3 
18 1 
19 1 
19 4 
20 4 
BOUNDARY 3 
4 
1 3 
19 3 
20 3 
21 3 
