  3.0787E-01  6.5422E-02  2.0153E-03  1.3457E-01  3.1473E-01  7.5819E-04  3.1468E-01
  3.0883E-01  9.5085E-02  4.2763E-03  1.9579E-01  4.6568E-01  2.0563E-03  4.6556E-01
  3.0979E-01  1.1742E-01  6.5727E-03  2.4222E-01  5.8804E-01  3.4187E-03  5.8787E-01
  3.1076E-01  1.3622E-01  8.9340E-03  2.8169E-01  7.0076E-01  4.7202E-03  7.0056E-01
  3.1172E-01  1.5258E-01  1.1340E-02  3.1648E-01  8.0956E-01  5.9105E-03  8.0935E-01
  3.1268E-01  1.6735E-01  1.3826E-02  3.4841E-01  9.1903E-01  6.9727E-03  9.1881E-01
  3.1365E-01  1.8090E-01  1.6395E-02  3.7819E-01  1.0285E+00  7.8323E-03  1.0283E+00
  3.1461E-01  1.9347E-01  1.9047E-02  4.0627E-01  1.1375E+00  8.5544E-03  1.1373E+00
  3.1558E-01  2.0519E-01  2.1766E-02  4.3279E-01  1.2459E+00  9.1686E-03  1.2457E+00
  3.1655E-01  2.1630E-01  2.4578E-02  4.5824E-01  1.3549E+00  9.7139E-03  1.3547E+00
  3.1750E-01  2.2668E-01  2.7423E-02  4.8226E-01  1.4624E+00  1.0201E-02  1.4622E+00
  3.1847E-01  2.3669E-01  3.0379E-02  5.0564E-01  1.5708E+00  1.0593E-02  1.5707E+00
  3.1943E-01  2.4621E-01  3.3389E-02  5.2804E-01  1.6777E+00  1.0894E-02  1.6776E+00
  3.2040E-01  2.5536E-01  3.6474E-02  5.4969E-01  1.7834E+00  1.1139E-02  1.7833E+00
  3.2136E-01  2.6415E-01  3.9614E-02  5.7054E-01  1.8872E+00  1.1328E-02  1.8871E+00
  3.2232E-01  2.7257E-01  4.2792E-02  5.9056E-01  1.9885E+00  1.1458E-02  1.9884E+00
  3.2329E-01  2.8088E-01  4.6087E-02  6.1028E-01  2.0895E+00  1.1516E-02  2.0894E+00
  3.2425E-01  2.8881E-01  4.9389E-02  6.2910E-01  2.1868E+00  1.1482E-02  2.1867E+00
  3.2521E-01  2.9650E-01  5.2734E-02  6.4728E-01  2.2811E+00  1.1365E-02  2.2811E+00
  3.2619E-01  3.0407E-01  5.6163E-02  6.6510E-01  2.3737E+00  1.1165E-02  2.3736E+00
  3.2713E-01  3.1127E-01  5.9552E-02  6.8194E-01  2.4610E+00  1.0892E-02  2.4609E+00
  3.2811E-01  3.1847E-01  6.3063E-02  6.9867E-01  2.5472E+00  1.0541E-02  2.5471E+00
  3.2907E-01  3.2543E-01  6.6568E-02  7.1469E-01  2.6290E+00  1.0164E-02  2.6290E+00
  3.3003E-01  3.3227E-01  7.0119E-02  7.3028E-01  2.7079E+00  9.7598E-03  2.7078E+00
  3.3100E-01  3.3898E-01  7.3707E-02  7.4542E-01  2.7835E+00  9.3030E-03  2.7834E+00
  3.3195E-01  3.4545E-01  7.7257E-02  7.5984E-01  2.8543E+00  8.8024E-03  2.8543E+00
  3.3292E-01  3.5192E-01  8.0894E-02  7.7408E-01  2.9228E+00  8.2583E-03  2.9228E+00
  3.3389E-01  3.5827E-01  8.4545E-02  7.8786E-01  2.9875E+00  7.7312E-03  2.9875E+00
  3.3486E-01  3.6449E-01  8.8202E-02  8.0119E-01  3.0486E+00  7.2934E-03  3.0485E+00
  3.3582E-01  3.7060E-01  9.1857E-02  8.1405E-01  3.1060E+00  6.9441E-03  3.1060E+00
  3.3678E-01  3.7658E-01  9.5504E-02  8.2647E-01  3.1598E+00  6.6736E-03  3.1597E+00
  3.3773E-01  3.8244E-01  9.9135E-02  8.3843E-01  3.2099E+00  6.5123E-03  3.2098E+00
  3.3870E-01  3.8830E-01  1.0282E-01  8.5019E-01  3.2572E+00  6.4795E-03  3.2572E+00
  3.3968E-01  3.9416E-01  1.0656E-01  8.6175E-01  3.3019E+00  6.5862E-03  3.3019E+00
  3.4063E-01  3.9977E-01  1.1019E-01  8.7263E-01  3.3424E+00  6.8455E-03  3.3424E+00
  3.4159E-01  4.0539E-01  1.1386E-01  8.8331E-01  3.3806E+00  7.2378E-03  3.3806E+00
  3.4256E-01  4.1100E-01  1.1757E-01  8.9380E-01  3.4165E+00  7.7426E-03  3.4164E+00
  3.4353E-01  4.1650E-01  1.2124E-01  9.0386E-01  3.4492E+00  8.3158E-03  3.4492E+00
  3.4448E-01  4.2187E-01  1.2486E-01  9.1352E-01  3.4790E+00  8.8709E-03  3.4790E+00
  3.4545E-01  4.2724E-01  1.2851E-01  9.2299E-01  3.5068E+00  9.3892E-03  3.5067E+00
  3.4642E-01  4.3261E-01  1.3219E-01  9.3227E-01  3.5327E+00  9.9168E-03  3.5327E+00
  3.4738E-01  4.3786E-01  1.3581E-01  9.4117E-01  3.5565E+00  1.0459E-02  3.5565E+00
  3.4835E-01  4.4311E-01  1.3945E-01  9.4990E-01  3.5786E+00  1.1017E-02  3.5786E+00
  3.4930E-01  4.4823E-01  1.4303E-01  9.5825E-01  3.5986E+00  1.1519E-02  3.5986E+00
  3.5027E-01  4.5336E-01  1.4662E-01  9.6644E-01  3.6173E+00  1.1898E-02  3.6172E+00
  3.5124E-01  4.5849E-01  1.5024E-01  9.7447E-01  3.6348E+00  1.2180E-02  3.6347E+00
  3.5219E-01  4.6349E-01  1.5378E-01  9.8216E-01  3.6510E+00  1.2425E-02  3.6509E+00
  3.5316E-01  4.6850E-01  1.5734E-01  9.8970E-01  3.6663E+00  1.2658E-02  3.6663E+00
  3.5413E-01  4.7350E-01  1.6091E-01  9.9710E-01  3.6810E+00  1.2853E-02  3.6809E+00
  3.5508E-01  4.7838E-01  1.6442E-01  1.0042E+00  3.6946E+00  1.2933E-02  3.6946E+00
  3.5604E-01  4.8327E-01  1.6793E-01  1.0111E+00  3.7078E+00  1.2875E-02  3.7078E+00
  3.5701E-01  4.8815E-01  1.7145E-01  1.0179E+00  3.7209E+00  1.2745E-02  3.7209E+00
  3.5798E-01  4.9303E-01  1.7499E-01  1.0246E+00  3.7340E+00  1.2591E-02  3.7340E+00
  3.5894E-01  4.9779E-01  1.7845E-01  1.0310E+00  3.7468E+00  1.2428E-02  3.7468E+00
  3.5990E-01  5.0255E-01  1.8192E-01  1.0373E+00  3.7597E+00  1.2230E-02  3.7597E+00
  3.6086E-01  5.0732E-01  1.8541E-01  1.0435E+00  3.7729E+00  1.1975E-02  3.7729E+00
  3.6184E-01  5.1208E-01  1.8890E-01  1.0496E+00  3.7865E+00  1.1687E-02  3.7865E+00
  3.6279E-01  5.1671E-01  1.9232E-01  1.0554E+00  3.8002E+00  1.1420E-02  3.8002E+00
  3.6375E-01  5.2135E-01  1.9575E-01  1.0611E+00  3.8145E+00  1.1182E-02  3.8145E+00
  3.6471E-01  5.2599E-01  1.9919E-01  1.0668E+00  3.8295E+00  1.0980E-02  3.8295E+00
  3.6568E-01  5.3063E-01  2.0265E-01  1.0723E+00  3.8451E+00  1.0817E-02  3.8451E+00
  3.6665E-01  5.3527E-01  2.0612E-01  1.0778E+00  3.8615E+00  1.0707E-02  3.8615E+00
  3.6760E-01  5.3979E-01  2.0952E-01  1.0830E+00  3.8783E+00  1.0679E-02  3.8783E+00
  3.6856E-01  5.4430E-01  2.1293E-01  1.0882E+00  3.8959E+00  1.0743E-02  3.8959E+00
  3.6952E-01  5.4882E-01  2.1635E-01  1.0933E+00  3.9145E+00  1.0926E-02  3.9145E+00
  3.7049E-01  5.5334E-01  2.1980E-01  1.0983E+00  3.9338E+00  1.1285E-02  3.9338E+00
  3.7146E-01  5.5785E-01  2.2326E-01  1.1032E+00  3.9536E+00  1.1767E-02  3.9536E+00
  3.7243E-01  5.6237E-01  2.2673E-01  1.1081E+00  3.9732E+00  1.2119E-02  3.9732E+00
  3.7338E-01  5.6676E-01  2.3013E-01  1.1128E+00  3.9915E+00  1.2275E-02  3.9915E+00
  3.7434E-01  5.7116E-01  2.3354E-01  1.1174E+00  4.0087E+00  1.2412E-02  4.0087E+00
  3.7530E-01  5.7555E-01  2.3697E-01  1.1220E+00  4.0247E+00  1.2793E-02  4.0246E+00
  3.7626E-01  5.7995E-01  2.4041E-01  1.1265E+00  4.0386E+00  1.3941E-02  4.0386E+00
  3.7723E-01  5.8434E-01  2.4386E-01  1.1309E+00  4.0492E+00  1.6274E-02  4.0492E+00
  3.7820E-01  5.8874E-01  2.4732E-01  1.1353E+00  4.0546E+00  1.9853E-02  4.0545E+00
  3.7918E-01  5.9313E-01  2.5078E-01  1.1396E+00  4.0532E+00  2.4603E-02  4.0531E+00
  3.8013E-01  5.9740E-01  2.5414E-01  1.1437E+00  4.0447E+00  3.0491E-02  4.0446E+00
  3.8109E-01  6.0168E-01  2.5749E-01  1.1477E+00  4.0280E+00  3.8964E-02  4.0278E+00
  3.8204E-01  6.0595E-01  2.6082E-01  1.1516E+00  4.0000E+00  5.2231E-02  3.9998E+00
  3.8303E-01  6.1034E-01  2.6421E-01  1.1556E+00  3.9540E+00  7.1476E-02  3.9535E+00
  3.8400E-01  6.1462E-01  2.6746E-01  1.1593E+00  3.8870E+00  9.3959E-02  3.8861E+00
  3.8494E-01  6.1877E-01  2.7056E-01  1.1628E+00  3.7979E+00  1.1758E-01  3.7965E+00
  3.8591E-01  6.2304E-01  2.7366E-01  1.1662E+00  3.6803E+00  1.4285E-01  3.6783E+00
  3.8688E-01  6.2731E-01  2.7665E-01  1.1695E+00  3.5361E+00  1.6876E-01  3.5331E+00
  3.8783E-01  6.3146E-01  2.7943E-01  1.1725E+00  3.3701E+00  1.9438E-01  3.3660E+00
  3.8881E-01  6.3573E-01  2.8214E-01  1.1754E+00  3.1723E+00  2.2108E-01  3.1668E+00
  3.8976E-01  6.3988E-01  2.8460E-01  1.1780E+00  2.9543E+00  2.4673E-01  2.9468E+00
  3.9072E-01  6.4403E-01  2.8687E-01  1.1804E+00  2.7119E+00  2.6942E-01  2.7022E+00
  3.9170E-01  6.4831E-01  2.8900E-01  1.1825E+00  2.4420E+00  2.8412E-01  2.4301E+00
  3.9266E-01  6.5246E-01  2.9084E-01  1.1844E+00  2.1701E+00  2.8666E-01  2.1566E+00
  3.9362E-01  6.5661E-01  2.9246E-01  1.1861E+00  1.8996E+00  2.7979E-01  1.8849E+00
  3.9458E-01  6.6076E-01  2.9387E-01  1.1875E+00  1.6387E+00  2.6598E-01  1.6233E+00
  3.9554E-01  6.6491E-01  2.9507E-01  1.1887E+00  1.3936E+00  2.4585E-01  1.3782E+00
  3.9650E-01  6.6906E-01  2.9607E-01  1.1897E+00  1.1698E+00  2.2099E-01  1.1550E+00
  3.9747E-01  6.7321E-01  2.9691E-01  1.1906E+00  9.7086E-01  1.9373E-01  9.5712E-01
  3.9843E-01  6.7736E-01  2.9760E-01  1.1913E+00  7.9819E-01  1.6618E-01  7.8590E-01
  3.9939E-01  6.8151E-01  2.9816E-01  1.1918E+00  6.5133E-01  1.3996E-01  6.4066E-01
  4.0036E-01  6.8566E-01  2.9861E-01  1.1923E+00  5.2852E-01  1.1619E-01  5.1946E-01
  4.0132E-01  6.8981E-01  2.9897E-01  1.1926E+00  4.2717E-01  9.5434E-02  4.1961E-01
  4.0229E-01  6.9396E-01  2.9926E-01  1.1929E+00  3.4435E-01  7.7860E-02  3.3811E-01
  4.0326E-01  6.9811E-01  2.9949E-01  1.1932E+00  2.7714E-01  6.3341E-02  2.7201E-01
  4.0422E-01  7.0226E-01  2.9967E-01  1.1934E+00  2.2284E-01  5.1585E-02  2.1861E-01
  4.0519E-01  7.0641E-01  2.9981E-01  1.1935E+00  1.7910E-01  4.2232E-02  1.7557E-01
  4.0615E-01  7.1056E-01  2.9992E-01  1.1937E+00  1.4391E-01  3.4914E-02  1.4091E-01
  4.0709E-01  7.1459E-01  3.0000E-01  1.1938E+00  1.1639E-01  2.9434E-02  1.1375E-01
  4.0806E-01  7.1874E-01  3.0006E-01  1.1938E+00  9.3575E-02  2.5163E-02  9.1170E-02
  4.0902E-01  7.2289E-01  3.0011E-01  1.1939E+00  7.5326E-02  2.2030E-02  7.3031E-02
  4.0999E-01  7.2704E-01  3.0014E-01  1.1939E+00  6.0805E-02  1.9802E-02  5.8500E-02
  4.1096E-01  7.3119E-01  3.0016E-01  1.1940E+00  4.9345E-02  1.8281E-02  4.6909E-02
  4.1192E-01  7.3534E-01  3.0018E-01  1.1940E+00  4.0413E-02  1.7293E-02  3.7728E-02
  4.1289E-01  7.3949E-01  3.0019E-01  1.1941E+00  3.3577E-02  1.6693E-02  3.0528E-02
  4.1386E-01  7.4364E-01  3.0019E-01  1.1941E+00  2.8475E-02  1.6366E-02  2.4959E-02
  4.1482E-01  7.4779E-01  3.0019E-01  1.1941E+00  2.4791E-02  1.6223E-02  2.0736E-02
  4.1579E-01  7.5194E-01  3.0018E-01  1.1941E+00  2.2240E-02  1.6202E-02  1.7621E-02
  4.1673E-01  7.5597E-01  3.0018E-01  1.1941E+00  2.0604E-02  1.6253E-02  1.5468E-02
  4.1769E-01  7.6012E-01  3.0017E-01  1.1941E+00  1.9570E-02  1.6351E-02  1.3982E-02
  4.1866E-01  7.6427E-01  3.0016E-01  1.1941E+00  1.9021E-02  1.6472E-02  1.3096E-02
  4.1963E-01  7.6842E-01  3.0015E-01  1.1942E+00  1.8824E-02  1.6604E-02  1.2689E-02
  4.2059E-01  7.7257E-01  3.0014E-01  1.1942E+00  1.8886E-02  1.6738E-02  1.2658E-02
  4.2156E-01  7.7672E-01  3.0013E-01  1.1942E+00  1.9141E-02  1.6869E-02  1.2916E-02
  4.2252E-01  7.8087E-01  3.0012E-01  1.1942E+00  1.9539E-02  1.6994E-02  1.3389E-02
  4.2349E-01  7.8502E-01  3.0011E-01  1.1942E+00  2.0046E-02  1.7113E-02  1.4017E-02
  4.2446E-01  7.8918E-01  3.0010E-01  1.1942E+00  2.0632E-02  1.7225E-02  1.4752E-02
  4.2539E-01  7.9320E-01  3.0009E-01  1.1942E+00  2.1253E-02  1.7328E-02  1.5528E-02
  4.2636E-01  7.9735E-01  3.0008E-01  1.1942E+00  2.1926E-02  1.7429E-02  1.6364E-02
  4.2733E-01  8.0150E-01  3.0007E-01  1.1942E+00  2.2617E-02  1.7526E-02  1.7210E-02
  4.2829E-01  8.0565E-01  3.0007E-01  1.1943E+00  2.3311E-02  1.7619E-02  1.8048E-02
  4.2926E-01  8.0980E-01  3.0006E-01  1.1943E+00  2.3996E-02  1.7710E-02  1.8865E-02
  4.3023E-01  8.1396E-01  3.0005E-01  1.1943E+00  2.4663E-02  1.7798E-02  1.9652E-02
  4.3119E-01  8.1811E-01  3.0005E-01  1.1943E+00  2.5307E-02  1.7885E-02  2.0400E-02
  4.3216E-01  8.2226E-01  3.0004E-01  1.1943E+00  2.5922E-02  1.7972E-02  2.1107E-02
  4.3312E-01  8.2641E-01  3.0004E-01  1.1943E+00  2.6505E-02  1.8057E-02  2.1770E-02
  4.3409E-01  8.3056E-01  3.0003E-01  1.1944E+00  2.7055E-02  1.8143E-02  2.2388E-02
  4.3503E-01  8.3459E-01  3.0003E-01  1.1944E+00  2.7556E-02  1.8226E-02  2.2945E-02
  4.3599E-01  8.3874E-01  3.0003E-01  1.1944E+00  2.8039E-02  1.8311E-02  2.3477E-02
  4.3696E-01  8.4289E-01  3.0002E-01  1.1944E+00  2.8489E-02  1.8396E-02  2.3966E-02
  4.3793E-01  8.4704E-01  3.0002E-01  1.1944E+00  2.8906E-02  1.8482E-02  2.4415E-02
  4.3889E-01  8.5119E-01  3.0002E-01  1.1944E+00  2.9292E-02  1.8568E-02  2.4826E-02
  4.3986E-01  8.5534E-01  3.0002E-01  1.1945E+00  2.9648E-02  1.8654E-02  2.5201E-02
  4.4083E-01  8.5949E-01  3.0001E-01  1.1945E+00  2.9975E-02  1.8741E-02  2.5541E-02
  4.4179E-01  8.6364E-01  3.0001E-01  1.1945E+00  3.0275E-02  1.8828E-02  2.5848E-02
  4.4276E-01  8.6779E-01  3.0001E-01  1.1945E+00  3.0549E-02  1.8916E-02  2.6124E-02
  4.4372E-01  8.7194E-01  3.0001E-01  1.1945E+00  3.0798E-02  1.8994E-02  2.6376E-02
  4.4466E-01  8.7597E-01  3.0001E-01  1.1946E+00  3.1029E-02  1.9015E-02  2.6635E-02
  4.4563E-01  8.8012E-01  3.0000E-01  1.1946E+00  3.1355E-02  1.8961E-02  2.7041E-02
  4.4659E-01  8.8427E-01  3.0000E-01  1.1946E+00  3.2027E-02  1.9151E-02  2.7726E-02
  4.4756E-01  8.8842E-01  3.0000E-01  1.1946E+00  3.2906E-02  1.9550E-02  2.8548E-02
  4.4853E-01  8.9257E-01  3.0000E-01  1.1947E+00  3.3470E-02  1.9633E-02  2.9158E-02
  4.4949E-01  8.9672E-01  3.0000E-01  1.1947E+00  3.3718E-02  1.9580E-02  2.9466E-02
  4.5046E-01  9.0087E-01  3.0000E-01  1.1947E+00  3.3881E-02  1.9623E-02  2.9633E-02
  4.5143E-01  9.0502E-01  3.0000E-01  1.1947E+00  3.4037E-02  1.9705E-02  2.9774E-02
  4.5239E-01  9.0917E-01  3.0000E-01  1.1947E+00  3.4194E-02  1.9792E-02  2.9914E-02
  4.5336E-01  9.1332E-01  3.0000E-01  1.1948E+00  3.4351E-02  1.9882E-02  3.0051E-02
  4.5430E-01  9.1735E-01  3.0000E-01  1.1948E+00  3.4504E-02  1.9970E-02  3.0185E-02
  4.5526E-01  9.2150E-01  3.0000E-01  1.1948E+00  3.4661E-02  2.0061E-02  3.0323E-02
  4.5623E-01  9.2565E-01  3.0000E-01  1.1948E+00  3.4819E-02  2.0152E-02  3.0461E-02
  4.5719E-01  9.2980E-01  3.0000E-01  1.1949E+00  3.4977E-02  2.0243E-02  3.0600E-02
  4.5816E-01  9.3395E-01  3.0000E-01  1.1949E+00  3.5135E-02  2.0335E-02  3.0739E-02
  4.5913E-01  9.3810E-01  3.0000E-01  1.1949E+00  3.5294E-02  2.0426E-02  3.0878E-02
  4.6009E-01  9.4225E-01  3.0000E-01  1.1949E+00  3.5453E-02  2.0518E-02  3.1017E-02
  4.6106E-01  9.4640E-01  3.0000E-01  1.1950E+00  3.5612E-02  2.0610E-02  3.1157E-02
  4.6203E-01  9.5055E-01  3.0000E-01  1.1950E+00  3.5771E-02  2.0702E-02  3.1296E-02
  4.6299E-01  9.5470E-01  3.0000E-01  1.1950E+00  3.5931E-02  2.0794E-02  3.1436E-02
  4.6393E-01  9.5873E-01  3.0000E-01  1.1950E+00  3.6086E-02  2.0883E-02  3.1572E-02
  4.6490E-01  9.6288E-01  3.0000E-01  1.1951E+00  3.6246E-02  2.0975E-02  3.1713E-02
  4.6586E-01  9.6703E-01  3.0000E-01  1.1951E+00  3.6406E-02  2.1068E-02  3.1854E-02
  4.6683E-01  9.7118E-01  3.0000E-01  1.1951E+00  3.6567E-02  2.1161E-02  3.1994E-02
  4.6779E-01  9.7533E-01  3.0000E-01  1.1951E+00  3.6728E-02  2.1253E-02  3.2136E-02
  4.6876E-01  9.7948E-01  3.0000E-01  1.1952E+00  3.6889E-02  2.1346E-02  3.2277E-02
  4.6973E-01  9.8363E-01  3.0000E-01  1.1952E+00  3.7051E-02  2.1440E-02  3.2419E-02
  4.7069E-01  9.8778E-01  3.0000E-01  1.1952E+00  3.7212E-02  2.1533E-02  3.2561E-02
  4.7166E-01  9.9193E-01  3.0000E-01  1.1952E+00  3.7374E-02  2.1626E-02  3.2703E-02
  4.7262E-01  9.9608E-01  3.0000E-01  1.1953E+00  3.7537E-02  2.1720E-02  3.2845E-02
  4.7356E-01  1.0001E+00  3.0000E-01  1.1953E+00  3.7695E-02  2.1811E-02  3.2984E-02
  4.7453E-01  1.0043E+00  3.0000E-01  1.1953E+00  3.7857E-02  2.1905E-02  3.3126E-02
  4.7549E-01  1.0084E+00  3.0000E-01  1.1953E+00  3.8020E-02  2.1999E-02  3.3269E-02
  4.7646E-01  1.0126E+00  3.0000E-01  1.1954E+00  3.8184E-02  2.2093E-02  3.3413E-02
  4.7743E-01  1.0167E+00  3.0000E-01  1.1954E+00  3.8347E-02  2.2187E-02  3.3556E-02
  4.7839E-01  1.0209E+00  3.0000E-01  1.1954E+00  3.8511E-02  2.2282E-02  3.3700E-02
  4.7936E-01  1.0250E+00  3.0000E-01  1.1954E+00  3.8675E-02  2.2376E-02  3.3844E-02
  4.8033E-01  1.0292E+00  3.0000E-01  1.1955E+00  3.8840E-02  2.2471E-02  3.3989E-02
  4.8129E-01  1.0333E+00  3.0000E-01  1.1955E+00  3.9005E-02  2.2566E-02  3.4133E-02
  4.8226E-01  1.0375E+00  3.0000E-01  1.1955E+00  3.9170E-02  2.2661E-02  3.4278E-02
  4.8320E-01  1.0415E+00  3.0000E-01  1.1956E+00  3.9330E-02  2.2753E-02  3.4419E-02
  4.8416E-01  1.0456E+00  3.0000E-01  1.1956E+00  3.9496E-02  2.2849E-02  3.4564E-02
  4.8513E-01  1.0498E+00  3.0000E-01  1.1956E+00  3.9662E-02  2.2945E-02  3.4710E-02
  4.8609E-01  1.0539E+00  3.0000E-01  1.1956E+00  3.9828E-02  2.3040E-02  3.4856E-02
  4.8706E-01  1.0581E+00  3.0000E-01  1.1957E+00  3.9994E-02  2.3136E-02  3.5002E-02
  4.8803E-01  1.0622E+00  3.0000E-01  1.1957E+00  4.0161E-02  2.3232E-02  3.5148E-02
  4.8899E-01  1.0664E+00  3.0000E-01  1.1957E+00  4.0328E-02  2.3328E-02  3.5295E-02
  4.8996E-01  1.0705E+00  3.0000E-01  1.1957E+00  4.0495E-02  2.3425E-02  3.5441E-02
  4.9093E-01  1.0747E+00  3.0000E-01  1.1958E+00  4.0663E-02  2.3521E-02  3.5589E-02
  4.9189E-01  1.0788E+00  3.0000E-01  1.1958E+00  4.0831E-02  2.3618E-02  3.5736E-02
  4.9283E-01  1.0829E+00  3.0000E-01  1.1958E+00  4.0994E-02  2.3712E-02  3.5879E-02
  4.9380E-01  1.0870E+00  3.0000E-01  1.1959E+00  4.1163E-02  2.3809E-02  3.6027E-02
  4.9476E-01  1.0912E+00  3.0000E-01  1.1959E+00  4.1331E-02  2.3906E-02  3.6175E-02
  4.9573E-01  1.0953E+00  3.0000E-01  1.1959E+00  4.1500E-02  2.4004E-02  3.6324E-02
  4.9669E-01  1.0995E+00  3.0000E-01  1.1959E+00  4.1670E-02  2.4101E-02  3.6473E-02
  4.9766E-01  1.1036E+00  3.0000E-01  1.1960E+00  4.1840E-02  2.4199E-02  3.6622E-02
  4.9863E-01  1.1078E+00  3.0000E-01  1.1960E+00  4.2009E-02  2.4297E-02  3.6771E-02
  4.9959E-01  1.1119E+00  3.0000E-01  1.1960E+00  4.2180E-02  2.4395E-02  3.6920E-02
  5.0056E-01  1.1161E+00  3.0000E-01  1.1961E+00  4.2350E-02  2.4493E-02  3.7070E-02
  5.0153E-01  1.1202E+00  3.0000E-01  1.1961E+00  4.2521E-02  2.4592E-02  3.7220E-02
  5.0246E-01  1.1243E+00  3.0000E-01  1.1961E+00  4.2687E-02  2.4687E-02  3.7366E-02
  5.0343E-01  1.1284E+00  3.0000E-01  1.1961E+00  4.2859E-02  2.4786E-02  3.7517E-02
  5.0440E-01  1.1326E+00  3.0000E-01  1.1962E+00  4.3030E-02  2.4885E-02  3.7667E-02
  5.0536E-01  1.1367E+00  3.0000E-01  1.1962E+00  4.3202E-02  2.4984E-02  3.7818E-02
  5.0633E-01  1.1409E+00  3.0000E-01  1.1962E+00  4.3375E-02  2.5083E-02  3.7970E-02
  5.0729E-01  1.1450E+00  3.0000E-01  1.1963E+00  4.3547E-02  2.5182E-02  3.8122E-02
  5.0826E-01  1.1492E+00  3.0000E-01  1.1963E+00  4.3720E-02  2.5282E-02  3.8274E-02
  5.0923E-01  1.1533E+00  3.0000E-01  1.1963E+00  4.3894E-02  2.5381E-02  3.8426E-02
  5.1019E-01  1.1575E+00  3.0000E-01  1.1964E+00  4.4067E-02  2.5481E-02  3.8578E-02
  5.1116E-01  1.1616E+00  3.0000E-01  1.1964E+00  4.4241E-02  2.5581E-02  3.8731E-02
  5.1210E-01  1.1656E+00  3.0000E-01  1.1964E+00  4.4410E-02  2.5678E-02  3.8880E-02
  5.1306E-01  1.1698E+00  3.0000E-01  1.1964E+00  4.4585E-02  2.5779E-02  3.9033E-02
  5.1403E-01  1.1739E+00  3.0000E-01  1.1965E+00  4.4760E-02  2.5879E-02  3.9187E-02
  5.1500E-01  1.1781E+00  3.0000E-01  1.1965E+00  4.4935E-02  2.5980E-02  3.9341E-02
  5.1596E-01  1.1822E+00  3.0000E-01  1.1965E+00  4.5110E-02  2.6080E-02  3.9495E-02
  5.1693E-01  1.1864E+00  3.0000E-01  1.1966E+00  4.5286E-02  2.6181E-02  3.9650E-02
  5.1789E-01  1.1905E+00  3.0000E-01  1.1966E+00  4.5462E-02  2.6282E-02  3.9804E-02
  5.1886E-01  1.1947E+00  3.0000E-01  1.1966E+00  4.5639E-02  2.6383E-02  3.9960E-02
  5.1983E-01  1.1988E+00  3.0000E-01  1.1967E+00  4.5815E-02  2.6485E-02  4.0115E-02
  5.2076E-01  1.2029E+00  3.0000E-01  1.1967E+00  4.5987E-02  2.6583E-02  4.0266E-02
  5.2173E-01  1.2070E+00  3.0000E-01  1.1967E+00  4.6165E-02  2.6685E-02  4.0422E-02
  5.2270E-01  1.2112E+00  3.0000E-01  1.1968E+00  4.6342E-02  2.6787E-02  4.0579E-02
  5.2366E-01  1.2153E+00  3.0000E-01  1.1968E+00  4.6520E-02  2.6889E-02  4.0735E-02
  5.2463E-01  1.2195E+00  3.0000E-01  1.1968E+00  4.6699E-02  2.6991E-02  4.0892E-02
  5.2559E-01  1.2236E+00  3.0000E-01  1.1969E+00  4.6878E-02  2.7094E-02  4.1049E-02
  5.2656E-01  1.2278E+00  3.0000E-01  1.1969E+00  4.7057E-02  2.7196E-02  4.1207E-02
  5.2753E-01  1.2319E+00  3.0000E-01  1.1969E+00  4.7236E-02  2.7299E-02  4.1365E-02
  5.2849E-01  1.2361E+00  3.0000E-01  1.1970E+00  4.7416E-02  2.7402E-02  4.1523E-02
  5.2946E-01  1.2402E+00  3.0000E-01  1.1970E+00  4.7596E-02  2.7505E-02  4.1682E-02
  5.3040E-01  1.2443E+00  3.0000E-01  1.1970E+00  4.7771E-02  2.7605E-02  4.1836E-02
  5.3136E-01  1.2484E+00  3.0000E-01  1.1971E+00  4.7952E-02  2.7709E-02  4.1995E-02
  5.3233E-01  1.2526E+00  3.0000E-01  1.1971E+00  4.8133E-02  2.7812E-02  4.2154E-02
  5.3330E-01  1.2567E+00  3.0000E-01  1.1971E+00  4.8314E-02  2.7916E-02  4.2314E-02
  5.3426E-01  1.2609E+00  3.0000E-01  1.1972E+00  4.8496E-02  2.8020E-02  4.2474E-02
  5.3523E-01  1.2650E+00  3.0000E-01  1.1972E+00  4.8678E-02  2.8124E-02  4.2634E-02
  5.3619E-01  1.2692E+00  3.0000E-01  1.1972E+00  4.8860E-02  2.8228E-02  4.2795E-02
  5.3716E-01  1.2733E+00  3.0000E-01  1.1973E+00  4.9043E-02  2.8332E-02  4.2956E-02
  5.3813E-01  1.2775E+00  3.0000E-01  1.1973E+00  4.9226E-02  2.8437E-02  4.3117E-02
  5.3909E-01  1.2816E+00  3.0000E-01  1.1973E+00  4.9409E-02  2.8541E-02  4.3279E-02
  5.4003E-01  1.2856E+00  3.0000E-01  1.1974E+00  4.9588E-02  2.8643E-02  4.3436E-02
  5.4100E-01  1.2898E+00  3.0000E-01  1.1974E+00  4.9772E-02  2.8748E-02  4.3598E-02
  5.4196E-01  1.2939E+00  3.0000E-01  1.1974E+00  4.9956E-02  2.8853E-02  4.3761E-02
  5.4293E-01  1.2981E+00  3.0000E-01  1.1975E+00  5.0141E-02  2.8959E-02  4.3924E-02
  5.4390E-01  1.3022E+00  3.0000E-01  1.1975E+00  5.0326E-02  2.9064E-02  4.4087E-02
  5.4486E-01  1.3064E+00  3.0000E-01  1.1975E+00  5.0512E-02  2.9170E-02  4.4250E-02
  5.4583E-01  1.3105E+00  3.0000E-01  1.1976E+00  5.0698E-02  2.9276E-02  4.4414E-02
  5.4679E-01  1.3147E+00  3.0000E-01  1.1976E+00  5.0884E-02  2.9382E-02  4.4579E-02
  5.4776E-01  1.3188E+00  3.0000E-01  1.1976E+00  5.1071E-02  2.9488E-02  4.4743E-02
  5.4873E-01  1.3230E+00  3.0000E-01  1.1977E+00  5.1258E-02  2.9595E-02  4.4908E-02
  5.4966E-01  1.3270E+00  3.0000E-01  1.1977E+00  5.1440E-02  2.9698E-02  4.5069E-02
  5.5063E-01  1.3312E+00  3.0000E-01  1.1977E+00  5.1627E-02  2.9805E-02  4.5234E-02
  5.5160E-01  1.3353E+00  3.0000E-01  1.1978E+00  5.1815E-02  2.9912E-02  4.5400E-02
  5.5256E-01  1.3395E+00  3.0000E-01  1.1978E+00  5.2004E-02  3.0019E-02  4.5567E-02
  5.5353E-01  1.3436E+00  3.0000E-01  1.1978E+00  5.2193E-02  3.0126E-02  4.5733E-02
  5.5450E-01  1.3478E+00  3.0000E-01  1.1979E+00  5.2382E-02  3.0233E-02  4.5900E-02
  5.5546E-01  1.3519E+00  3.0000E-01  1.1979E+00  5.2571E-02  3.0341E-02  4.6068E-02
  5.5643E-01  1.3561E+00  3.0000E-01  1.1980E+00  5.2761E-02  3.0449E-02  4.6235E-02
  5.5739E-01  1.3602E+00  3.0000E-01  1.1980E+00  5.2952E-02  3.0557E-02  4.6404E-02
  5.5836E-01  1.3644E+00  3.0000E-01  1.1980E+00  5.3142E-02  3.0665E-02  4.6572E-02
  5.5930E-01  1.3684E+00  3.0000E-01  1.1981E+00  5.3328E-02  3.0770E-02  4.6736E-02
  5.6026E-01  1.3725E+00  3.0000E-01  1.1981E+00  5.3519E-02  3.0879E-02  4.6905E-02
  5.6123E-01  1.3767E+00  3.0000E-01  1.1981E+00  5.3711E-02  3.0987E-02  4.7074E-02
  5.6220E-01  1.3808E+00  3.0000E-01  1.1982E+00  5.3904E-02  3.1096E-02  4.7244E-02
  5.6316E-01  1.3850E+00  3.0000E-01  1.1982E+00  5.4096E-02  3.1206E-02  4.7415E-02
  5.6413E-01  1.3891E+00  3.0000E-01  1.1982E+00  5.4289E-02  3.1315E-02  4.7585E-02
  5.6509E-01  1.3933E+00  3.0000E-01  1.1983E+00  5.4483E-02  3.1425E-02  4.7756E-02
  5.6606E-01  1.3974E+00  3.0000E-01  1.1983E+00  5.4677E-02  3.1535E-02  4.7927E-02
  5.6703E-01  1.4016E+00  3.0000E-01  1.1984E+00  5.4871E-02  3.1645E-02  4.8099E-02
  5.6799E-01  1.4058E+00  3.0000E-01  1.1984E+00  5.5066E-02  3.1756E-02  4.8271E-02
  5.6893E-01  1.4098E+00  3.0000E-01  1.1984E+00  5.5256E-02  3.1863E-02  4.8439E-02
  5.6990E-01  1.4139E+00  3.0000E-01  1.1985E+00  5.5451E-02  3.1974E-02  4.8611E-02
  5.7086E-01  1.4181E+00  3.0000E-01  1.1985E+00  5.5647E-02  3.2086E-02  4.8784E-02
  5.7183E-01  1.4222E+00  3.0000E-01  1.1986E+00  5.5844E-02  3.2197E-02  4.8958E-02
  5.7280E-01  1.4264E+00  3.0000E-01  1.1986E+00  5.6041E-02  3.2309E-02  4.9132E-02
  5.7376E-01  1.4305E+00  3.0000E-01  1.1986E+00  5.6238E-02  3.2421E-02  4.9306E-02
  5.7473E-01  1.4347E+00  3.0000E-01  1.1987E+00  5.6435E-02  3.2533E-02  4.9481E-02
  5.7569E-01  1.4388E+00  3.0000E-01  1.1987E+00  5.6633E-02  3.2645E-02  4.9656E-02
  5.7666E-01  1.4430E+00  3.0000E-01  1.1987E+00  5.6832E-02  3.2757E-02  4.9831E-02
  5.7763E-01  1.4471E+00  3.0000E-01  1.1988E+00  5.7031E-02  3.2870E-02  5.0007E-02
  5.7856E-01  1.4512E+00  3.0000E-01  1.1988E+00  5.7224E-02  3.2979E-02  5.0178E-02
  5.7953E-01  1.4553E+00  3.0000E-01  1.1989E+00  5.7424E-02  3.3092E-02  5.0354E-02
  5.8050E-01  1.4595E+00  3.0000E-01  1.1989E+00  5.7624E-02  3.3206E-02  5.0531E-02
  5.8146E-01  1.4636E+00  3.0000E-01  1.1989E+00  5.7824E-02  3.3319E-02  5.0708E-02
  5.8243E-01  1.4678E+00  3.0000E-01  1.1990E+00  5.8025E-02  3.3433E-02  5.0886E-02
  5.8340E-01  1.4719E+00  3.0000E-01  1.1990E+00  5.8226E-02  3.3547E-02  5.1064E-02
  5.8436E-01  1.4761E+00  3.0000E-01  1.1991E+00  5.8428E-02  3.3661E-02  5.1242E-02
  5.8533E-01  1.4802E+00  3.0000E-01  1.1991E+00  5.8630E-02  3.3776E-02  5.1421E-02
  5.8629E-01  1.4844E+00  3.0000E-01  1.1991E+00  5.8833E-02  3.3891E-02  5.1600E-02
  5.8726E-01  1.4885E+00  3.0000E-01  1.1992E+00  5.9036E-02  3.4006E-02  5.1780E-02
  5.8820E-01  1.4925E+00  3.0000E-01  1.1992E+00  5.9234E-02  3.4118E-02  5.1954E-02
  5.8916E-01  1.4967E+00  3.0000E-01  1.1993E+00  5.9437E-02  3.4233E-02  5.2134E-02
  5.9013E-01  1.5008E+00  3.0000E-01  1.1993E+00  5.9642E-02  3.4349E-02  5.2315E-02
  5.9110E-01  1.5050E+00  3.0000E-01  1.1993E+00  5.9847E-02  3.4465E-02  5.2496E-02
  5.9206E-01  1.5091E+00  3.0000E-01  1.1994E+00  6.0052E-02  3.4582E-02  5.2677E-02
  5.9303E-01  1.5133E+00  3.0000E-01  1.1994E+00  6.0257E-02  3.4698E-02  5.2859E-02
  5.9400E-01  1.5174E+00  3.0000E-01  1.1995E+00  6.0463E-02  3.4815E-02  5.3041E-02
  5.9600E-01  1.5261E+00  3.0000E-01  1.1996E+00  6.0892E-02  3.5058E-02  5.3420E-02
