  3.0787E-01  6.5422E-02  7.2819E-02  4.0410E-01  6.4294E-01  8.5550E-03 -5.9692E-01
  3.0883E-01  9.5085E-02  7.2611E-02  4.0320E-01  1.2868E+00  1.4851E-02 -1.2550E+00
  3.0979E-01  1.1742E-01  7.2294E-02  4.0172E-01  1.8431E+00  1.9371E-02 -1.8186E+00
  3.1076E-01  1.3622E-01  7.1885E-02  3.9972E-01  2.3107E+00  2.2678E-02 -2.2909E+00
  3.1172E-01  1.5258E-01  7.1406E-02  3.9733E-01  2.6910E+00  2.5021E-02 -2.6745E+00
  3.1268E-01  1.6735E-01  7.0866E-02  3.9460E-01  2.9978E+00  2.6662E-02 -2.9838E+00
  3.1365E-01  1.8090E-01  7.0277E-02  3.9160E-01  3.2405E+00  2.7780E-02 -3.2286E+00
  3.1461E-01  1.9347E-01  6.9652E-02  3.8838E-01  3.4286E+00  2.8511E-02 -3.4182E+00
  3.1558E-01  2.0519E-01  6.9000E-02  3.8502E-01  3.5698E+00  2.8963E-02 -3.5606E+00
  3.1655E-01  2.1630E-01  6.8324E-02  3.8151E-01  3.6729E+00  2.9229E-02 -3.6648E+00
  3.1750E-01  2.2668E-01  6.7644E-02  3.7798E-01  3.7429E+00  2.9374E-02 -3.7355E+00
  3.1847E-01  2.3669E-01  6.6945E-02  3.7434E-01  3.7876E+00  2.9455E-02 -3.7809E+00
  3.1943E-01  2.4621E-01  6.6245E-02  3.7068E-01  3.8108E+00  2.9493E-02 -3.8047E+00
  3.2040E-01  2.5536E-01  6.5541E-02  3.6700E-01  3.8170E+00  2.9504E-02 -3.8113E+00
  3.2136E-01  2.6415E-01  6.4840E-02  3.6333E-01  3.8093E+00  2.9496E-02 -3.8039E+00
  3.2232E-01  2.7257E-01  6.4147E-02  3.5970E-01  3.7903E+00  2.9478E-02 -3.7852E+00
  3.2329E-01  2.8088E-01  6.3445E-02  3.5602E-01  3.7614E+00  2.9457E-02 -3.7566E+00
  3.2425E-01  2.8881E-01  6.2759E-02  3.5243E-01  3.7254E+00  2.9438E-02 -3.7208E+00
  3.2521E-01  2.9650E-01  6.2082E-02  3.4887E-01  3.6832E+00  2.9426E-02 -3.6788E+00
  3.2619E-01  3.0407E-01  6.1405E-02  3.4532E-01  3.6356E+00  2.9425E-02 -3.6313E+00
  3.2713E-01  3.1127E-01  6.0753E-02  3.4190E-01  3.5852E+00  2.9438E-02 -3.5810E+00
  3.2811E-01  3.1847E-01  6.0094E-02  3.3845E-01  3.5306E+00  2.9466E-02 -3.5265E+00
  3.2907E-01  3.2543E-01  5.9453E-02  3.3508E-01  3.4742E+00  2.9509E-02 -3.4702E+00
  3.3003E-01  3.3227E-01  5.8819E-02  3.3176E-01  3.4161E+00  2.9566E-02 -3.4121E+00
  3.3100E-01  3.3898E-01  5.8195E-02  3.2848E-01  3.3567E+00  2.9636E-02 -3.3528E+00
  3.3195E-01  3.4545E-01  5.7591E-02  3.2532E-01  3.2978E+00  2.9715E-02 -3.2939E+00
  3.3292E-01  3.5192E-01  5.6987E-02  3.2215E-01  3.2375E+00  2.9804E-02 -3.2336E+00
  3.3389E-01  3.5827E-01  5.6394E-02  3.1905E-01  3.1774E+00  2.9902E-02 -3.1735E+00
  3.3486E-01  3.6449E-01  5.5814E-02  3.1601E-01  3.1177E+00  3.0005E-02 -3.1139E+00
  3.3582E-01  3.7060E-01  5.5246E-02  3.1304E-01  3.0589E+00  3.0115E-02 -3.0550E+00
  3.3678E-01  3.7658E-01  5.4691E-02  3.1013E-01  3.0010E+00  3.0228E-02 -2.9971E+00
  3.3773E-01  3.8244E-01  5.4150E-02  3.0730E-01  2.9443E+00  3.0344E-02 -2.9404E+00
  3.3870E-01  3.8830E-01  5.3611E-02  3.0449E-01  2.8878E+00  3.0464E-02 -2.8839E+00
  3.3968E-01  3.9416E-01  5.3075E-02  3.0169E-01  2.8317E+00  3.0587E-02 -2.8278E+00
  3.4063E-01  3.9977E-01  5.2564E-02  2.9902E-01  2.7785E+00  3.0708E-02 -2.7745E+00
  3.4159E-01  4.0539E-01  5.2056E-02  2.9638E-01  2.7258E+00  3.0831E-02 -2.7218E+00
  3.4256E-01  4.1100E-01  5.1552E-02  2.9375E-01  2.6739E+00  3.0954E-02 -2.6698E+00
  3.4353E-01  4.1650E-01  5.1062E-02  2.9120E-01  2.6239E+00  3.1075E-02 -2.6198E+00
  3.4448E-01  4.2187E-01  5.0586E-02  2.8872E-01  2.5759E+00  3.1193E-02 -2.5717E+00
  3.4545E-01  4.2724E-01  5.0114E-02  2.8626E-01  2.5288E+00  3.1311E-02 -2.5246E+00
  3.4642E-01  4.3261E-01  4.9645E-02  2.8383E-01  2.4827E+00  3.1428E-02 -2.4785E+00
  3.4738E-01  4.3786E-01  4.9191E-02  2.8147E-01  2.4387E+00  3.1541E-02 -2.4344E+00
  3.4835E-01  4.4311E-01  4.8740E-02  2.7913E-01  2.3957E+00  3.1653E-02 -2.3914E+00
  3.4930E-01  4.4823E-01  4.8303E-02  2.7687E-01  2.3548E+00  3.1761E-02 -2.3504E+00
  3.5027E-01  4.5336E-01  4.7869E-02  2.7462E-01  2.3149E+00  3.1868E-02 -2.3104E+00
  3.5124E-01  4.5849E-01  4.7439E-02  2.7239E-01  2.2761E+00  3.1972E-02 -2.2716E+00
  3.5219E-01  4.6349E-01  4.7022E-02  2.7024E-01  2.2393E+00  3.2073E-02 -2.2348E+00
  3.5316E-01  4.6850E-01  4.6609E-02  2.6810E-01  2.2036E+00  3.2172E-02 -2.1990E+00
  3.5413E-01  4.7350E-01  4.6198E-02  2.6598E-01  2.1691E+00  3.2270E-02 -2.1644E+00
  3.5508E-01  4.7838E-01  4.5801E-02  2.6393E-01  2.1364E+00  3.2364E-02 -2.1317E+00
  3.5604E-01  4.8327E-01  4.5407E-02  2.6190E-01  2.1048E+00  3.2456E-02 -2.1000E+00
  3.5701E-01  4.8815E-01  4.5016E-02  2.5988E-01  2.0743E+00  3.2546E-02 -2.0695E+00
  3.5798E-01  4.9303E-01  4.4627E-02  2.5788E-01  2.0449E+00  3.2635E-02 -2.0400E+00
  3.5894E-01  4.9779E-01  4.4251E-02  2.5595E-01  2.0173E+00  3.2721E-02 -2.0124E+00
  3.5990E-01  5.0255E-01  4.3877E-02  2.5402E-01  1.9907E+00  3.2805E-02 -1.9857E+00
  3.6086E-01  5.0732E-01  4.3506E-02  2.5211E-01  1.9651E+00  3.2887E-02 -1.9600E+00
  3.6184E-01  5.1208E-01  4.3137E-02  2.5022E-01  1.9404E+00  3.2968E-02 -1.9353E+00
  3.6279E-01  5.1671E-01  4.2780E-02  2.4839E-01  1.9173E+00  3.3047E-02 -1.9121E+00
  3.6375E-01  5.2135E-01  4.2425E-02  2.4656E-01  1.8950E+00  3.3124E-02 -1.8898E+00
  3.6471E-01  5.2599E-01  4.2072E-02  2.4475E-01  1.8736E+00  3.3200E-02 -1.8683E+00
  3.6568E-01  5.3063E-01  4.1721E-02  2.4295E-01  1.8530E+00  3.3276E-02 -1.8477E+00
  3.6665E-01  5.3527E-01  4.1371E-02  2.4116E-01  1.8332E+00  3.3351E-02 -1.8279E+00
  3.6760E-01  5.3979E-01  4.1033E-02  2.3943E-01  1.8148E+00  3.3422E-02 -1.8093E+00
  3.6856E-01  5.4430E-01  4.0697E-02  2.3771E-01  1.7971E+00  3.3492E-02 -1.7916E+00
  3.6952E-01  5.4882E-01  4.0361E-02  2.3599E-01  1.7800E+00  3.3559E-02 -1.7745E+00
  3.7049E-01  5.5334E-01  4.0028E-02  2.3429E-01  1.7635E+00  3.3625E-02 -1.7579E+00
  3.7146E-01  5.5785E-01  3.9696E-02  2.3259E-01  1.7475E+00  3.3687E-02 -1.7419E+00
  3.7243E-01  5.6237E-01  3.9365E-02  2.3090E-01  1.7318E+00  3.3748E-02 -1.7261E+00
  3.7338E-01  5.6676E-01  3.9045E-02  2.2926E-01  1.7168E+00  3.3804E-02 -1.7110E+00
  3.7434E-01  5.7116E-01  3.8726E-02  2.2763E-01  1.7018E+00  3.3857E-02 -1.6960E+00
  3.7530E-01  5.7555E-01  3.8408E-02  2.2601E-01  1.6867E+00  3.3909E-02 -1.6808E+00
  3.7626E-01  5.7995E-01  3.8092E-02  2.2439E-01  1.6713E+00  3.3959E-02 -1.6654E+00
  3.7723E-01  5.8434E-01  3.7778E-02  2.2279E-01  1.6556E+00  3.4008E-02 -1.6497E+00
  3.7820E-01  5.8874E-01  3.7465E-02  2.2119E-01  1.6393E+00  3.4054E-02 -1.6333E+00
  3.7918E-01  5.9313E-01  3.7154E-02  2.1961E-01  1.6221E+00  3.4100E-02 -1.6160E+00
  3.8013E-01  5.9740E-01  3.6853E-02  2.1808E-01  1.6042E+00  3.4148E-02 -1.5980E+00
  3.8109E-01  6.0168E-01  3.6555E-02  2.1656E-01  1.5846E+00  3.4206E-02 -1.5784E+00
  3.8204E-01  6.0595E-01  3.6259E-02  2.1506E-01  1.5630E+00  3.4287E-02 -1.5566E+00
  3.8303E-01  6.1034E-01  3.5958E-02  2.1353E-01  1.5380E+00  3.4407E-02 -1.5315E+00
  3.8400E-01  6.1462E-01  3.5668E-02  2.1206E-01  1.5105E+00  3.4578E-02 -1.5038E+00
  3.8494E-01  6.1877E-01  3.5391E-02  2.1066E-01  1.4804E+00  3.4806E-02 -1.4735E+00
  3.8591E-01  6.2304E-01  3.5110E-02  2.0925E-01  1.4457E+00  3.5114E-02 -1.4385E+00
  3.8688E-01  6.2731E-01  3.4834E-02  2.0787E-01  1.4069E+00  3.5500E-02 -1.3993E+00
  3.8783E-01  6.3146E-01  3.4572E-02  2.0656E-01  1.3652E+00  3.5947E-02 -1.3572E+00
  3.8881E-01  6.3573E-01  3.4309E-02  2.0525E-01  1.3183E+00  3.6461E-02 -1.3098E+00
  3.8976E-01  6.3988E-01  3.4060E-02  2.0403E-01  1.2693E+00  3.6967E-02 -1.2601E+00
  3.9072E-01  6.4403E-01  3.3819E-02  2.0285E-01  1.2176E+00  3.7421E-02 -1.2078E+00
  3.9170E-01  6.4831E-01  3.3580E-02  2.0169E-01  1.1627E+00  3.7766E-02 -1.1523E+00
  3.9266E-01  6.5246E-01  3.3355E-02  2.0061E-01  1.1093E+00  3.7933E-02 -1.0982E+00
  3.9362E-01  6.5661E-01  3.3140E-02  1.9958E-01  1.0572E+00  3.7921E-02 -1.0456E+00
  3.9458E-01  6.6076E-01  3.2932E-02  1.9860E-01  1.0078E+00  3.7751E-02 -9.9560E-01
  3.9554E-01  6.6491E-01  3.2731E-02  1.9767E-01  9.6213E-01  3.7467E-02 -9.4950E-01
  3.9650E-01  6.6906E-01  3.2538E-02  1.9677E-01  9.2109E-01  3.7123E-02 -9.0807E-01
  3.9747E-01  6.7321E-01  3.2351E-02  1.9591E-01  8.8508E-01  3.6769E-02 -8.7171E-01
  3.9843E-01  6.7736E-01  3.2169E-02  1.9509E-01  8.5417E-01  3.6446E-02 -8.4048E-01
  3.9939E-01  6.8151E-01  3.1992E-02  1.9429E-01  8.2814E-01  3.6176E-02 -8.1414E-01
  4.0036E-01  6.8566E-01  3.1819E-02  1.9352E-01  8.0655E-01  3.5965E-02 -7.9225E-01
  4.0132E-01  6.8981E-01  3.1648E-02  1.9276E-01  7.8886E-01  3.5812E-02 -7.7426E-01
  4.0229E-01  6.9396E-01  3.1481E-02  1.9202E-01  7.7447E-01  3.5707E-02 -7.5959E-01
  4.0326E-01  6.9811E-01  3.1316E-02  1.9129E-01  7.6284E-01  3.5640E-02 -7.4768E-01
  4.0422E-01  7.0226E-01  3.1152E-02  1.9058E-01  7.5345E-01  3.5603E-02 -7.3803E-01
  4.0519E-01  7.0641E-01  3.0989E-02  1.8987E-01  7.4589E-01  3.5587E-02 -7.3021E-01
  4.0615E-01  7.1056E-01  3.0828E-02  1.8916E-01  7.3978E-01  3.5586E-02 -7.2386E-01
  4.0709E-01  7.1459E-01  3.0672E-02  1.8849E-01  7.3498E-01  3.5595E-02 -7.1883E-01
  4.0806E-01  7.1874E-01  3.0513E-02  1.8780E-01  7.3096E-01  3.5613E-02 -7.1458E-01
  4.0902E-01  7.2289E-01  3.0353E-02  1.8711E-01  7.2770E-01  3.5636E-02 -7.1111E-01
  4.0999E-01  7.2704E-01  3.0195E-02  1.8642E-01  7.2505E-01  3.5664E-02 -7.0825E-01
  4.1096E-01  7.3119E-01  3.0036E-02  1.8574E-01  7.2289E-01  3.5694E-02 -7.0589E-01
  4.1192E-01  7.3534E-01  2.9878E-02  1.8506E-01  7.2114E-01  3.5726E-02 -7.0394E-01
  4.1289E-01  7.3949E-01  2.9720E-02  1.8438E-01  7.1972E-01  3.5760E-02 -7.0232E-01
  4.1386E-01  7.4364E-01  2.9562E-02  1.8370E-01  7.1857E-01  3.5796E-02 -7.0097E-01
  4.1482E-01  7.4779E-01  2.9404E-02  1.8302E-01  7.1764E-01  3.5832E-02 -6.9985E-01
  4.1579E-01  7.5194E-01  2.9247E-02  1.8235E-01  7.1688E-01  3.5868E-02 -6.9890E-01
  4.1673E-01  7.5597E-01  2.9094E-02  1.8169E-01  7.1629E-01  3.5905E-02 -6.9813E-01
  4.1769E-01  7.6012E-01  2.8936E-02  1.8102E-01  7.1580E-01  3.5942E-02 -6.9745E-01
  4.1866E-01  7.6427E-01  2.8778E-02  1.8034E-01  7.1541E-01  3.5980E-02 -6.9686E-01
  4.1963E-01  7.6842E-01  2.8621E-02  1.7967E-01  7.1508E-01  3.6018E-02 -6.9635E-01
  4.2059E-01  7.7257E-01  2.8463E-02  1.7900E-01  7.1482E-01  3.6056E-02 -6.9589E-01
  4.2156E-01  7.7672E-01  2.8306E-02  1.7833E-01  7.1460E-01  3.6094E-02 -6.9548E-01
  4.2252E-01  7.8087E-01  2.8148E-02  1.7765E-01  7.1441E-01  3.6133E-02 -6.9510E-01
  4.2349E-01  7.8502E-01  2.7990E-02  1.7698E-01  7.1424E-01  3.6171E-02 -6.9473E-01
  4.2446E-01  7.8918E-01  2.7832E-02  1.7631E-01  7.1409E-01  3.6209E-02 -6.9438E-01
  4.2539E-01  7.9320E-01  2.7679E-02  1.7566E-01  7.1395E-01  3.6247E-02 -6.9405E-01
  4.2636E-01  7.9735E-01  2.7521E-02  1.7499E-01  7.1381E-01  3.6285E-02 -6.9371E-01
  4.2733E-01  8.0150E-01  2.7364E-02  1.7432E-01  7.1367E-01  3.6323E-02 -6.9336E-01
  4.2829E-01  8.0565E-01  2.7206E-02  1.7365E-01  7.1353E-01  3.6361E-02 -6.9301E-01
  4.2926E-01  8.0980E-01  2.7048E-02  1.7298E-01  7.1338E-01  3.6399E-02 -6.9265E-01
  4.3023E-01  8.1396E-01  2.6890E-02  1.7231E-01  7.1322E-01  3.6437E-02 -6.9228E-01
  4.3119E-01  8.1811E-01  2.6732E-02  1.7164E-01  7.1306E-01  3.6475E-02 -6.9190E-01
  4.3216E-01  8.2226E-01  2.6574E-02  1.7097E-01  7.1289E-01  3.6512E-02 -6.9152E-01
  4.3312E-01  8.2641E-01  2.6415E-02  1.7031E-01  7.1271E-01  3.6550E-02 -6.9112E-01
  4.3409E-01  8.3056E-01  2.6257E-02  1.6964E-01  7.1253E-01  3.6587E-02 -6.9070E-01
  4.3503E-01  8.3459E-01  2.6104E-02  1.6899E-01  7.1234E-01  3.6623E-02 -6.9030E-01
  4.3599E-01  8.3874E-01  2.5946E-02  1.6832E-01  7.1214E-01  3.6661E-02 -6.8986E-01
  4.3696E-01  8.4289E-01  2.5787E-02  1.6766E-01  7.1193E-01  3.6697E-02 -6.8942E-01
  4.3793E-01  8.4704E-01  2.5629E-02  1.6699E-01  7.1171E-01  3.6734E-02 -6.8897E-01
  4.3889E-01  8.5119E-01  2.5471E-02  1.6633E-01  7.1149E-01  3.6771E-02 -6.8850E-01
  4.3986E-01  8.5534E-01  2.5312E-02  1.6566E-01  7.1126E-01  3.6807E-02 -6.8803E-01
  4.4083E-01  8.5949E-01  2.5154E-02  1.6500E-01  7.1102E-01  3.6843E-02 -6.8755E-01
  4.4179E-01  8.6364E-01  2.4996E-02  1.6433E-01  7.1078E-01  3.6879E-02 -6.8706E-01
  4.4276E-01  8.6779E-01  2.4837E-02  1.6367E-01  7.1053E-01  3.6915E-02 -6.8655E-01
  4.4372E-01  8.7194E-01  2.4679E-02  1.6301E-01  7.1027E-01  3.6951E-02 -6.8605E-01
  4.4466E-01  8.7597E-01  2.4525E-02  1.6236E-01  7.1002E-01  3.6985E-02 -6.8554E-01
  4.4563E-01  8.8012E-01  2.4366E-02  1.6170E-01  7.0976E-01  3.7021E-02 -6.8502E-01
  4.4659E-01  8.8427E-01  2.4208E-02  1.6104E-01  7.0949E-01  3.7056E-02 -6.8448E-01
  4.4756E-01  8.8842E-01  2.4049E-02  1.6038E-01  7.0922E-01  3.7091E-02 -6.8394E-01
  4.4853E-01  8.9257E-01  2.3890E-02  1.5972E-01  7.0894E-01  3.7126E-02 -6.8339E-01
  4.4949E-01  8.9672E-01  2.3732E-02  1.5906E-01  7.0867E-01  3.7161E-02 -6.8284E-01
  4.5046E-01  9.0087E-01  2.3573E-02  1.5840E-01  7.0839E-01  3.7195E-02 -6.8228E-01
  4.5143E-01  9.0502E-01  2.3415E-02  1.5774E-01  7.0811E-01  3.7229E-02 -6.8172E-01
  4.5239E-01  9.0917E-01  2.3256E-02  1.5708E-01  7.0782E-01  3.7263E-02 -6.8115E-01
  4.5336E-01  9.1332E-01  2.3097E-02  1.5642E-01  7.0754E-01  3.7297E-02 -6.8058E-01
  4.5430E-01  9.1735E-01  2.2943E-02  1.5579E-01  7.0727E-01  3.7330E-02 -6.8002E-01
  4.5526E-01  9.2150E-01  2.2784E-02  1.5513E-01  7.0698E-01  3.7364E-02 -6.7943E-01
  4.5623E-01  9.2565E-01  2.2625E-02  1.5447E-01  7.0670E-01  3.7397E-02 -6.7885E-01
  4.5719E-01  9.2980E-01  2.2467E-02  1.5382E-01  7.0641E-01  3.7430E-02 -6.7825E-01
  4.5816E-01  9.3395E-01  2.2308E-02  1.5316E-01  7.0612E-01  3.7463E-02 -6.7766E-01
  4.5913E-01  9.3810E-01  2.2149E-02  1.5251E-01  7.0583E-01  3.7496E-02 -6.7705E-01
  4.6009E-01  9.4225E-01  2.1990E-02  1.5185E-01  7.0554E-01  3.7529E-02 -6.7645E-01
  4.6106E-01  9.4640E-01  2.1831E-02  1.5120E-01  7.0525E-01  3.7561E-02 -6.7583E-01
  4.6203E-01  9.5055E-01  2.1672E-02  1.5055E-01  7.0496E-01  3.7593E-02 -6.7521E-01
  4.6299E-01  9.5470E-01  2.1513E-02  1.4990E-01  7.0467E-01  3.7625E-02 -6.7459E-01
  4.6393E-01  9.5873E-01  2.1359E-02  1.4926E-01  7.0438E-01  3.7656E-02 -6.7398E-01
  4.6490E-01  9.6288E-01  2.1200E-02  1.4861E-01  7.0408E-01  3.7688E-02 -6.7334E-01
  4.6586E-01  9.6703E-01  2.1041E-02  1.4796E-01  7.0379E-01  3.7719E-02 -6.7270E-01
  4.6683E-01  9.7118E-01  2.0882E-02  1.4731E-01  7.0349E-01  3.7751E-02 -6.7205E-01
  4.6779E-01  9.7533E-01  2.0722E-02  1.4666E-01  7.0319E-01  3.7782E-02 -6.7140E-01
  4.6876E-01  9.7948E-01  2.0563E-02  1.4602E-01  7.0289E-01  3.7813E-02 -6.7074E-01
  4.6973E-01  9.8363E-01  2.0404E-02  1.4537E-01  7.0258E-01  3.7843E-02 -6.7008E-01
  4.7069E-01  9.8778E-01  2.0245E-02  1.4472E-01  7.0228E-01  3.7874E-02 -6.6941E-01
  4.7166E-01  9.9193E-01  2.0086E-02  1.4407E-01  7.0197E-01  3.7904E-02 -6.6873E-01
  4.7262E-01  9.9608E-01  1.9927E-02  1.4343E-01  7.0167E-01  3.7934E-02 -6.6804E-01
  4.7356E-01  1.0001E+00  1.9772E-02  1.4280E-01  7.0137E-01  3.7963E-02 -6.6737E-01
  4.7453E-01  1.0043E+00  1.9613E-02  1.4216E-01  7.0106E-01  3.7993E-02 -6.6668E-01
  4.7549E-01  1.0084E+00  1.9454E-02  1.4151E-01  7.0075E-01  3.8022E-02 -6.6597E-01
  4.7646E-01  1.0126E+00  1.9294E-02  1.4087E-01  7.0044E-01  3.8051E-02 -6.6526E-01
  4.7743E-01  1.0167E+00  1.9135E-02  1.4023E-01  7.0013E-01  3.8080E-02 -6.6455E-01
  4.7839E-01  1.0209E+00  1.8975E-02  1.3959E-01  6.9981E-01  3.8109E-02 -6.6382E-01
  4.7936E-01  1.0250E+00  1.8816E-02  1.3895E-01  6.9949E-01  3.8138E-02 -6.6309E-01
  4.8033E-01  1.0292E+00  1.8657E-02  1.3830E-01  6.9918E-01  3.8166E-02 -6.6235E-01
  4.8129E-01  1.0333E+00  1.8497E-02  1.3767E-01  6.9886E-01  3.8194E-02 -6.6161E-01
  4.8226E-01  1.0375E+00  1.8338E-02  1.3703E-01  6.9854E-01  3.8222E-02 -6.6085E-01
  4.8320E-01  1.0415E+00  1.8183E-02  1.3641E-01  6.9823E-01  3.8249E-02 -6.6012E-01
  4.8416E-01  1.0456E+00  1.8024E-02  1.3577E-01  6.9790E-01  3.8276E-02 -6.5935E-01
  4.8513E-01  1.0498E+00  1.7864E-02  1.3513E-01  6.9758E-01  3.8304E-02 -6.5857E-01
  4.8609E-01  1.0539E+00  1.7704E-02  1.3450E-01  6.9725E-01  3.8330E-02 -6.5779E-01
  4.8706E-01  1.0581E+00  1.7545E-02  1.3386E-01  6.9693E-01  3.8357E-02 -6.5700E-01
  4.8803E-01  1.0622E+00  1.7385E-02  1.3323E-01  6.9660E-01  3.8384E-02 -6.5620E-01
  4.8899E-01  1.0664E+00  1.7226E-02  1.3259E-01  6.9627E-01  3.8410E-02 -6.5539E-01
  4.8996E-01  1.0705E+00  1.7066E-02  1.3196E-01  6.9593E-01  3.8436E-02 -6.5457E-01
  4.9093E-01  1.0747E+00  1.6906E-02  1.3133E-01  6.9560E-01  3.8462E-02 -6.5375E-01
  4.9189E-01  1.0788E+00  1.6747E-02  1.3070E-01  6.9526E-01  3.8487E-02 -6.5292E-01
  4.9283E-01  1.0829E+00  1.6592E-02  1.3009E-01  6.9494E-01  3.8512E-02 -6.5210E-01
  4.9380E-01  1.0870E+00  1.6432E-02  1.2946E-01  6.9460E-01  3.8537E-02 -6.5125E-01
  4.9476E-01  1.0912E+00  1.6272E-02  1.2883E-01  6.9426E-01  3.8562E-02 -6.5039E-01
  4.9573E-01  1.0953E+00  1.6112E-02  1.2820E-01  6.9392E-01  3.8586E-02 -6.4952E-01
  4.9669E-01  1.0995E+00  1.5953E-02  1.2757E-01  6.9357E-01  3.8610E-02 -6.4864E-01
  4.9766E-01  1.1036E+00  1.5793E-02  1.2695E-01  6.9323E-01  3.8634E-02 -6.4775E-01
  4.9863E-01  1.1078E+00  1.5633E-02  1.2632E-01  6.9288E-01  3.8658E-02 -6.4686E-01
  4.9959E-01  1.1119E+00  1.5473E-02  1.2570E-01  6.9253E-01  3.8682E-02 -6.4595E-01
  5.0056E-01  1.1161E+00  1.5313E-02  1.2507E-01  6.9218E-01  3.8705E-02 -6.4503E-01
  5.0153E-01  1.1202E+00  1.5153E-02  1.2445E-01  6.9183E-01  3.8728E-02 -6.4410E-01
  5.0246E-01  1.1243E+00  1.4998E-02  1.2385E-01  6.9149E-01  3.8750E-02 -6.4319E-01
  5.0343E-01  1.1284E+00  1.4838E-02  1.2322E-01  6.9113E-01  3.8773E-02 -6.4224E-01
  5.0440E-01  1.1326E+00  1.4678E-02  1.2260E-01  6.9077E-01  3.8795E-02 -6.4129E-01
  5.0536E-01  1.1367E+00  1.4518E-02  1.2199E-01  6.9041E-01  3.8817E-02 -6.4032E-01
  5.0633E-01  1.1409E+00  1.4358E-02  1.2137E-01  6.9005E-01  3.8838E-02 -6.3933E-01
  5.0729E-01  1.1450E+00  1.4198E-02  1.2075E-01  6.8969E-01  3.8860E-02 -6.3834E-01
  5.0826E-01  1.1492E+00  1.4038E-02  1.2013E-01  6.8932E-01  3.8881E-02 -6.3734E-01
  5.0923E-01  1.1533E+00  1.3878E-02  1.1952E-01  6.8896E-01  3.8902E-02 -6.3632E-01
  5.1019E-01  1.1575E+00  1.3718E-02  1.1890E-01  6.8859E-01  3.8922E-02 -6.3530E-01
  5.1116E-01  1.1616E+00  1.3558E-02  1.1829E-01  6.8822E-01  3.8943E-02 -6.3426E-01
  5.1210E-01  1.1656E+00  1.3402E-02  1.1770E-01  6.8785E-01  3.8962E-02 -6.3324E-01
  5.1306E-01  1.1698E+00  1.3242E-02  1.1709E-01  6.8748E-01  3.8982E-02 -6.3218E-01
  5.1403E-01  1.1739E+00  1.3082E-02  1.1648E-01  6.8710E-01  3.9001E-02 -6.3110E-01
  5.1500E-01  1.1781E+00  1.2922E-02  1.1587E-01  6.8672E-01  3.9020E-02 -6.3001E-01
  5.1596E-01  1.1822E+00  1.2762E-02  1.1526E-01  6.8634E-01  3.9039E-02 -6.2891E-01
  5.1693E-01  1.1864E+00  1.2601E-02  1.1465E-01  6.8596E-01  3.9057E-02 -6.2779E-01
  5.1789E-01  1.1905E+00  1.2441E-02  1.1404E-01  6.8557E-01  3.9076E-02 -6.2667E-01
  5.1886E-01  1.1947E+00  1.2281E-02  1.1344E-01  6.8518E-01  3.9093E-02 -6.2552E-01
  5.1983E-01  1.1988E+00  1.2121E-02  1.1284E-01  6.8479E-01  3.9111E-02 -6.2437E-01
  5.2076E-01  1.2029E+00  1.1965E-02  1.1225E-01  6.8441E-01  3.9128E-02 -6.2323E-01
  5.2173E-01  1.2070E+00  1.1805E-02  1.1165E-01  6.8402E-01  3.9145E-02 -6.2205E-01
  5.2270E-01  1.2112E+00  1.1644E-02  1.1105E-01  6.8362E-01  3.9161E-02 -6.2085E-01
  5.2366E-01  1.2153E+00  1.1484E-02  1.1045E-01  6.8322E-01  3.9178E-02 -6.1964E-01
  5.2463E-01  1.2195E+00  1.1324E-02  1.0985E-01  6.8282E-01  3.9194E-02 -6.1841E-01
  5.2559E-01  1.2236E+00  1.1163E-02  1.0925E-01  6.8241E-01  3.9209E-02 -6.1716E-01
  5.2656E-01  1.2278E+00  1.1003E-02  1.0866E-01  6.8201E-01  3.9225E-02 -6.1590E-01
  5.2753E-01  1.2319E+00  1.0842E-02  1.0806E-01  6.8160E-01  3.9240E-02 -6.1462E-01
  5.2849E-01  1.2361E+00  1.0682E-02  1.0747E-01  6.8118E-01  3.9254E-02 -6.1333E-01
  5.2946E-01  1.2402E+00  1.0521E-02  1.0688E-01  6.8077E-01  3.9269E-02 -6.1202E-01
  5.3040E-01  1.2443E+00  1.0366E-02  1.0631E-01  6.8037E-01  3.9282E-02 -6.1073E-01
  5.3136E-01  1.2484E+00  1.0205E-02  1.0572E-01  6.7995E-01  3.9296E-02 -6.0939E-01
  5.3233E-01  1.2526E+00  1.0045E-02  1.0513E-01  6.7952E-01  3.9309E-02 -6.0803E-01
  5.3330E-01  1.2567E+00  9.8841E-03  1.0454E-01  6.7910E-01  3.9322E-02 -6.0665E-01
  5.3426E-01  1.2609E+00  9.7236E-03  1.0396E-01  6.7867E-01  3.9335E-02 -6.0525E-01
  5.3523E-01  1.2650E+00  9.5630E-03  1.0337E-01  6.7824E-01  3.9347E-02 -6.0384E-01
  5.3619E-01  1.2692E+00  9.4024E-03  1.0279E-01  6.7781E-01  3.9359E-02 -6.0240E-01
  5.3716E-01  1.2733E+00  9.2418E-03  1.0221E-01  6.7737E-01  3.9370E-02 -6.0095E-01
  5.3813E-01  1.2775E+00  9.0812E-03  1.0163E-01  6.7693E-01  3.9381E-02 -5.9948E-01
  5.3909E-01  1.2816E+00  8.9206E-03  1.0105E-01  6.7649E-01  3.9392E-02 -5.9798E-01
  5.4003E-01  1.2856E+00  8.7647E-03  1.0049E-01  6.7606E-01  3.9402E-02 -5.9651E-01
  5.4100E-01  1.2898E+00  8.6040E-03  9.9914E-02  6.7561E-01  3.9412E-02 -5.9498E-01
  5.4196E-01  1.2939E+00  8.4434E-03  9.9340E-02  6.7516E-01  3.9422E-02 -5.9342E-01
  5.4293E-01  1.2981E+00  8.2827E-03  9.8767E-02  6.7470E-01  3.9431E-02 -5.9185E-01
  5.4390E-01  1.3022E+00  8.1220E-03  9.8196E-02  6.7425E-01  3.9440E-02 -5.9025E-01
  5.4486E-01  1.3064E+00  7.9613E-03  9.7626E-02  6.7379E-01  3.9449E-02 -5.8863E-01
  5.4583E-01  1.3105E+00  7.8006E-03  9.7059E-02  6.7332E-01  3.9457E-02 -5.8699E-01
  5.4679E-01  1.3147E+00  7.6399E-03  9.6492E-02  6.7285E-01  3.9464E-02 -5.8532E-01
  5.4776E-01  1.3188E+00  7.4791E-03  9.5927E-02  6.7238E-01  3.9472E-02 -5.8363E-01
  5.4873E-01  1.3230E+00  7.3184E-03  9.5364E-02  6.7191E-01  3.9478E-02 -5.8192E-01
  5.4966E-01  1.3270E+00  7.1624E-03  9.4819E-02  6.7145E-01  3.9485E-02 -5.8023E-01
  5.5063E-01  1.3312E+00  7.0016E-03  9.4260E-02  6.7096E-01  3.9491E-02 -5.7847E-01
  5.5160E-01  1.3353E+00  6.8408E-03  9.3702E-02  6.7048E-01  3.9496E-02 -5.7668E-01
  5.5256E-01  1.3395E+00  6.6800E-03  9.3145E-02  6.6999E-01  3.9502E-02 -5.7487E-01
  5.5353E-01  1.3436E+00  6.5192E-03  9.2591E-02  6.6950E-01  3.9506E-02 -5.7303E-01
  5.5450E-01  1.3478E+00  6.3584E-03  9.2038E-02  6.6900E-01  3.9511E-02 -5.7117E-01
  5.5546E-01  1.3519E+00  6.1976E-03  9.1487E-02  6.6850E-01  3.9515E-02 -5.6927E-01
  5.5643E-01  1.3561E+00  6.0368E-03  9.0938E-02  6.6800E-01  3.9518E-02 -5.6735E-01
  5.5739E-01  1.3602E+00  5.8760E-03  9.0391E-02  6.6749E-01  3.9521E-02 -5.6540E-01
  5.5836E-01  1.3644E+00  5.7152E-03  8.9845E-02  6.6698E-01  3.9524E-02 -5.6343E-01
  5.5930E-01  1.3684E+00  5.5591E-03  8.9318E-02  6.6648E-01  3.9526E-02 -5.6148E-01
  5.6026E-01  1.3725E+00  5.3982E-03  8.8776E-02  6.6596E-01  3.9528E-02 -5.5944E-01
  5.6123E-01  1.3767E+00  5.2374E-03  8.8237E-02  6.6544E-01  3.9530E-02 -5.5738E-01
  5.6220E-01  1.3808E+00  5.0765E-03  8.7699E-02  6.6491E-01  3.9531E-02 -5.5528E-01
  5.6316E-01  1.3850E+00  4.9157E-03  8.7164E-02  6.6438E-01  3.9532E-02 -5.5315E-01
  5.6413E-01  1.3891E+00  4.7548E-03  8.6631E-02  6.6385E-01  3.9532E-02 -5.5099E-01
  5.6509E-01  1.3933E+00  4.5940E-03  8.6099E-02  6.6331E-01  3.9533E-02 -5.4880E-01
  5.6606E-01  1.3974E+00  4.4331E-03  8.5570E-02  6.6277E-01  3.9533E-02 -5.4657E-01
  5.6703E-01  1.4016E+00  4.2723E-03  8.5043E-02  6.6223E-01  3.9532E-02 -5.4431E-01
  5.6799E-01  1.4058E+00  4.1114E-03  8.4518E-02  6.6168E-01  3.9532E-02 -5.4201E-01
  5.6893E-01  1.4098E+00  3.9553E-03  8.4011E-02  6.6114E-01  3.9531E-02 -5.3975E-01
  5.6990E-01  1.4139E+00  3.7944E-03  8.3491E-02  6.6059E-01  3.9530E-02 -5.3739E-01
  5.7086E-01  1.4181E+00  3.6336E-03  8.2973E-02  6.6003E-01  3.9529E-02 -5.3499E-01
  5.7183E-01  1.4222E+00  3.4727E-03  8.2457E-02  6.5947E-01  3.9527E-02 -5.3255E-01
  5.7280E-01  1.4264E+00  3.3119E-03  8.1943E-02  6.5891E-01  3.9526E-02 -5.3007E-01
  5.7376E-01  1.4305E+00  3.1511E-03  8.1433E-02  6.5835E-01  3.9524E-02 -5.2756E-01
  5.7473E-01  1.4347E+00  2.9902E-03  8.0924E-02  6.5778E-01  3.9523E-02 -5.2500E-01
  5.7569E-01  1.4388E+00  2.8294E-03  8.0418E-02  6.5722E-01  3.9521E-02 -5.2241E-01
  5.7666E-01  1.4430E+00  2.6686E-03  7.9915E-02  6.5665E-01  3.9520E-02 -5.1978E-01
  5.7763E-01  1.4471E+00  2.5077E-03  7.9414E-02  6.5608E-01  3.9518E-02 -5.1711E-01
  5.7856E-01  1.4512E+00  2.3517E-03  7.8930E-02  6.5552E-01  3.9516E-02 -5.1447E-01
  5.7953E-01  1.4553E+00  2.1909E-03  7.8434E-02  6.5495E-01  3.9515E-02 -5.1172E-01
  5.8050E-01  1.4595E+00  2.0301E-03  7.7941E-02  6.5438E-01  3.9513E-02 -5.0892E-01
  5.8146E-01  1.4636E+00  1.8693E-03  7.7451E-02  6.5381E-01  3.9511E-02 -5.0608E-01
  5.8243E-01  1.4678E+00  1.7085E-03  7.6963E-02  6.5323E-01  3.9509E-02 -5.0320E-01
  5.8340E-01  1.4719E+00  1.5477E-03  7.6478E-02  6.5266E-01  3.9508E-02 -5.0026E-01
  5.8436E-01  1.4761E+00  1.3870E-03  7.5997E-02  6.5209E-01  3.9506E-02 -4.9729E-01
  5.8533E-01  1.4802E+00  1.2262E-03  7.5517E-02  6.5151E-01  3.9504E-02 -4.9427E-01
  5.8629E-01  1.4844E+00  1.0655E-03  7.5041E-02  6.5094E-01  3.9502E-02 -4.9120E-01
  5.8726E-01  1.4885E+00  9.0475E-04  7.4568E-02  6.5036E-01  3.9501E-02 -4.8808E-01
  5.8820E-01  1.4925E+00  7.4876E-04  7.4112E-02  6.4981E-01  3.9499E-02 -4.8500E-01
  5.8916E-01  1.4967E+00  5.8806E-04  7.3645E-02  6.4923E-01  3.9497E-02 -4.8179E-01
  5.9013E-01  1.5008E+00  4.2738E-04  7.3181E-02  6.4866E-01  3.9496E-02 -4.7852E-01
  5.9110E-01  1.5050E+00  2.6671E-04  7.2720E-02  6.4809E-01  3.9494E-02 -4.7521E-01
  5.9206E-01  1.5091E+00  1.0606E-04  7.2263E-02  6.4752E-01  3.9493E-02 -4.7184E-01
  5.9303E-01  1.5133E+00 -5.4572E-05  7.1809E-02  6.4695E-01  3.9492E-02 -4.6841E-01
  5.9400E-01  1.5174E+00 -2.1518E-04  7.1358E-02  6.4639E-01  3.9491E-02 -4.6494E-01
  5.9600E-01  1.5261E+00 -5.4834E-04  7.0433E-02  6.4523E-01  3.9490E-02 -4.5755E-01
