  3.0787E-01  5.7399E-02  2.6131E-03  1.5519E-01  4.6865E-01  1.5736E-03  4.6854E-01
  3.0884E-01  8.3522E-02  5.5359E-03  2.2526E-01  6.9099E-01  4.1542E-03  6.9074E-01
  3.0980E-01  1.0330E-01  8.5139E-03  2.7837E-01  8.7009E-01  6.7426E-03  8.6975E-01
  3.1077E-01  1.1990E-01  1.1560E-02  3.2312E-01  1.0323E+00  9.0409E-03  1.0320E+00
  3.1173E-01  1.3430E-01  1.4640E-02  3.6219E-01  1.1860E+00  1.0943E-02  1.1856E+00
  3.1270E-01  1.4749E-01  1.7851E-02  3.9825E-01  1.3397E+00  1.2443E-02  1.3394E+00
  3.1366E-01  1.5945E-01  2.1115E-02  4.3126E-01  1.4887E+00  1.3416E-02  1.4884E+00
  3.1463E-01  1.7068E-01  2.4499E-02  4.6245E-01  1.6353E+00  1.3984E-02  1.6350E+00
  3.1558E-01  1.8093E-01  2.7873E-02  4.9105E-01  1.7743E+00  1.4200E-02  1.7740E+00
  3.1656E-01  1.9094E-01  3.1436E-02  5.1903E-01  1.9142E+00  1.4143E-02  1.9140E+00
  3.1751E-01  2.0022E-01  3.4984E-02  5.4495E-01  2.0469E+00  1.3863E-02  2.0468E+00
  3.1849E-01  2.0925E-01  3.8668E-02  5.7015E-01  2.1779E+00  1.3335E-02  2.1778E+00
  3.1945E-01  2.1780E-01  4.2365E-02  5.9388E-01  2.3021E+00  1.2601E-02  2.3020E+00
  3.2039E-01  2.2586E-01  4.6038E-02  6.1611E-01  2.4182E+00  1.1719E-02  2.4181E+00
  3.2137E-01  2.3391E-01  4.9890E-02  6.3816E-01  2.5325E+00  1.0640E-02  2.5325E+00
  3.2232E-01  2.4148E-01  5.3670E-02  6.5867E-01  2.6373E+00  9.4441E-03  2.6373E+00
  3.2330E-01  2.4905E-01  5.7601E-02  6.7892E-01  2.7388E+00  8.1265E-03  2.7387E+00
  3.2425E-01  2.5613E-01  6.1410E-02  6.9761E-01  2.8303E+00  6.8474E-03  2.8303E+00
  3.2521E-01  2.6321E-01  6.5343E-02  7.1602E-01  2.9181E+00  5.4965E-03  2.9180E+00
  3.2617E-01  2.7005E-01  6.9251E-02  7.3350E-01  2.9986E+00  4.1401E-03  2.9986E+00
  3.2716E-01  2.7688E-01  7.3262E-02  7.5067E-01  3.0745E+00  2.9244E-03  3.0745E+00
  3.2812E-01  2.8347E-01  7.7223E-02  7.6691E-01  3.1427E+00  2.4385E-03  3.1427E+00
  3.2908E-01  2.8982E-01  8.1115E-02  7.8225E-01  3.2036E+00  2.9981E-03  3.2036E+00
  3.3005E-01  2.9617E-01  8.5080E-02  7.9726E-01  3.2602E+00  4.1540E-03  3.2602E+00
  3.3100E-01  3.0227E-01  8.8956E-02  8.1139E-01  3.3104E+00  5.5288E-03  3.3104E+00
  3.3196E-01  3.0838E-01  9.2888E-02  8.2521E-01  3.3563E+00  7.0791E-03  3.3563E+00
  3.3295E-01  3.1448E-01  9.6871E-02  8.3872E-01  3.3976E+00  8.7311E-03  3.3976E+00
  3.3390E-01  3.2034E-01  1.0074E-01  8.5138E-01  3.4328E+00  1.0248E-02  3.4328E+00
  3.3488E-01  3.2620E-01  1.0464E-01  8.6374E-01  3.4641E+00  1.1611E-02  3.4641E+00
  3.3582E-01  3.3181E-01  1.0842E-01  8.7530E-01  3.4907E+00  1.2866E-02  3.4907E+00
  3.3678E-01  3.3743E-01  1.1222E-01  8.8659E-01  3.5139E+00  1.4152E-02  3.5139E+00
  3.3775E-01  3.4304E-01  1.1604E-01  8.9759E-01  3.5337E+00  1.5472E-02  3.5337E+00
  3.3873E-01  3.4866E-01  1.1989E-01  9.0833E-01  3.5502E+00  1.6739E-02  3.5502E+00
  3.3968E-01  3.5403E-01  1.2358E-01  9.1834E-01  3.5630E+00  1.7768E-02  3.5629E+00
  3.4064E-01  3.5940E-01  1.2728E-01  9.2811E-01  3.5733E+00  1.8629E-02  3.5732E+00
  3.4161E-01  3.6477E-01  1.3099E-01  9.3763E-01  3.5813E+00  1.9427E-02  3.5812E+00
  3.4259E-01  3.7014E-01  1.3471E-01  9.4691E-01  3.5871E+00  2.0216E-02  3.5870E+00
  3.4353E-01  3.7527E-01  1.3827E-01  9.5555E-01  3.5906E+00  2.0937E-02  3.5905E+00
  3.4448E-01  3.8040E-01  1.4182E-01  9.6398E-01  3.5922E+00  2.1536E-02  3.5922E+00
  3.4544E-01  3.8552E-01  1.4538E-01  9.7221E-01  3.5923E+00  2.1952E-02  3.5923E+00
  3.4641E-01  3.9065E-01  1.4894E-01  9.8023E-01  3.5912E+00  2.2241E-02  3.5911E+00
  3.4739E-01  3.9578E-01  1.5249E-01  9.8806E-01  3.5888E+00  2.2477E-02  3.5888E+00
  3.4837E-01  4.0091E-01  1.5605E-01  9.9570E-01  3.5855E+00  2.2676E-02  3.5854E+00
  3.4932E-01  4.0579E-01  1.5943E-01  1.0028E+00  3.5814E+00  2.2787E-02  3.5813E+00
  3.5027E-01  4.1067E-01  1.6280E-01  1.0097E+00  3.5766E+00  2.2753E-02  3.5766E+00
  3.5123E-01  4.1555E-01  1.6617E-01  1.0165E+00  3.5714E+00  2.2571E-02  3.5714E+00
  3.5219E-01  4.2044E-01  1.6954E-01  1.0231E+00  3.5660E+00  2.2299E-02  3.5659E+00
  3.5316E-01  4.2532E-01  1.7290E-01  1.0296E+00  3.5604E+00  2.1978E-02  3.5603E+00
  3.5414E-01  4.3020E-01  1.7625E-01  1.0359E+00  3.5548E+00  2.1598E-02  3.5547E+00
  3.5512E-01  4.3509E-01  1.7960E-01  1.0421E+00  3.5492E+00  2.1107E-02  3.5492E+00
  3.5606E-01  4.3972E-01  1.8277E-01  1.0479E+00  3.5442E+00  2.0503E-02  3.5442E+00
  3.5700E-01  4.4436E-01  1.8595E-01  1.0535E+00  3.5396E+00  1.9794E-02  3.5396E+00
  3.5800E-01  4.4925E-01  1.8928E-01  1.0593E+00  3.5354E+00  1.8981E-02  3.5353E+00
  3.5895E-01  4.5388E-01  1.9245E-01  1.0648E+00  3.5320E+00  1.8167E-02  3.5320E+00
  3.5991E-01  4.5852E-01  1.9561E-01  1.0701E+00  3.5293E+00  1.7309E-02  3.5293E+00
  3.6087E-01  4.6316E-01  1.9877E-01  1.0753E+00  3.5275E+00  1.6398E-02  3.5274E+00
  3.6184E-01  4.6780E-01  2.0192E-01  1.0804E+00  3.5265E+00  1.5437E-02  3.5265E+00
  3.6281E-01  4.7244E-01  2.0508E-01  1.0854E+00  3.5265E+00  1.4440E-02  3.5264E+00
  3.6379E-01  4.7708E-01  2.0824E-01  1.0904E+00  3.5275E+00  1.3421E-02  3.5275E+00
  3.6471E-01  4.8147E-01  2.1123E-01  1.0949E+00  3.5295E+00  1.2446E-02  3.5295E+00
  3.6570E-01  4.8611E-01  2.1439E-01  1.0997E+00  3.5327E+00  1.1423E-02  3.5327E+00
  3.6664E-01  4.9051E-01  2.1739E-01  1.1042E+00  3.5368E+00  1.0476E-02  3.5368E+00
  3.6763E-01  4.9514E-01  2.2055E-01  1.1088E+00  3.5424E+00  9.5099E-03  3.5424E+00
  3.6857E-01  4.9954E-01  2.2356E-01  1.1131E+00  3.5488E+00  8.6472E-03  3.5488E+00
  3.6952E-01  5.0393E-01  2.2657E-01  1.1174E+00  3.5564E+00  7.9022E-03  3.5564E+00
  3.7053E-01  5.0857E-01  2.2976E-01  1.1218E+00  3.5655E+00  7.4379E-03  3.5655E+00
  3.7148E-01  5.1297E-01  2.3278E-01  1.1259E+00  3.5750E+00  7.4340E-03  3.5749E+00
  3.7244E-01  5.1736E-01  2.3582E-01  1.1300E+00  3.5845E+00  7.6690E-03  3.5845E+00
  3.7340E-01  5.2176E-01  2.3886E-01  1.1341E+00  3.5937E+00  7.9369E-03  3.5937E+00
  3.7437E-01  5.2615E-01  2.4191E-01  1.1380E+00  3.6022E+00  8.2585E-03  3.6022E+00
  3.7534E-01  5.3054E-01  2.4497E-01  1.1420E+00  3.6098E+00  8.9082E-03  3.6098E+00
  3.7631E-01  5.3494E-01  2.4803E-01  1.1458E+00  3.6159E+00  1.0505E-02  3.6159E+00
  3.7723E-01  5.3909E-01  2.5093E-01  1.1495E+00  3.6190E+00  1.3266E-02  3.6190E+00
  3.7821E-01  5.4348E-01  2.5399E-01  1.1532E+00  3.6180E+00  1.7360E-02  3.6180E+00
  3.7919E-01  5.4788E-01  2.5706E-01  1.1569E+00  3.6113E+00  2.2306E-02  3.6113E+00
  3.8012E-01  5.5203E-01  2.5994E-01  1.1604E+00  3.5991E+00  2.7807E-02  3.5991E+00
  3.8111E-01  5.5642E-01  2.6299E-01  1.1639E+00  3.5789E+00  3.5845E-02  3.5787E+00
  3.8205E-01  5.6057E-01  2.6584E-01  1.1672E+00  3.5501E+00  4.7537E-02  3.5499E+00
  3.8304E-01  5.6497E-01  2.6883E-01  1.1707E+00  3.5046E+00  6.4895E-02  3.5042E+00
  3.8398E-01  5.6912E-01  2.7161E-01  1.1738E+00  3.4430E+00  8.4553E-02  3.4422E+00
  3.8498E-01  5.7351E-01  2.7450E-01  1.1770E+00  3.3551E+00  1.0700E-01  3.3539E+00
  3.8593E-01  5.7766E-01  2.7714E-01  1.1799E+00  3.2497E+00  1.2890E-01  3.2479E+00
  3.8688E-01  5.8181E-01  2.7969E-01  1.1826E+00  3.1223E+00  1.5123E-01  3.1197E+00
  3.8783E-01  5.8596E-01  2.8213E-01  1.1853E+00  2.9725E+00  1.7390E-01  2.9689E+00
  3.8884E-01  5.9036E-01  2.8457E-01  1.1878E+00  2.7894E+00  1.9820E-01  2.7845E+00
  3.8979E-01  5.9451E-01  2.8673E-01  1.1901E+00  2.5934E+00  2.2100E-01  2.5867E+00
  3.9075E-01  5.9866E-01  2.8871E-01  1.1922E+00  2.3759E+00  2.4121E-01  2.3673E+00
  3.9170E-01  6.0281E-01  2.9052E-01  1.1940E+00  2.1415E+00  2.5354E-01  2.1309E+00
  3.9266E-01  6.0696E-01  2.9213E-01  1.1957E+00  1.8994E+00  2.5458E-01  1.8874E+00
  3.9362E-01  6.1111E-01  2.9354E-01  1.1971E+00  1.6598E+00  2.4706E-01  1.6469E+00
  3.9459E-01  6.1526E-01  2.9477E-01  1.1983E+00  1.4295E+00  2.3434E-01  1.4160E+00
  3.9555E-01  6.1941E-01  2.9581E-01  1.1994E+00  1.2133E+00  2.1646E-01  1.1998E+00
  3.9651E-01  6.2356E-01  2.9669E-01  1.2002E+00  1.0158E+00  1.9424E-01  1.0028E+00
  3.9748E-01  6.2771E-01  2.9742E-01  1.2010E+00  8.4049E-01  1.6984E-01  8.2851E-01
  3.9844E-01  6.3186E-01  2.9802E-01  1.2016E+00  6.8850E-01  1.4530E-01  6.7780E-01
  3.9940E-01  6.3601E-01  2.9850E-01  1.2021E+00  5.5938E-01  1.2208E-01  5.5008E-01
  4.0037E-01  6.4016E-01  2.9889E-01  1.2024E+00  4.5149E-01  1.0112E-01  4.4359E-01
  4.0134E-01  6.4431E-01  2.9921E-01  1.2028E+00  3.6250E-01  8.2876E-02  3.5589E-01
  4.0230E-01  6.4846E-01  2.9945E-01  1.2030E+00  2.8980E-01  6.7455E-02  2.8433E-01
  4.0327E-01  6.5261E-01  2.9965E-01  1.2032E+00  2.3080E-01  5.4700E-02  2.2628E-01
  4.0423E-01  6.5677E-01  2.9980E-01  1.2034E+00  1.8312E-01  4.4324E-02  1.7937E-01
  4.0520E-01  6.6092E-01  2.9992E-01  1.2035E+00  1.4467E-01  3.5990E-02  1.4155E-01
  4.0616E-01  6.6507E-01  3.0001E-01  1.2036E+00  1.1372E-01  2.9362E-02  1.1108E-01
  4.0713E-01  6.6922E-01  3.0008E-01  1.2037E+00  8.8836E-02  2.4139E-02  8.6542E-02
  4.0810E-01  6.7337E-01  3.0013E-01  1.2037E+00  6.8860E-02  2.0068E-02  6.6811E-02
  4.0906E-01  6.7752E-01  3.0017E-01  1.2038E+00  5.2880E-02  1.6938E-02  5.0974E-02
  4.1003E-01  6.8167E-01  3.0019E-01  1.2038E+00  4.0176E-02  1.4579E-02  3.8307E-02
  4.1100E-01  6.8582E-01  3.0021E-01  1.2038E+00  3.0186E-02  1.2853E-02  2.8235E-02
  4.1196E-01  6.8997E-01  3.0022E-01  1.2039E+00  2.2482E-02  1.1641E-02  2.0296E-02
  4.1287E-01  6.9387E-01  3.0022E-01  1.2039E+00  1.7029E-02  1.0872E-02  1.4437E-02
  4.1384E-01  6.9803E-01  3.0022E-01  1.2039E+00  1.2916E-02  1.0359E-02  9.6332E-03
  4.1480E-01  7.0218E-01  3.0021E-01  1.2039E+00  1.0323E-02  1.0074E-02  6.0454E-03
  4.1577E-01  7.0633E-01  3.0020E-01  1.2039E+00  8.9588E-03  9.9484E-03  3.4603E-03
  4.1674E-01  7.1048E-01  3.0019E-01  1.2039E+00  8.4182E-03  9.9262E-03  1.6979E-03
  4.1770E-01  7.1463E-01  3.0018E-01  1.2039E+00  8.3015E-03  9.9675E-03  6.0534E-04
  4.1867E-01  7.1878E-01  3.0017E-01  1.2039E+00  8.3438E-03  1.0045E-02  5.1838E-05
  4.1964E-01  7.2293E-01  3.0016E-01  1.2039E+00  8.4216E-03  1.0138E-02 -7.4079E-05
  4.2060E-01  7.2708E-01  3.0015E-01  1.2039E+00  8.5050E-03  1.0238E-02  1.3255E-04
  4.2157E-01  7.3123E-01  3.0013E-01  1.2039E+00  8.6051E-03  1.0335E-02  5.9119E-04
  4.2254E-01  7.3538E-01  3.0012E-01  1.2039E+00  8.7491E-03  1.0428E-02  1.2343E-03
  4.2350E-01  7.3953E-01  3.0011E-01  1.2039E+00  8.9603E-03  1.0513E-02  2.0060E-03
  4.2447E-01  7.4368E-01  3.0010E-01  1.2039E+00  9.2521E-03  1.0593E-02  2.8607E-03
  4.2543E-01  7.4783E-01  3.0009E-01  1.2039E+00  9.6248E-03  1.0666E-02  3.7616E-03
  4.2640E-01  7.5198E-01  3.0008E-01  1.2039E+00  1.0069E-02  1.0734E-02  4.6799E-03
  4.2737E-01  7.5613E-01  3.0007E-01  1.2039E+00  1.0570E-02  1.0797E-02  5.5933E-03
  4.2833E-01  7.6028E-01  3.0007E-01  1.2039E+00  1.1108E-02  1.0858E-02  6.4850E-03
  4.2930E-01  7.6443E-01  3.0006E-01  1.2039E+00  1.1668E-02  1.0916E-02  7.3432E-03
  4.3027E-01  7.6858E-01  3.0005E-01  1.2039E+00  1.2233E-02  1.0973E-02  8.1595E-03
  4.3118E-01  7.7249E-01  3.0005E-01  1.2039E+00  1.2759E-02  1.1025E-02  8.8846E-03
  4.3214E-01  7.7664E-01  3.0004E-01  1.2039E+00  1.3304E-02  1.1080E-02  9.6064E-03
  4.3311E-01  7.8079E-01  3.0004E-01  1.2039E+00  1.3826E-02  1.1135E-02  1.0277E-02
  4.3407E-01  7.8494E-01  3.0003E-01  1.2039E+00  1.4321E-02  1.1190E-02  1.0896E-02
  4.3504E-01  7.8909E-01  3.0003E-01  1.2040E+00  1.4787E-02  1.1245E-02  1.1464E-02
  4.3601E-01  7.9324E-01  3.0002E-01  1.2040E+00  1.5222E-02  1.1300E-02  1.1984E-02
  4.3697E-01  7.9739E-01  3.0002E-01  1.2040E+00  1.5624E-02  1.1355E-02  1.2456E-02
  4.3794E-01  8.0154E-01  3.0002E-01  1.2040E+00  1.5995E-02  1.1411E-02  1.2884E-02
  4.3890E-01  8.0569E-01  3.0001E-01  1.2040E+00  1.6334E-02  1.1467E-02  1.3270E-02
  4.3987E-01  8.0984E-01  3.0001E-01  1.2040E+00  1.6643E-02  1.1524E-02  1.3615E-02
  4.4084E-01  8.1399E-01  3.0001E-01  1.2040E+00  1.6922E-02  1.1580E-02  1.3923E-02
  4.4180E-01  8.1814E-01  3.0001E-01  1.2040E+00  1.7172E-02  1.1637E-02  1.4194E-02
  4.4277E-01  8.2229E-01  3.0000E-01  1.2040E+00  1.7395E-02  1.1694E-02  1.4431E-02
  4.4374E-01  8.2644E-01  3.0000E-01  1.2041E+00  1.7591E-02  1.1744E-02  1.4639E-02
  4.4470E-01  8.3059E-01  3.0000E-01  1.2041E+00  1.7779E-02  1.1732E-02  1.4871E-02
  4.4567E-01  8.3474E-01  3.0000E-01  1.2041E+00  1.8079E-02  1.1663E-02  1.5265E-02
  4.4663E-01  8.3889E-01  3.0000E-01  1.2041E+00  1.8741E-02  1.1830E-02  1.5960E-02
  4.4760E-01  8.4304E-01  3.0000E-01  1.2041E+00  1.9610E-02  1.2217E-02  1.6781E-02
  4.4857E-01  8.4720E-01  3.0000E-01  1.2041E+00  2.0115E-02  1.2235E-02  1.7359E-02
  4.4953E-01  8.5135E-01  3.0000E-01  1.2041E+00  2.0301E-02  1.2142E-02  1.7619E-02
  4.5044E-01  8.5525E-01  3.0000E-01  1.2041E+00  2.0400E-02  1.2152E-02  1.7729E-02
  4.5141E-01  8.5940E-01  3.0000E-01  1.2042E+00  2.0498E-02  1.2204E-02  1.7818E-02
  4.5237E-01  8.6355E-01  3.0000E-01  1.2042E+00  2.0597E-02  1.2263E-02  1.7903E-02
  4.5334E-01  8.6770E-01  3.0000E-01  1.2042E+00  2.0695E-02  1.2322E-02  1.7988E-02
  4.5431E-01  8.7185E-01  3.0000E-01  1.2042E+00  2.0793E-02  1.2381E-02  1.8073E-02
  4.5527E-01  8.7600E-01  3.0000E-01  1.2042E+00  2.0891E-02  1.2440E-02  1.8158E-02
  4.5624E-01  8.8015E-01  3.0000E-01  1.2042E+00  2.0989E-02  1.2499E-02  1.8243E-02
  4.5721E-01  8.8430E-01  3.0000E-01  1.2042E+00  2.1087E-02  1.2558E-02  1.8328E-02
  4.5817E-01  8.8846E-01  3.0000E-01  1.2043E+00  2.1186E-02  1.2617E-02  1.8413E-02
  4.5914E-01  8.9261E-01  3.0000E-01  1.2043E+00  2.1284E-02  1.2677E-02  1.8499E-02
  4.6010E-01  8.9676E-01  3.0000E-01  1.2043E+00  2.1382E-02  1.2736E-02  1.8584E-02
  4.6107E-01  9.0091E-01  3.0000E-01  1.2043E+00  2.1480E-02  1.2795E-02  1.8669E-02
  4.6204E-01  9.0506E-01  3.0000E-01  1.2043E+00  2.1579E-02  1.2854E-02  1.8754E-02
  4.6300E-01  9.0921E-01  3.0000E-01  1.2043E+00  2.1677E-02  1.2913E-02  1.8839E-02
  4.6397E-01  9.1336E-01  3.0000E-01  1.2043E+00  2.1775E-02  1.2972E-02  1.8924E-02
  4.6494E-01  9.1751E-01  3.0000E-01  1.2044E+00  2.1873E-02  1.3031E-02  1.9009E-02
  4.6590E-01  9.2166E-01  3.0000E-01  1.2044E+00  2.1971E-02  1.3091E-02  1.9095E-02
  4.6687E-01  9.2581E-01  3.0000E-01  1.2044E+00  2.2070E-02  1.3150E-02  1.9180E-02
  4.6783E-01  9.2996E-01  3.0000E-01  1.2044E+00  2.2168E-02  1.3209E-02  1.9265E-02
  4.6880E-01  9.3411E-01  3.0000E-01  1.2044E+00  2.2266E-02  1.3268E-02  1.9350E-02
  4.6971E-01  9.3802E-01  3.0000E-01  1.2044E+00  2.2359E-02  1.3324E-02  1.9430E-02
  4.7068E-01  9.4217E-01  3.0000E-01  1.2044E+00  2.2457E-02  1.3383E-02  1.9516E-02
  4.7164E-01  9.4632E-01  3.0000E-01  1.2045E+00  2.2555E-02  1.3442E-02  1.9601E-02
  4.7261E-01  9.5047E-01  3.0000E-01  1.2045E+00  2.2654E-02  1.3502E-02  1.9686E-02
  4.7357E-01  9.5462E-01  3.0000E-01  1.2045E+00  2.2752E-02  1.3561E-02  1.9771E-02
  4.7454E-01  9.5877E-01  3.0000E-01  1.2045E+00  2.2850E-02  1.3620E-02  1.9856E-02
  4.7551E-01  9.6292E-01  3.0000E-01  1.2045E+00  2.2949E-02  1.3679E-02  1.9942E-02
  4.7647E-01  9.6707E-01  3.0000E-01  1.2045E+00  2.3047E-02  1.3738E-02  2.0027E-02
  4.7744E-01  9.7122E-01  3.0000E-01  1.2046E+00  2.3145E-02  1.3798E-02  2.0112E-02
  4.7841E-01  9.7537E-01  3.0000E-01  1.2046E+00  2.3243E-02  1.3857E-02  2.0197E-02
  4.7937E-01  9.7952E-01  3.0000E-01  1.2046E+00  2.3342E-02  1.3916E-02  2.0282E-02
  4.8034E-01  9.8367E-01  3.0000E-01  1.2046E+00  2.3440E-02  1.3975E-02  2.0367E-02
  4.8130E-01  9.8782E-01  3.0000E-01  1.2046E+00  2.3538E-02  1.4034E-02  2.0453E-02
  4.8227E-01  9.9197E-01  3.0000E-01  1.2046E+00  2.3636E-02  1.4093E-02  2.0538E-02
  4.8324E-01  9.9612E-01  3.0000E-01  1.2047E+00  2.3735E-02  1.4153E-02  2.0623E-02
  4.8420E-01  1.0003E+00  3.0000E-01  1.2047E+00  2.3833E-02  1.4212E-02  2.0708E-02
  4.8517E-01  1.0044E+00  3.0000E-01  1.2047E+00  2.3931E-02  1.4271E-02  2.0793E-02
  4.8613E-01  1.0086E+00  3.0000E-01  1.2047E+00  2.4029E-02  1.4330E-02  2.0879E-02
  4.8710E-01  1.0127E+00  3.0000E-01  1.2047E+00  2.4128E-02  1.4389E-02  2.0964E-02
  4.8807E-01  1.0169E+00  3.0000E-01  1.2047E+00  2.4226E-02  1.4448E-02  2.1049E-02
  4.8898E-01  1.0208E+00  3.0000E-01  1.2047E+00  2.4318E-02  1.4504E-02  2.1129E-02
  4.8994E-01  1.0249E+00  3.0000E-01  1.2048E+00  2.4417E-02  1.4563E-02  2.1214E-02
  4.9091E-01  1.0291E+00  3.0000E-01  1.2048E+00  2.4515E-02  1.4622E-02  2.1300E-02
  4.9187E-01  1.0332E+00  3.0000E-01  1.2048E+00  2.4613E-02  1.4681E-02  2.1385E-02
  4.9284E-01  1.0374E+00  3.0000E-01  1.2048E+00  2.4711E-02  1.4741E-02  2.1470E-02
  4.9381E-01  1.0415E+00  3.0000E-01  1.2048E+00  2.4809E-02  1.4800E-02  2.1555E-02
  4.9477E-01  1.0457E+00  3.0000E-01  1.2048E+00  2.4908E-02  1.4859E-02  2.1640E-02
  4.9574E-01  1.0498E+00  3.0000E-01  1.2049E+00  2.5006E-02  1.4918E-02  2.1725E-02
  4.9671E-01  1.0540E+00  3.0000E-01  1.2049E+00  2.5104E-02  1.4977E-02  2.1810E-02
  4.9767E-01  1.0581E+00  3.0000E-01  1.2049E+00  2.5202E-02  1.5036E-02  2.1896E-02
  4.9864E-01  1.0623E+00  3.0000E-01  1.2049E+00  2.5300E-02  1.5095E-02  2.1981E-02
  4.9960E-01  1.0664E+00  3.0000E-01  1.2049E+00  2.5398E-02  1.5154E-02  2.2066E-02
  5.0057E-01  1.0706E+00  3.0000E-01  1.2050E+00  2.5497E-02  1.5213E-02  2.2151E-02
  5.0154E-01  1.0747E+00  3.0000E-01  1.2050E+00  2.5595E-02  1.5272E-02  2.2236E-02
  5.0250E-01  1.0789E+00  3.0000E-01  1.2050E+00  2.5693E-02  1.5331E-02  2.2321E-02
  5.0347E-01  1.0830E+00  3.0000E-01  1.2050E+00  2.5791E-02  1.5390E-02  2.2407E-02
  5.0444E-01  1.0872E+00  3.0000E-01  1.2050E+00  2.5889E-02  1.5449E-02  2.2492E-02
  5.0540E-01  1.0913E+00  3.0000E-01  1.2050E+00  2.5987E-02  1.5508E-02  2.2577E-02
  5.0637E-01  1.0955E+00  3.0000E-01  1.2051E+00  2.6086E-02  1.5568E-02  2.2662E-02
  5.0728E-01  1.0994E+00  3.0000E-01  1.2051E+00  2.6178E-02  1.5623E-02  2.2742E-02
  5.0824E-01  1.1035E+00  3.0000E-01  1.2051E+00  2.6276E-02  1.5682E-02  2.2827E-02
  5.0921E-01  1.1077E+00  3.0000E-01  1.2051E+00  2.6374E-02  1.5741E-02  2.2913E-02
  5.1018E-01  1.1118E+00  3.0000E-01  1.2051E+00  2.6472E-02  1.5800E-02  2.2998E-02
  5.1114E-01  1.1160E+00  3.0000E-01  1.2051E+00  2.6571E-02  1.5859E-02  2.3083E-02
  5.1211E-01  1.1201E+00  3.0000E-01  1.2052E+00  2.6669E-02  1.5918E-02  2.3168E-02
  5.1307E-01  1.1243E+00  3.0000E-01  1.2052E+00  2.6767E-02  1.5977E-02  2.3253E-02
  5.1404E-01  1.1284E+00  3.0000E-01  1.2052E+00  2.6865E-02  1.6036E-02  2.3339E-02
  5.1501E-01  1.1326E+00  3.0000E-01  1.2052E+00  2.6963E-02  1.6095E-02  2.3424E-02
  5.1597E-01  1.1367E+00  3.0000E-01  1.2052E+00  2.7061E-02  1.6154E-02  2.3509E-02
  5.1694E-01  1.1409E+00  3.0000E-01  1.2053E+00  2.7160E-02  1.6213E-02  2.3594E-02
  5.1791E-01  1.1450E+00  3.0000E-01  1.2053E+00  2.7258E-02  1.6272E-02  2.3679E-02
  5.1887E-01  1.1492E+00  3.0000E-01  1.2053E+00  2.7356E-02  1.6331E-02  2.3765E-02
  5.1984E-01  1.1533E+00  3.0000E-01  1.2053E+00  2.7454E-02  1.6389E-02  2.3850E-02
  5.2080E-01  1.1575E+00  3.0000E-01  1.2053E+00  2.7552E-02  1.6448E-02  2.3935E-02
  5.2177E-01  1.1616E+00  3.0000E-01  1.2054E+00  2.7650E-02  1.6507E-02  2.4020E-02
  5.2274E-01  1.1658E+00  3.0000E-01  1.2054E+00  2.7748E-02  1.6566E-02  2.4105E-02
  5.2370E-01  1.1699E+00  3.0000E-01  1.2054E+00  2.7846E-02  1.6625E-02  2.4190E-02
  5.2467E-01  1.1741E+00  3.0000E-01  1.2054E+00  2.7944E-02  1.6683E-02  2.4275E-02
  5.2563E-01  1.1783E+00  3.0000E-01  1.2054E+00  2.8042E-02  1.6742E-02  2.4361E-02
  5.2654E-01  1.1822E+00  3.0000E-01  1.2054E+00  2.8134E-02  1.6797E-02  2.4441E-02
  5.2751E-01  1.1863E+00  3.0000E-01  1.2055E+00  2.8232E-02  1.6856E-02  2.4526E-02
  5.2848E-01  1.1905E+00  3.0000E-01  1.2055E+00  2.8330E-02  1.6915E-02  2.4611E-02
  5.2944E-01  1.1946E+00  3.0000E-01  1.2055E+00  2.8428E-02  1.6973E-02  2.4696E-02
  5.3041E-01  1.1988E+00  3.0000E-01  1.2055E+00  2.8526E-02  1.7032E-02  2.4781E-02
  5.3138E-01  1.2029E+00  3.0000E-01  1.2055E+00  2.8624E-02  1.7091E-02  2.4866E-02
  5.3234E-01  1.2071E+00  3.0000E-01  1.2056E+00  2.8722E-02  1.7149E-02  2.4951E-02
  5.3331E-01  1.2112E+00  3.0000E-01  1.2056E+00  2.8820E-02  1.7208E-02  2.5037E-02
  5.3427E-01  1.2154E+00  3.0000E-01  1.2056E+00  2.8917E-02  1.7267E-02  2.5122E-02
  5.3524E-01  1.2195E+00  3.0000E-01  1.2056E+00  2.9015E-02  1.7325E-02  2.5207E-02
  5.3621E-01  1.2237E+00  3.0000E-01  1.2056E+00  2.9113E-02  1.7384E-02  2.5292E-02
  5.3717E-01  1.2278E+00  3.0000E-01  1.2057E+00  2.9211E-02  1.7442E-02  2.5377E-02
  5.3814E-01  1.2320E+00  3.0000E-01  1.2057E+00  2.9309E-02  1.7501E-02  2.5462E-02
  5.3910E-01  1.2361E+00  3.0000E-01  1.2057E+00  2.9407E-02  1.7560E-02  2.5547E-02
  5.4007E-01  1.2403E+00  3.0000E-01  1.2057E+00  2.9505E-02  1.7618E-02  2.5633E-02
  5.4104E-01  1.2444E+00  3.0000E-01  1.2057E+00  2.9603E-02  1.7677E-02  2.5718E-02
  5.4200E-01  1.2486E+00  3.0000E-01  1.2058E+00  2.9701E-02  1.7736E-02  2.5803E-02
  5.4297E-01  1.2527E+00  3.0000E-01  1.2058E+00  2.9799E-02  1.7794E-02  2.5888E-02
  5.4394E-01  1.2569E+00  3.0000E-01  1.2058E+00  2.9897E-02  1.7853E-02  2.5973E-02
  5.4490E-01  1.2610E+00  3.0000E-01  1.2058E+00  2.9995E-02  1.7911E-02  2.6058E-02
  5.4581E-01  1.2649E+00  3.0000E-01  1.2058E+00  3.0087E-02  1.7966E-02  2.6138E-02
  5.4678E-01  1.2691E+00  3.0000E-01  1.2059E+00  3.0185E-02  1.8025E-02  2.6224E-02
  5.4774E-01  1.2732E+00  3.0000E-01  1.2059E+00  3.0283E-02  1.8084E-02  2.6309E-02
  5.4871E-01  1.2774E+00  3.0000E-01  1.2059E+00  3.0381E-02  1.8142E-02  2.6394E-02
  5.4968E-01  1.2815E+00  3.0000E-01  1.2059E+00  3.0479E-02  1.8201E-02  2.6479E-02
  5.5064E-01  1.2857E+00  3.0000E-01  1.2059E+00  3.0576E-02  1.8260E-02  2.6564E-02
  5.5161E-01  1.2898E+00  3.0000E-01  1.2060E+00  3.0674E-02  1.8318E-02  2.6649E-02
  5.5257E-01  1.2940E+00  3.0000E-01  1.2060E+00  3.0772E-02  1.8377E-02  2.6735E-02
  5.5354E-01  1.2981E+00  3.0000E-01  1.2060E+00  3.0870E-02  1.8436E-02  2.6820E-02
  5.5451E-01  1.3023E+00  3.0000E-01  1.2060E+00  3.0968E-02  1.8494E-02  2.6905E-02
  5.5547E-01  1.3064E+00  3.0000E-01  1.2060E+00  3.1066E-02  1.8553E-02  2.6990E-02
  5.5644E-01  1.3106E+00  3.0000E-01  1.2061E+00  3.1164E-02  1.8611E-02  2.7075E-02
  5.5741E-01  1.3147E+00  3.0000E-01  1.2061E+00  3.1262E-02  1.8670E-02  2.7160E-02
  5.5837E-01  1.3189E+00  3.0000E-01  1.2061E+00  3.1360E-02  1.8729E-02  2.7246E-02
  5.5934E-01  1.3230E+00  3.0000E-01  1.2061E+00  3.1458E-02  1.8787E-02  2.7331E-02
  5.6030E-01  1.3272E+00  3.0000E-01  1.2062E+00  3.1555E-02  1.8845E-02  2.7416E-02
  5.6127E-01  1.3313E+00  3.0000E-01  1.2062E+00  3.1653E-02  1.8904E-02  2.7501E-02
  5.6224E-01  1.3355E+00  3.0000E-01  1.2062E+00  3.1751E-02  1.8962E-02  2.7586E-02
  5.6320E-01  1.3396E+00  3.0000E-01  1.2062E+00  3.1849E-02  1.9020E-02  2.7671E-02
  5.6417E-01  1.3438E+00  3.0000E-01  1.2062E+00  3.1946E-02  1.9079E-02  2.7756E-02
  5.6508E-01  1.3477E+00  3.0000E-01  1.2063E+00  3.2038E-02  1.9134E-02  2.7836E-02
  5.6604E-01  1.3518E+00  3.0000E-01  1.2063E+00  3.2136E-02  1.9192E-02  2.7921E-02
  5.6701E-01  1.3560E+00  3.0000E-01  1.2063E+00  3.2234E-02  1.9250E-02  2.8006E-02
  5.6798E-01  1.3601E+00  3.0000E-01  1.2063E+00  3.2331E-02  1.9308E-02  2.8091E-02
  5.6894E-01  1.3643E+00  3.0000E-01  1.2064E+00  3.2429E-02  1.9366E-02  2.8177E-02
  5.6991E-01  1.3684E+00  3.0000E-01  1.2064E+00  3.2527E-02  1.9425E-02  2.8262E-02
  5.7088E-01  1.3726E+00  3.0000E-01  1.2064E+00  3.2624E-02  1.9483E-02  2.8347E-02
  5.7184E-01  1.3767E+00  3.0000E-01  1.2064E+00  3.2722E-02  1.9541E-02  2.8432E-02
  5.7281E-01  1.3809E+00  3.0000E-01  1.2064E+00  3.2820E-02  1.9599E-02  2.8517E-02
  5.7377E-01  1.3850E+00  3.0000E-01  1.2065E+00  3.2917E-02  1.9657E-02  2.8602E-02
  5.7474E-01  1.3892E+00  3.0000E-01  1.2065E+00  3.3015E-02  1.9715E-02  2.8687E-02
  5.7571E-01  1.3933E+00  3.0000E-01  1.2065E+00  3.3112E-02  1.9773E-02  2.8772E-02
  5.7667E-01  1.3975E+00  3.0000E-01  1.2065E+00  3.3210E-02  1.9832E-02  2.8857E-02
  5.7764E-01  1.4016E+00  3.0000E-01  1.2066E+00  3.3308E-02  1.9890E-02  2.8942E-02
  5.7861E-01  1.4058E+00  3.0000E-01  1.2066E+00  3.3405E-02  1.9948E-02  2.9027E-02
  5.7957E-01  1.4099E+00  3.0000E-01  1.2066E+00  3.3503E-02  2.0006E-02  2.9112E-02
  5.8054E-01  1.4141E+00  3.0000E-01  1.2066E+00  3.3600E-02  2.0064E-02  2.9197E-02
  5.8150E-01  1.4182E+00  3.0000E-01  1.2066E+00  3.3698E-02  2.0122E-02  2.9282E-02
  5.8247E-01  1.4224E+00  3.0000E-01  1.2067E+00  3.3795E-02  2.0180E-02  2.9368E-02
  5.8344E-01  1.4265E+00  3.0000E-01  1.2067E+00  3.3893E-02  2.0238E-02  2.9453E-02
  5.8435E-01  1.4304E+00  3.0000E-01  1.2067E+00  3.3985E-02  2.0292E-02  2.9533E-02
  5.8531E-01  1.4346E+00  3.0000E-01  1.2067E+00  3.4082E-02  2.0350E-02  2.9618E-02
  5.8628E-01  1.4387E+00  3.0000E-01  1.2068E+00  3.4180E-02  2.0408E-02  2.9703E-02
  5.8724E-01  1.4429E+00  3.0000E-01  1.2068E+00  3.4277E-02  2.0466E-02  2.9788E-02
  5.8821E-01  1.4470E+00  3.0000E-01  1.2068E+00  3.4375E-02  2.0524E-02  2.9873E-02
  5.8918E-01  1.4512E+00  3.0000E-01  1.2068E+00  3.4472E-02  2.0582E-02  2.9958E-02
  5.9014E-01  1.4554E+00  3.0000E-01  1.2069E+00  3.4570E-02  2.0640E-02  3.0043E-02
  5.9111E-01  1.4595E+00  3.0000E-01  1.2069E+00  3.4667E-02  2.0698E-02  3.0128E-02
  5.9207E-01  1.4637E+00  3.0000E-01  1.2069E+00  3.4765E-02  2.0756E-02  3.0213E-02
  5.9304E-01  1.4678E+00  3.0000E-01  1.2069E+00  3.4862E-02  2.0814E-02  3.0298E-02
  5.9401E-01  1.4720E+00  3.0000E-01  1.2069E+00  3.4960E-02  2.0872E-02  3.0383E-02
  5.9600E-01  1.4805E+00  3.0000E-01  1.2070E+00  3.5161E-02  2.0992E-02  3.0558E-02
