  3.0787E-01  6.4452E-02  2.4452E-03  3.4739E-01  1.2394E+00  4.1687E-02  1.2335E+00
  3.0883E-01  9.2040E-02  5.3582E-03  5.8576E-01  2.1364E+00  1.0493E-01  2.1289E+00
  3.0980E-01  1.1243E-01  8.3397E-03  7.7563E-01  2.8616E+00  1.7498E-01  2.8527E+00
  3.1076E-01  1.2939E-01  1.1395E-02  9.3936E-01  3.5103E+00  2.5171E-01  3.5001E+00
  3.1172E-01  1.4416E-01  1.4516E-02  1.0853E+00  4.1186E+00  3.3525E-01  4.1070E+00
  3.1269E-01  1.5747E-01  1.7728E-02  1.2191E+00  4.7072E+00  4.2279E-01  4.6944E+00
  3.1365E-01  1.6955E-01  2.0997E-02  1.3425E+00  5.2753E+00  5.0873E-01  5.2616E+00
  3.1462E-01  1.8091E-01  2.4392E-02  1.4598E+00  5.8360E+00  5.9294E-01  5.8219E+00
  3.1558E-01  1.9140E-01  2.7823E-02  1.5691E+00  6.3755E+00  6.7318E-01  6.3611E+00
  3.1654E-01  2.0129E-01  3.1320E-02  1.6727E+00  6.8997E+00  7.5050E-01  6.8851E+00
  3.1751E-01  2.1081E-01  3.4938E-02  1.7728E+00  7.4164E+00  8.2482E-01  7.4018E+00
  3.1846E-01  2.1972E-01  3.8547E-02  1.8665E+00  7.9069E+00  9.0398E-01  7.8921E+00
  3.1943E-01  2.2839E-01  4.2267E-02  1.9575E+00  8.3878E+00  1.0141E+00  8.3718E+00
  3.2040E-01  2.3669E-01  4.6022E-02  2.0443E+00  8.8492E+00  1.1627E+00  8.8309E+00
  3.2136E-01  2.4463E-01  4.9786E-02  2.1268E+00  9.2873E+00  1.3439E+00  9.2658E+00
  3.2233E-01  2.5244E-01  5.3648E-02  2.2074E+00  9.7118E+00  1.6090E+00  9.6844E+00
  3.2329E-01  2.5989E-01  5.7467E-02  2.2834E+00  1.0112E+01  2.0203E+00  1.0073E+01
  3.2424E-01  2.6709E-01  6.1281E-02  2.3561E+00  1.0496E+01  2.5997E+00  1.0438E+01
  3.2521E-01  2.7417E-01  6.5129E-02  2.4267E+00  1.0874E+01  3.3963E+00  1.0783E+01
  3.2618E-01  2.8113E-01  6.8997E-02  2.4950E+00  1.1251E+01  4.4449E+00  1.1109E+01
  3.2714E-01  2.8784E-01  7.2794E-02  2.5599E+00  1.1626E+01  5.7301E+00  1.1408E+01
  3.2810E-01  2.9443E-01  7.6579E-02  2.6225E+00  1.2014E+01  7.2602E+00  1.1690E+01
  3.2908E-01  3.0102E-01  8.0409E-02  2.6841E+00  1.2425E+01  9.0594E+00  1.1958E+01
  3.3004E-01  3.0737E-01  8.4132E-02  2.7423E+00  1.2852E+01  1.1042E+01  1.2205E+01
  3.3100E-01  3.1360E-01  8.7814E-02  2.7984E+00  1.3310E+01  1.3222E+01  1.2444E+01
  3.3196E-01  3.1970E-01  9.1444E-02  2.8524E+00  1.3801E+01  1.5574E+01  1.2675E+01
  3.3293E-01  3.2580E-01  9.5088E-02  2.9056E+00  1.4337E+01  1.8138E+01  1.2906E+01
  3.3388E-01  3.3166E-01  9.8599E-02  2.9558E+00  1.4903E+01  2.0793E+01  1.3138E+01
  3.3486E-01  3.3764E-01  1.0220E-01  3.0063E+00  1.5532E+01  2.3688E+01  1.3385E+01
  3.3581E-01  3.4338E-01  1.0566E-01  3.0542E+00  1.6183E+01  2.6625E+01  1.3634E+01
  3.3678E-01  3.4912E-01  1.0912E-01  3.1016E+00  1.6877E+01  2.9711E+01  1.3895E+01
  3.3773E-01  3.5473E-01  1.1251E-01  3.1476E+00  1.7597E+01  3.2870E+01  1.4163E+01
  3.3870E-01  3.6035E-01  1.1590E-01  3.1933E+00  1.8359E+01  3.6161E+01  1.4451E+01
  3.3967E-01  3.6596E-01  1.1929E-01  3.2388E+00  1.9158E+01  3.9581E+01  1.4754E+01
  3.4064E-01  3.7146E-01  1.2259E-01  3.2832E+00  1.9973E+01  4.3036E+01  1.5070E+01
  3.4159E-01  3.7683E-01  1.2581E-01  3.3266E+00  2.0799E+01  4.6514E+01  1.5398E+01
  3.4257E-01  3.8232E-01  1.2908E-01  3.3711E+00  2.1676E+01  5.0170E+01  1.5760E+01
  3.4351E-01  3.8757E-01  1.3217E-01  3.4138E+00  2.2545E+01  5.3760E+01  1.6133E+01
  3.4449E-01  3.9294E-01  1.3531E-01  3.4578E+00  2.3461E+01  5.7536E+01  1.6539E+01
  3.4545E-01  3.9819E-01  1.3836E-01  3.5012E+00  2.4385E+01  6.1334E+01  1.6963E+01
  3.4642E-01  4.0344E-01  1.4140E-01  3.5451E+00  2.5336E+01  6.5239E+01  1.7414E+01
  3.4737E-01  4.0857E-01  1.4433E-01  3.5885E+00  2.6284E+01  6.9144E+01  1.7877E+01
  3.4833E-01  4.1369E-01  1.4725E-01  3.6325E+00  2.7255E+01  7.3141E+01  1.8369E+01
  3.4929E-01  4.1882E-01  1.5014E-01  3.6772E+00  2.8247E+01  7.7222E+01  1.8891E+01
  3.5026E-01  4.2395E-01  1.5300E-01  3.7228E+00  2.9260E+01  8.1389E+01  1.9446E+01
  3.5122E-01  4.2895E-01  1.5576E-01  3.7681E+00  3.0264E+01  8.5545E+01  2.0012E+01
  3.5220E-01  4.3408E-01  1.5857E-01  3.8154E+00  3.1311E+01  8.9893E+01  2.0622E+01
  3.5316E-01  4.3908E-01  1.6129E-01  3.8627E+00  3.2352E+01  9.4229E+01  2.1249E+01
  3.5411E-01  4.4397E-01  1.6392E-01  3.9098E+00  3.3385E+01  9.8548E+01  2.1892E+01
  3.5508E-01  4.4897E-01  1.6660E-01  3.9592E+00  3.4461E+01  1.0306E+02  2.2582E+01
  3.5604E-01  4.5386E-01  1.6920E-01  4.0085E+00  3.5526E+01  1.0755E+02  2.3287E+01
  3.5702E-01  4.5886E-01  1.7184E-01  4.0604E+00  3.6629E+01  1.1221E+02  2.4041E+01
  3.5798E-01  4.6374E-01  1.7438E-01  4.1122E+00  3.7715E+01  1.1684E+02  2.4802E+01
  3.5892E-01  4.6850E-01  1.7683E-01  4.1640E+00  3.8783E+01  1.2143E+02  2.5568E+01
  3.5990E-01  4.7339E-01  1.7933E-01  4.2185E+00  3.9892E+01  1.2623E+02  2.6380E+01
  3.6087E-01  4.7827E-01  1.8182E-01  4.2744E+00  4.1015E+01  1.3113E+02  2.7222E+01
  3.6182E-01  4.8303E-01  1.8423E-01  4.3303E+00  4.2121E+01  1.3600E+02  2.8068E+01
  3.6278E-01  4.8779E-01  1.8662E-01  4.3876E+00  4.3239E+01  1.4095E+02  2.8940E+01
  3.6374E-01  4.9255E-01  1.8899E-01  4.4463E+00  4.4367E+01  1.4599E+02  2.9840E+01
  3.6471E-01  4.9731E-01  1.9134E-01  4.5065E+00  4.5502E+01  1.5111E+02  3.0759E+01
  3.6567E-01  5.0207E-01  1.9366E-01  4.5682E+00  4.6642E+01  1.5631E+02  3.1697E+01
  3.6665E-01  5.0683E-01  1.9596E-01  4.6315E+00  4.7790E+01  1.6159E+02  3.2658E+01
  3.6759E-01  5.1147E-01  1.9818E-01  4.6946E+00  4.8916E+01  1.6682E+02  3.3616E+01
  3.6857E-01  5.1623E-01  2.0043E-01  4.7608E+00  5.0074E+01  1.7227E+02  3.4613E+01
  3.6953E-01  5.2087E-01  2.0259E-01  4.8269E+00  5.1208E+01  1.7769E+02  3.5597E+01
  3.7051E-01  5.2563E-01  2.0479E-01  4.8963E+00  5.2377E+01  1.8336E+02  3.6619E+01
  3.7147E-01  5.3027E-01  2.0692E-01  4.9654E+00  5.3525E+01  1.8902E+02  3.7629E+01
  3.7243E-01  5.3491E-01  2.0900E-01  5.0361E+00  5.4671E+01  1.9475E+02  3.8645E+01
  3.7340E-01  5.3955E-01  2.1106E-01  5.1082E+00  5.5817E+01  2.0059E+02  3.9667E+01
  3.7434E-01  5.4406E-01  2.1303E-01  5.1798E+00  5.6928E+01  2.0638E+02  4.0661E+01
  3.7531E-01  5.4870E-01  2.1502E-01  5.2548E+00  5.8067E+01  2.1248E+02  4.1676E+01
  3.7628E-01  5.5334E-01  2.1697E-01  5.3313E+00  5.9205E+01  2.1871E+02  4.2688E+01
  3.7725E-01  5.5798E-01  2.1890E-01  5.4092E+00  6.0337E+01  2.2509E+02  4.3692E+01
  3.7820E-01  5.6250E-01  2.2073E-01  5.4864E+00  6.1426E+01  2.3141E+02  4.4656E+01
  3.7915E-01  5.6701E-01  2.2252E-01  5.5649E+00  6.2500E+01  2.3787E+02  4.5599E+01
  3.8013E-01  5.7165E-01  2.2430E-01  5.6469E+00  6.3583E+01  2.4466E+02  4.6538E+01
  3.8109E-01  5.7617E-01  2.2599E-01  5.7280E+00  6.4615E+01  2.5140E+02  4.7421E+01
  3.8205E-01  5.8069E-01  2.2762E-01  5.8102E+00  6.5617E+01  2.5827E+02  4.8267E+01
  3.8303E-01  5.8532E-01  2.2923E-01  5.8959E+00  6.6607E+01  2.6543E+02  4.9090E+01
  3.8399E-01  5.8984E-01  2.3072E-01  5.9804E+00  6.7529E+01  2.7247E+02  4.9844E+01
  3.8495E-01  5.9436E-01  2.3212E-01  6.0660E+00  6.8401E+01  2.7956E+02  5.0545E+01
  3.8592E-01  5.9887E-01  2.3344E-01  6.1525E+00  6.9215E+01  2.8664E+02  5.1188E+01
  3.8688E-01  6.0339E-01  2.3465E-01  6.2400E+00  6.9970E+01  2.9367E+02  5.1777E+01
  3.8785E-01  6.0791E-01  2.3578E-01  6.3283E+00  7.0667E+01  3.0064E+02  5.2315E+01
  3.8879E-01  6.1230E-01  2.3678E-01  6.4150E+00  7.1290E+01  3.0733E+02  5.2793E+01
  3.8976E-01  6.1682E-01  2.3772E-01  6.5050E+00  7.1875E+01  3.1406E+02  5.3245E+01
  3.9072E-01  6.2134E-01  2.3857E-01  6.5956E+00  7.2404E+01  3.2058E+02  5.3664E+01
  3.9169E-01  6.2585E-01  2.3932E-01  6.6870E+00  7.2878E+01  3.2685E+02  5.4056E+01
  3.9266E-01  6.3037E-01  2.3999E-01  6.7791E+00  7.3301E+01  3.3284E+02  5.4428E+01
  3.9361E-01  6.3476E-01  2.4057E-01  6.8693E+00  7.3667E+01  3.3837E+02  5.4777E+01
  3.9458E-01  6.3928E-01  2.4109E-01  6.9626E+00  7.3999E+01  3.4370E+02  5.5129E+01
  3.9555E-01  6.4380E-01  2.4153E-01  7.0566E+00  7.4289E+01  3.4865E+02  5.5478E+01
  3.9649E-01  6.4819E-01  2.4191E-01  7.1487E+00  7.4534E+01  3.5309E+02  5.5819E+01
  3.9747E-01  6.5271E-01  2.4223E-01  7.2439E+00  7.4748E+01  3.5723E+02  5.6173E+01
  3.9844E-01  6.5722E-01  2.4250E-01  7.3397E+00  7.4930E+01  3.6098E+02  5.6530E+01
  3.9938E-01  6.6162E-01  2.4271E-01  7.4336E+00  7.5078E+01  3.6425E+02  5.6882E+01
  4.0036E-01  6.6613E-01  2.4290E-01  7.5306E+00  7.5203E+01  3.6726E+02  5.7246E+01
  4.0133E-01  6.7065E-01  2.4304E-01  7.6283E+00  7.5305E+01  3.6993E+02  5.7611E+01
  4.0228E-01  6.7505E-01  2.4316E-01  7.7238E+00  7.5384E+01  3.7224E+02  5.7967E+01
  4.0325E-01  6.7956E-01  2.4325E-01  7.8226E+00  7.5450E+01  3.7436E+02  5.8330E+01
  4.0422E-01  6.8408E-01  2.4332E-01  7.9220E+00  7.5500E+01  3.7626E+02  5.8690E+01
  4.0517E-01  6.8847E-01  2.4337E-01  8.0192E+00  7.5539E+01  3.7793E+02  5.9035E+01
  4.0614E-01  6.9299E-01  2.4341E-01  8.1196E+00  7.5569E+01  3.7948E+02  5.9383E+01
  4.0711E-01  6.9751E-01  2.4344E-01  8.2206E+00  7.5591E+01  3.8091E+02  5.9724E+01
  4.0806E-01  7.0190E-01  2.4346E-01  8.3193E+00  7.5607E+01  3.8221E+02  6.0048E+01
  4.0903E-01  7.0642E-01  2.4348E-01  8.4213E+00  7.5619E+01  3.8346E+02  6.0372E+01
  4.1001E-01  7.1093E-01  2.4349E-01  8.5237E+00  7.5628E+01  3.8465E+02  6.0688E+01
  4.1095E-01  7.1533E-01  2.4350E-01  8.6238E+00  7.5633E+01  3.8576E+02  6.0987E+01
  4.1193E-01  7.1985E-01  2.4350E-01  8.7271E+00  7.5637E+01  3.8687E+02  6.1285E+01
  4.1287E-01  7.2424E-01  2.4350E-01  8.8281E+00  7.5639E+01  3.8792E+02  6.1566E+01
  4.1385E-01  7.2876E-01  2.4351E-01  8.9323E+00  7.5640E+01  3.8897E+02  6.1847E+01
  4.1482E-01  7.3327E-01  2.4350E-01  9.0368E+00  7.5640E+01  3.9001E+02  6.2119E+01
  4.1577E-01  7.3767E-01  2.4350E-01  9.1390E+00  7.5639E+01  3.9102E+02  6.2375E+01
  4.1674E-01  7.4218E-01  2.4350E-01  9.2443E+00  7.5638E+01  3.9204E+02  6.2631E+01
  4.1771E-01  7.4670E-01  2.4350E-01  9.3500E+00  7.5637E+01  3.9306E+02  6.2879E+01
  4.1866E-01  7.5110E-01  2.4350E-01  9.4532E+00  7.5636E+01  3.9405E+02  6.3113E+01
  4.1963E-01  7.5561E-01  2.4349E-01  9.5596E+00  7.5634E+01  3.9506E+02  6.3346E+01
  4.2058E-01  7.6001E-01  2.4349E-01  9.6635E+00  7.5633E+01  3.9605E+02  6.3565E+01
  4.2155E-01  7.6452E-01  2.4349E-01  9.7705E+00  7.5631E+01  3.9708E+02  6.3784E+01
  4.2252E-01  7.6904E-01  2.4349E-01  9.8779E+00  7.5630E+01  3.9810E+02  6.3996E+01
  4.2347E-01  7.7343E-01  2.4348E-01  9.9826E+00  7.5628E+01  3.9911E+02  6.4197E+01
  4.2444E-01  7.7795E-01  2.4348E-01  1.0091E+01  7.5627E+01  4.0015E+02  6.4397E+01
  4.2542E-01  7.8247E-01  2.4348E-01  1.0199E+01  7.5626E+01  4.0119E+02  6.4590E+01
  4.2636E-01  7.8686E-01  2.4348E-01  1.0304E+01  7.5625E+01  4.0221E+02  6.4773E+01
  4.2734E-01  7.9138E-01  2.4347E-01  1.0413E+01  7.5625E+01  4.0327E+02  6.4956E+01
  4.2831E-01  7.9590E-01  2.4347E-01  1.0522E+01  7.5624E+01  4.0433E+02  6.5133E+01
  4.2926E-01  8.0029E-01  2.4347E-01  1.0628E+01  7.5623E+01  4.0538E+02  6.5301E+01
  4.3023E-01  8.0481E-01  2.4347E-01  1.0738E+01  7.5623E+01  4.0645E+02  6.5468E+01
  4.3118E-01  8.0920E-01  2.4347E-01  1.0845E+01  7.5623E+01  4.0751E+02  6.5626E+01
  4.3215E-01  8.1372E-01  2.4347E-01  1.0955E+01  7.5622E+01  4.0860E+02  6.5784E+01
  4.3312E-01  8.1823E-01  2.4347E-01  1.1065E+01  7.5622E+01  4.0969E+02  6.5937E+01
  4.3407E-01  8.2263E-01  2.4347E-01  1.1172E+01  7.5622E+01  4.1077E+02  6.6083E+01
  4.3504E-01  8.2715E-01  2.4347E-01  1.1283E+01  7.5622E+01  4.1188E+02  6.6228E+01
  4.3601E-01  8.3166E-01  2.4346E-01  1.1394E+01  7.5622E+01  4.1299E+02  6.6369E+01
  4.3696E-01  8.3606E-01  2.4346E-01  1.1502E+01  7.5622E+01  4.1408E+02  6.6503E+01
  4.3793E-01  8.4057E-01  2.4346E-01  1.1613E+01  7.5622E+01  4.1521E+02  6.6636E+01
  4.3888E-01  8.4497E-01  2.4346E-01  1.1721E+01  7.5623E+01  4.1631E+02  6.6763E+01
  4.3985E-01  8.4948E-01  2.4346E-01  1.1833E+01  7.5623E+01  4.1744E+02  6.6890E+01
  4.4083E-01  8.5400E-01  2.4346E-01  1.1945E+01  7.5623E+01  4.1858E+02  6.7013E+01
  4.4177E-01  8.5840E-01  2.4346E-01  1.2053E+01  7.5623E+01  4.1970E+02  6.7130E+01
  4.4275E-01  8.6291E-01  2.4346E-01  1.2165E+01  7.5624E+01  4.2085E+02  6.7247E+01
  4.4372E-01  8.6743E-01  2.4346E-01  1.2278E+01  7.5624E+01  4.2201E+02  6.7361E+01
  4.4467E-01  8.7182E-01  2.4346E-01  1.2387E+01  7.5625E+01  4.2314E+02  6.7470E+01
  4.4564E-01  8.7634E-01  2.4346E-01  1.2500E+01  7.5625E+01  4.2431E+02  6.7578E+01
  4.4661E-01  8.8086E-01  2.4346E-01  1.2612E+01  7.5625E+01  4.2548E+02  6.7684E+01
  4.4756E-01  8.8525E-01  2.4346E-01  1.2722E+01  7.5626E+01  4.2663E+02  6.7784E+01
  4.4853E-01  8.8977E-01  2.4346E-01  1.2835E+01  7.5626E+01  4.2781E+02  6.7885E+01
  4.4948E-01  8.9416E-01  2.4346E-01  1.2945E+01  7.5627E+01  4.2896E+02  6.7980E+01
  4.5045E-01  8.9868E-01  2.4346E-01  1.3058E+01  7.5627E+01  4.3016E+02  6.8076E+01
  4.5143E-01  9.0319E-01  2.4346E-01  1.3172E+01  7.5628E+01  4.3135E+02  6.8170E+01
  4.5237E-01  9.0759E-01  2.4346E-01  1.3282E+01  7.5628E+01  4.3252E+02  6.8258E+01
  4.5334E-01  9.1211E-01  2.4346E-01  1.3396E+01  7.5629E+01  4.3373E+02  6.8348E+01
  4.5432E-01  9.1662E-01  2.4346E-01  1.3509E+01  7.5629E+01  4.3494E+02  6.8435E+01
  4.5526E-01  9.2102E-01  2.4346E-01  1.3620E+01  7.5630E+01  4.3612E+02  6.8517E+01
  4.5624E-01  9.2553E-01  2.4346E-01  1.3734E+01  7.5630E+01  4.3733E+02  6.8600E+01
  4.5718E-01  9.2993E-01  2.4346E-01  1.3845E+01  7.5631E+01  4.3852E+02  6.8679E+01
  4.5816E-01  9.3444E-01  2.4346E-01  1.3959E+01  7.5631E+01  4.3975E+02  6.8758E+01
  4.5913E-01  9.3896E-01  2.4346E-01  1.4074E+01  7.5632E+01  4.4098E+02  6.8836E+01
  4.6008E-01  9.4336E-01  2.4346E-01  1.4185E+01  7.5632E+01  4.4218E+02  6.8910E+01
  4.6105E-01  9.4787E-01  2.4346E-01  1.4299E+01  7.5633E+01  4.4341E+02  6.8984E+01
  4.6202E-01  9.5239E-01  2.4346E-01  1.4414E+01  7.5633E+01  4.4466E+02  6.9056E+01
  4.6297E-01  9.5678E-01  2.4346E-01  1.4525E+01  7.5634E+01  4.4587E+02  6.9125E+01
  4.6394E-01  9.6130E-01  2.4346E-01  1.4640E+01  7.5634E+01  4.4711E+02  6.9194E+01
  4.6492E-01  9.6582E-01  2.4346E-01  1.4755E+01  7.5635E+01  4.4837E+02  6.9262E+01
  4.6586E-01  9.7021E-01  2.4346E-01  1.4867E+01  7.5635E+01  4.4959E+02  6.9327E+01
  4.6684E-01  9.7473E-01  2.4346E-01  1.4982E+01  7.5636E+01  4.5085E+02  6.9392E+01
  4.6778E-01  9.7912E-01  2.4346E-01  1.5094E+01  7.5636E+01  4.5208E+02  6.9453E+01
  4.6876E-01  9.8364E-01  2.4346E-01  1.5209E+01  7.5637E+01  4.5334E+02  6.9516E+01
  4.6973E-01  9.8816E-01  2.4347E-01  1.5325E+01  7.5637E+01  4.5462E+02  6.9577E+01
  4.7067E-01  9.9255E-01  2.4347E-01  1.5437E+01  7.5637E+01  4.5585E+02  6.9635E+01
  4.7165E-01  9.9707E-01  2.4347E-01  1.5552E+01  7.5638E+01  4.5713E+02  6.9693E+01
  4.7262E-01  1.0016E+00  2.4347E-01  1.5668E+01  7.5638E+01  4.5841E+02  6.9750E+01
  4.7357E-01  1.0060E+00  2.4347E-01  1.5780E+01  7.5639E+01  4.5966E+02  6.9805E+01
  4.7454E-01  1.0105E+00  2.4347E-01  1.5896E+01  7.5639E+01  4.6095E+02  6.9860E+01
  4.7549E-01  1.0149E+00  2.4347E-01  1.6009E+01  7.5640E+01  4.6221E+02  6.9912E+01
  4.7646E-01  1.0194E+00  2.4347E-01  1.6124E+01  7.5640E+01  4.6350E+02  6.9965E+01
  4.7743E-01  1.0239E+00  2.4347E-01  1.6240E+01  7.5640E+01  4.6480E+02  7.0017E+01
  4.7838E-01  1.0283E+00  2.4347E-01  1.6353E+01  7.5641E+01  4.6607E+02  7.0066E+01
  4.7935E-01  1.0328E+00  2.4347E-01  1.6469E+01  7.5641E+01  4.6737E+02  7.0116E+01
  4.8033E-01  1.0373E+00  2.4347E-01  1.6585E+01  7.5642E+01  4.6868E+02  7.0165E+01
  4.8127E-01  1.0417E+00  2.4347E-01  1.6698E+01  7.5642E+01  4.6996E+02  7.0211E+01
  4.8225E-01  1.0463E+00  2.4347E-01  1.6815E+01  7.5642E+01  4.7127E+02  7.0258E+01
  4.8322E-01  1.0508E+00  2.4347E-01  1.6931E+01  7.5643E+01  4.7259E+02  7.0304E+01
  4.8417E-01  1.0552E+00  2.4347E-01  1.7044E+01  7.5643E+01  4.7388E+02  7.0348E+01
  4.8514E-01  1.0597E+00  2.4347E-01  1.7160E+01  7.5644E+01  4.7520E+02  7.0393E+01
  4.8608E-01  1.0641E+00  2.4347E-01  1.7274E+01  7.5644E+01  4.7649E+02  7.0435E+01
  4.8706E-01  1.0686E+00  2.4347E-01  1.7390E+01  7.5644E+01  4.7782E+02  7.0478E+01
  4.8803E-01  1.0731E+00  2.4347E-01  1.7507E+01  7.5645E+01  4.7916E+02  7.0520E+01
  4.8898E-01  1.0775E+00  2.4347E-01  1.7620E+01  7.5645E+01  4.8046E+02  7.0560E+01
  4.8995E-01  1.0820E+00  2.4347E-01  1.7737E+01  7.5645E+01  4.8180E+02  7.0600E+01
  4.9092E-01  1.0865E+00  2.4347E-01  1.7854E+01  7.5646E+01  4.8314E+02  7.0640E+01
  4.9187E-01  1.0909E+00  2.4347E-01  1.7967E+01  7.5646E+01  4.8445E+02  7.0678E+01
  4.9284E-01  1.0955E+00  2.4347E-01  1.8084E+01  7.5647E+01  4.8580E+02  7.0716E+01
  4.9382E-01  1.1000E+00  2.4347E-01  1.8201E+01  7.5647E+01  4.8715E+02  7.0754E+01
  4.9476E-01  1.1044E+00  2.4347E-01  1.8315E+01  7.5647E+01  4.8847E+02  7.0790E+01
  4.9574E-01  1.1089E+00  2.4347E-01  1.8432E+01  7.5648E+01  4.8982E+02  7.0826E+01
  4.9668E-01  1.1133E+00  2.4347E-01  1.8546E+01  7.5648E+01  4.9115E+02  7.0861E+01
  4.9766E-01  1.1178E+00  2.4347E-01  1.8663E+01  7.5648E+01  4.9251E+02  7.0896E+01
  4.9863E-01  1.1223E+00  2.4347E-01  1.8780E+01  7.5649E+01  4.9388E+02  7.0930E+01
  4.9958E-01  1.1267E+00  2.4347E-01  1.8894E+01  7.5649E+01  4.9521E+02  7.0963E+01
  5.0055E-01  1.1312E+00  2.4347E-01  1.9011E+01  7.5649E+01  4.9658E+02  7.0997E+01
  5.0152E-01  1.1357E+00  2.4347E-01  1.9128E+01  7.5650E+01  4.9796E+02  7.1029E+01
  5.0247E-01  1.1401E+00  2.4347E-01  1.9242E+01  7.5650E+01  4.9930E+02  7.1061E+01
  5.0344E-01  1.1446E+00  2.4347E-01  1.9360E+01  7.5650E+01  5.0068E+02  7.1093E+01
  5.0439E-01  1.1490E+00  2.4347E-01  1.9474E+01  7.5651E+01  5.0202E+02  7.1123E+01
  5.0536E-01  1.1536E+00  2.4347E-01  1.9591E+01  7.5651E+01  5.0341E+02  7.1154E+01
  5.0633E-01  1.1581E+00  2.4347E-01  1.9709E+01  7.5651E+01  5.0479E+02  7.1184E+01
  5.0728E-01  1.1625E+00  2.4347E-01  1.9823E+01  7.5652E+01  5.0615E+02  7.1213E+01
  5.0825E-01  1.1670E+00  2.4347E-01  1.9940E+01  7.5652E+01  5.0754E+02  7.1242E+01
  5.0923E-01  1.1715E+00  2.4347E-01  2.0058E+01  7.5652E+01  5.0894E+02  7.1270E+01
  5.1017E-01  1.1759E+00  2.4347E-01  2.0172E+01  7.5653E+01  5.1030E+02  7.1298E+01
  5.1115E-01  1.1804E+00  2.4347E-01  2.0290E+01  7.5653E+01  5.1170E+02  7.1326E+01
  5.1212E-01  1.1849E+00  2.4347E-01  2.0408E+01  7.5653E+01  5.1310E+02  7.1353E+01
  5.1307E-01  1.1893E+00  2.4347E-01  2.0522E+01  7.5654E+01  5.1447E+02  7.1379E+01
  5.1404E-01  1.1938E+00  2.4347E-01  2.0640E+01  7.5654E+01  5.1588E+02  7.1406E+01
  5.1499E-01  1.1982E+00  2.4347E-01  2.0754E+01  7.5654E+01  5.1725E+02  7.1431E+01
  5.1596E-01  1.2028E+00  2.4347E-01  2.0872E+01  7.5654E+01  5.1866E+02  7.1457E+01
  5.1693E-01  1.2073E+00  2.4347E-01  2.0990E+01  7.5655E+01  5.2008E+02  7.1482E+01
  5.1788E-01  1.2117E+00  2.4347E-01  2.1105E+01  7.5655E+01  5.2146E+02  7.1507E+01
  5.1885E-01  1.2162E+00  2.4347E-01  2.1223E+01  7.5655E+01  5.2288E+02  7.1531E+01
  5.1982E-01  1.2207E+00  2.4347E-01  2.1341E+01  7.5656E+01  5.2430E+02  7.1555E+01
  5.2077E-01  1.2251E+00  2.4347E-01  2.1455E+01  7.5656E+01  5.2569E+02  7.1579E+01
  5.2174E-01  1.2296E+00  2.4347E-01  2.1573E+01  7.5656E+01  5.2711E+02  7.1602E+01
  5.2272E-01  1.2341E+00  2.4347E-01  2.1691E+01  7.5657E+01  5.2854E+02  7.1625E+01
  5.2366E-01  1.2385E+00  2.4347E-01  2.1806E+01  7.5657E+01  5.2994E+02  7.1647E+01
  5.2464E-01  1.2430E+00  2.4347E-01  2.1924E+01  7.5657E+01  5.3137E+02  7.1670E+01
  5.2558E-01  1.2474E+00  2.4347E-01  2.2039E+01  7.5657E+01  5.3277E+02  7.1691E+01
  5.2656E-01  1.2519E+00  2.4347E-01  2.2157E+01  7.5658E+01  5.3421E+02  7.1713E+01
  5.2753E-01  1.2565E+00  2.4347E-01  2.2275E+01  7.5658E+01  5.3565E+02  7.1735E+01
  5.2848E-01  1.2609E+00  2.4347E-01  2.2390E+01  7.5658E+01  5.3705E+02  7.1755E+01
  5.2945E-01  1.2654E+00  2.4347E-01  2.2508E+01  7.5658E+01  5.3850E+02  7.1776E+01
  5.3042E-01  1.2699E+00  2.4347E-01  2.2627E+01  7.5659E+01  5.3994E+02  7.1797E+01
  5.3137E-01  1.2743E+00  2.4347E-01  2.2742E+01  7.5659E+01  5.4135E+02  7.1817E+01
  5.3234E-01  1.2788E+00  2.4347E-01  2.2860E+01  7.5659E+01  5.4280E+02  7.1837E+01
  5.3329E-01  1.2832E+00  2.4347E-01  2.2975E+01  7.5660E+01  5.4422E+02  7.1856E+01
  5.3426E-01  1.2877E+00  2.4347E-01  2.3093E+01  7.5660E+01  5.4567E+02  7.1875E+01
  5.3523E-01  1.2922E+00  2.4347E-01  2.3212E+01  7.5660E+01  5.4713E+02  7.1895E+01
  5.3618E-01  1.2966E+00  2.4347E-01  2.3327E+01  7.5660E+01  5.4855E+02  7.1913E+01
  5.3715E-01  1.3011E+00  2.4347E-01  2.3445E+01  7.5661E+01  5.5002E+02  7.1932E+01
  5.3813E-01  1.3057E+00  2.4347E-01  2.3564E+01  7.5661E+01  5.5148E+02  7.1950E+01
  5.3907E-01  1.3101E+00  2.4347E-01  2.3679E+01  7.5661E+01  5.5291E+02  7.1968E+01
  5.4005E-01  1.3146E+00  2.4347E-01  2.3797E+01  7.5661E+01  5.5437E+02  7.1986E+01
  5.4102E-01  1.3191E+00  2.4347E-01  2.3916E+01  7.5662E+01  5.5584E+02  7.2003E+01
  5.4197E-01  1.3235E+00  2.4347E-01  2.4031E+01  7.5662E+01  5.5728E+02  7.2020E+01
  5.4294E-01  1.3280E+00  2.4347E-01  2.4150E+01  7.5662E+01  5.5875E+02  7.2038E+01
  5.4389E-01  1.3324E+00  2.4347E-01  2.4265E+01  7.5662E+01  5.6019E+02  7.2054E+01
  5.4486E-01  1.3369E+00  2.4347E-01  2.4383E+01  7.5663E+01  5.6166E+02  7.2071E+01
  5.4583E-01  1.3414E+00  2.4347E-01  2.4502E+01  7.5663E+01  5.6314E+02  7.2088E+01
  5.4678E-01  1.3458E+00  2.4347E-01  2.4617E+01  7.5663E+01  5.6459E+02  7.2103E+01
  5.4775E-01  1.3503E+00  2.4347E-01  2.4736E+01  7.5663E+01  5.6607E+02  7.2120E+01
  5.4872E-01  1.3549E+00  2.4347E-01  2.4855E+01  7.5663E+01  5.6755E+02  7.2136E+01
  5.4967E-01  1.3592E+00  2.4347E-01  2.4970E+01  7.5664E+01  5.6900E+02  7.2151E+01
  5.5064E-01  1.3638E+00  2.4347E-01  2.5089E+01  7.5664E+01  5.7049E+02  7.2166E+01
  5.5159E-01  1.3682E+00  2.4347E-01  2.5204E+01  7.5664E+01  5.7194E+02  7.2181E+01
  5.5256E-01  1.3727E+00  2.4347E-01  2.5323E+01  7.5664E+01  5.7343E+02  7.2196E+01
  5.5354E-01  1.3772E+00  2.4347E-01  2.5442E+01  7.5665E+01  5.7493E+02  7.2211E+01
  5.5448E-01  1.3816E+00  2.4347E-01  2.5557E+01  7.5665E+01  5.7638E+02  7.2226E+01
  5.5546E-01  1.3861E+00  2.4347E-01  2.5676E+01  7.5665E+01  5.7788E+02  7.2240E+01
  5.5643E-01  1.3906E+00  2.4347E-01  2.5795E+01  7.5665E+01  5.7938E+02  7.2255E+01
  5.5738E-01  1.3950E+00  2.4347E-01  2.5910E+01  7.5666E+01  5.8084E+02  7.2268E+01
  5.5835E-01  1.3995E+00  2.4347E-01  2.6029E+01  7.5666E+01  5.8235E+02  7.2283E+01
  5.5932E-01  1.4040E+00  2.4347E-01  2.6148E+01  7.5666E+01  5.8385E+02  7.2296E+01
  5.6027E-01  1.4084E+00  2.4347E-01  2.6264E+01  7.5666E+01  5.8532E+02  7.2310E+01
  5.6124E-01  1.4130E+00  2.4347E-01  2.6382E+01  7.5666E+01  5.8682E+02  7.2323E+01
  5.6219E-01  1.4174E+00  2.4347E-01  2.6498E+01  7.5667E+01  5.8829E+02  7.2336E+01
  5.6316E-01  1.4219E+00  2.4347E-01  2.6617E+01  7.5667E+01  5.8981E+02  7.2349E+01
  5.6413E-01  1.4264E+00  2.4347E-01  2.6736E+01  7.5667E+01  5.9132E+02  7.2363E+01
  5.6508E-01  1.4308E+00  2.4347E-01  2.6852E+01  7.5667E+01  5.9279E+02  7.2375E+01
  5.6605E-01  1.4353E+00  2.4347E-01  2.6970E+01  7.5667E+01  5.9431E+02  7.2388E+01
  5.6703E-01  1.4398E+00  2.4347E-01  2.7089E+01  7.5668E+01  5.9583E+02  7.2400E+01
  5.6797E-01  1.4442E+00  2.4347E-01  2.7205E+01  7.5668E+01  5.9731E+02  7.2413E+01
  5.6895E-01  1.4487E+00  2.4347E-01  2.7324E+01  7.5668E+01  5.9883E+02  7.2425E+01
  5.6992E-01  1.4532E+00  2.4347E-01  2.7443E+01  7.5668E+01  6.0035E+02  7.2437E+01
  5.7087E-01  1.4576E+00  2.4347E-01  2.7559E+01  7.5669E+01  6.0183E+02  7.2449E+01
  5.7184E-01  1.4622E+00  2.4347E-01  2.7678E+01  7.5669E+01  6.0336E+02  7.2461E+01
  5.7279E-01  1.4665E+00  2.4347E-01  2.7794E+01  7.5669E+01  6.0485E+02  7.2472E+01
  5.7376E-01  1.4711E+00  2.4347E-01  2.7913E+01  7.5669E+01  6.0637E+02  7.2484E+01
  5.7473E-01  1.4756E+00  2.4347E-01  2.8032E+01  7.5669E+01  6.0791E+02  7.2495E+01
  5.7568E-01  1.4800E+00  2.4347E-01  2.8148E+01  7.5669E+01  6.0940E+02  7.2506E+01
  5.7665E-01  1.4845E+00  2.4347E-01  2.8267E+01  7.5670E+01  6.1093E+02  7.2517E+01
  5.7762E-01  1.4890E+00  2.4347E-01  2.8386E+01  7.5670E+01  6.1246E+02  7.2529E+01
  5.7857E-01  1.4934E+00  2.4347E-01  2.8502E+01  7.5670E+01  6.1396E+02  7.2539E+01
  5.7954E-01  1.4979E+00  2.4347E-01  2.8621E+01  7.5670E+01  6.1550E+02  7.2550E+01
  5.8049E-01  1.5023E+00  2.4347E-01  2.8737E+01  7.5670E+01  6.1700E+02  7.2561E+01
  5.8146E-01  1.5068E+00  2.4347E-01  2.8856E+01  7.5671E+01  6.1854E+02  7.2571E+01
  5.8244E-01  1.5113E+00  2.4347E-01  2.8975E+01  7.5671E+01  6.2008E+02  7.2582E+01
  5.8338E-01  1.5157E+00  2.4347E-01  2.9091E+01  7.5671E+01  6.2158E+02  7.2592E+01
  5.8436E-01  1.5203E+00  2.4347E-01  2.9210E+01  7.5671E+01  6.2313E+02  7.2602E+01
  5.8533E-01  1.5248E+00  2.4347E-01  2.9329E+01  7.5671E+01  6.2467E+02  7.2612E+01
  5.8628E-01  1.5292E+00  2.4347E-01  2.9445E+01  7.5672E+01  6.2618E+02  7.2622E+01
  5.8725E-01  1.5337E+00  2.4347E-01  2.9565E+01  7.5672E+01  6.2773E+02  7.2632E+01
  5.8822E-01  1.5382E+00  2.4347E-01  2.9684E+01  7.5672E+01  6.2928E+02  7.2642E+01
  5.8917E-01  1.5426E+00  2.4347E-01  2.9800E+01  7.5672E+01  6.3079E+02  7.2651E+01
  5.9014E-01  1.5471E+00  2.4347E-01  2.9919E+01  7.5672E+01  6.3234E+02  7.2661E+01
  5.9109E-01  1.5515E+00  2.4347E-01  3.0035E+01  7.5672E+01  6.3385E+02  7.2670E+01
  5.9206E-01  1.5560E+00  2.4347E-01  3.0154E+01  7.5673E+01  6.3541E+02  7.2680E+01
  5.9303E-01  1.5605E+00  2.4347E-01  3.0274E+01  7.5673E+01  6.3697E+02  7.2689E+01
  5.9398E-01  1.5649E+00  2.4347E-01  3.0390E+01  7.5673E+01  6.3848E+02  7.2698E+01
  5.9600E-01  1.5743E+00  2.4347E-01  3.0637E+01  7.5673E+01  6.4172E+02  7.2717E+01
