  0.0000E+00  0.0000E+00  0.0000E+00  0.0000E+00  0.0000E+00  0.0000E+00  0.0000E+00 -3.9063E-07   1  -1
  2.0000E-04  0.0000E+00  0.0000E+00  0.0000E+00  0.0000E+00  0.0000E+00  2.5000E-03 -3.9063E-07   1  -3
  0.0000E+00  2.0000E-04  0.0000E+00  0.0000E+00  0.0000E+00  0.0000E+00 -2.5000E-03 -3.9063E-07   1  -3
  4.0000E-04  0.0000E+00  0.0000E+00  0.0000E+00  0.0000E+00  0.0000E+00  5.0000E-03 -3.9063E-07   1  -3
  0.0000E+00  4.0000E-04  0.0000E+00  0.0000E+00  0.0000E+00  0.0000E+00 -5.0000E-03 -3.9063E-07   1  -3
  6.0000E-04  0.0000E+00  0.0000E+00  0.0000E+00  0.0000E+00  0.0000E+00  7.5000E-03 -3.9063E-07   1  -3
  0.0000E+00  6.0000E-04  0.0000E+00  0.0000E+00  0.0000E+00  0.0000E+00 -7.5000E-03 -3.9063E-07   1  -3
  6.3042E-04  5.5056E-04  0.0000E+00  0.0000E+00  0.0000E+00  0.0000E+00  2.0870E-03 -3.9063E-07   1  -1
  4.7264E-04  3.8628E-04  0.0000E+00  0.0000E+00  0.0000E+00  0.0000E+00 -2.2578E-03 -3.9063E-07   1  -1
  3.6495E-04  2.7145E-04  0.0000E+00  0.0000E+00  0.0000E+00  0.0000E+00  6.0710E-03 -3.9063E-07   1  -1
  2.7836E-04  1.7680E-04  0.0000E+00  0.0000E+00  0.0000E+00  0.0000E+00  6.1928E-04 -3.9063E-07   1  -1
  2.0316E-04  9.2222E-05  0.0000E+00  0.0000E+00  0.0000E+00  0.0000E+00 -3.9422E-03 -3.9063E-07   1  -1
  1.3468E-04  1.2579E-05  0.0000E+00  0.0000E+00  0.0000E+00  0.0000E+00  3.7715E-03 -3.9063E-07   1  -1
  7.0223E-05 -6.5566E-05  0.0000E+00  0.0000E+00  0.0000E+00  0.0000E+00 -7.9000E-04 -3.9063E-07   1  -1
  7.9216E-06 -1.4521E-04  0.0000E+00  0.0000E+00  0.0000E+00  0.0000E+00 -6.2418E-03 -3.9063E-07   1  -1
 -5.3697E-05 -2.2979E-04  0.0000E+00  0.0000E+00  0.0000E+00  0.0000E+00  8.9232E-03 -3.9063E-07   1  -1
 -1.1600E-04 -3.2444E-04  0.0000E+00  0.0000E+00  0.0000E+00  0.0000E+00  1.5834E-03 -3.9063E-07   1  -1
 -1.8046E-04 -4.3926E-04  0.0000E+00  0.0000E+00  0.0000E+00  0.0000E+00 -2.7841E-03 -3.9063E-07   1  -1
 -2.4893E-04 -6.0355E-04  0.0000E+00  0.0000E+00  0.0000E+00  0.0000E+00  5.1822E-03 -3.9063E-07   1  -1
 -3.2414E-04  9.9202E-04  0.0000E+00  0.0000E+00  0.0000E+00  0.0000E+00  1.4884E-04 -3.9063E-07   1  -1
 -4.1072E-04  5.3444E-04  0.0000E+00  0.0000E+00  0.0000E+00  0.0000E+00 -4.6033E-03 -3.9063E-07   1  -1
 -5.1841E-04  3.7630E-04  0.0000E+00  0.0000E+00  0.0000E+00  0.0000E+00  3.1709E-03 -3.9063E-07   1  -1
 -6.7619E-04  2.6364E-04  0.0000E+00  0.0000E+00  0.0000E+00  0.0000E+00 -1.2667E-03 -3.9063E-07   1  -1
  1.1047E-03  1.7002E-04  0.0000E+00  0.0000E+00  0.0000E+00  0.0000E+00 -7.3789E-03 -3.9063E-07   1  -1
  6.1837E-04  8.5971E-05  0.0000E+00  0.0000E+00  0.0000E+00  0.0000E+00  7.2082E-03 -3.9063E-07   1  -1
  4.6539E-04  6.5530E-06  0.0000E+00  0.0000E+00  0.0000E+00  0.0000E+00  1.0959E-03 -3.9063E-07   1  -1
  3.5941E-04 -7.1600E-05  0.0000E+00  0.0000E+00  0.0000E+00  0.0000E+00 -3.3416E-03 -3.9063E-07   1  -1
  2.7368E-04 -1.5149E-04  0.0000E+00  0.0000E+00  0.0000E+00  0.0000E+00  4.4326E-03 -3.9063E-07   1  -1
  1.9897E-04 -2.3663E-04  0.0000E+00  0.0000E+00  0.0000E+00  0.0000E+00 -3.1956E-04 -3.9063E-07   1  -1
  1.3080E-04 -3.3237E-04  0.0000E+00  0.0000E+00  0.0000E+00  0.0000E+00 -5.3529E-03 -3.9063E-07   1  -1
  6.6514E-05 -4.4949E-04  0.0000E+00  0.0000E+00  0.0000E+00  0.0000E+00  2.6134E-03 -3.9063E-07   1  -1
  4.2915E-06 -6.2065E-04  0.0000E+00  0.0000E+00  0.0000E+00  0.0000E+00 -1.7541E-03 -3.9063E-07   1  -1
 -5.7330E-05  8.8901E-04  0.0000E+00  0.0000E+00  0.0000E+00  0.0000E+00 -9.0940E-03 -3.9063E-07   1  -1
 -1.1971E-04  5.1915E-04  0.0000E+00  0.0000E+00  0.0000E+00  0.0000E+00  1.1244E-02 -3.9063E-07   1  -1
 -1.8435E-04  3.6657E-04  0.0000E+00  0.0000E+00  0.0000E+00  0.0000E+00  1.9170E-03 -3.9063E-07   1  -1
 -2.5314E-04  2.5593E-04  0.0000E+00  0.0000E+00  0.0000E+00  0.0000E+00 -2.4303E-03 -3.9063E-07   1  -1
 -3.2886E-04  1.6330E-04  0.0000E+00  0.0000E+00  0.0000E+00  0.0000E+00  5.7545E-03 -3.9063E-07   1  -1
 -4.1633E-04  7.9746E-05  0.0000E+00  0.0000E+00  0.0000E+00  0.0000E+00  4.6199E-04 -3.9063E-07   1  -1
 -5.2582E-04  5.3461E-07  0.0000E+00  0.0000E+00  0.0000E+00  0.0000E+00 -4.1548E-03 -3.9063E-07   1  -1
 -6.8881E-04 -7.7644E-05  0.0000E+00  0.0000E+00  0.0000E+00  0.0000E+00  3.5656E-03 -3.9063E-07   1  -1
  1.0048E-03 -1.5780E-04  0.0000E+00  0.0000E+00  0.0000E+00  0.0000E+00 -9.4798E-04 -3.9063E-07   1  -1
  6.0684E-04 -2.4353E-04  0.0000E+00  0.0000E+00  0.0000E+00  0.0000E+00 -6.5846E-03 -3.9063E-07   1  -1
  4.5829E-04 -3.4042E-04  0.0000E+00  0.0000E+00  0.0000E+00  0.0000E+00  8.2409E-03 -3.9063E-07   1  -1
  3.5393E-04 -4.6000E-04  0.0000E+00  0.0000E+00  0.0000E+00  0.0000E+00  1.4194E-03 -3.9063E-07   1  -1
  2.6904E-04 -6.3889E-04  0.0000E+00  0.0000E+00  0.0000E+00  0.0000E+00 -2.9660E-03 -3.9063E-07   1  -1
  1.9481E-04  8.2431E-04  0.0000E+00  0.0000E+00  0.0000E+00  0.0000E+00  4.9200E-03 -3.9063E-07   1  -1
  1.2693E-04  5.0461E-04  0.0000E+00  0.0000E+00  0.0000E+00  0.0000E+00 -7.3194E-06 -3.9063E-07   1  -1
  6.2812E-05  3.5706E-04  0.0000E+00  0.0000E+00  0.0000E+00  0.0000E+00 -4.8415E-03 -3.9063E-07   1  -1
  6.6341E-07  2.4832E-04  0.0000E+00  0.0000E+00  0.0000E+00  0.0000E+00  2.9810E-03 -3.9063E-07   1  -1
 -6.0965E-05  1.5662E-04  0.0000E+00  0.0000E+00  0.0000E+00  0.0000E+00 -1.4277E-03 -3.9063E-07   1  -1
 -1.2344E-04  7.3546E-05  0.0000E+00  0.0000E+00  0.0000E+00  0.0000E+00 -7.8546E-03 -3.9063E-07   1  -1
 -1.8826E-04 -5.4778E-06  0.0000E+00  0.0000E+00  0.0000E+00  0.0000E+00  6.7897E-03 -3.9063E-07   1  -1
 -2.5736E-04 -8.3700E-05  0.0000E+00  0.0000E+00  0.0000E+00  0.0000E+00  9.3609E-04 -3.9063E-07   1  -1
 -3.3361E-04 -1.6414E-04  0.0000E+00  0.0000E+00  0.0000E+00  0.0000E+00 -3.5363E-03 -3.9063E-07   1  -1
 -4.2201E-04 -2.5049E-04  0.0000E+00  0.0000E+00  0.0000E+00  0.0000E+00  4.2041E-03 -3.9063E-07   1  -1
 -5.3338E-04 -3.4859E-04  0.0000E+00  0.0000E+00  0.0000E+00  0.0000E+00 -4.7595E-04 -3.9063E-07   1  -1
 -7.0206E-04 -4.7081E-04  0.0000E+00  0.0000E+00  0.0000E+00  0.0000E+00 -5.6301E-03 -3.9063E-07   1  -1
  9.4254E-04 -6.5846E-04  0.0000E+00  0.0000E+00  0.0000E+00  0.0000E+00  2.4349E-03 -3.9063E-07   1  -1
  5.9577E-04  7.7603E-04  0.0000E+00  0.0000E+00  0.0000E+00  0.0000E+00 -1.9199E-03 -3.9063E-07   1  -1
  4.5132E-04  4.9072E-04  0.0000E+00  0.0000E+00  0.0000E+00  0.0000E+00 -9.9974E-03 -3.9063E-07   1  -1
  3.4852E-04  3.4776E-04  0.0000E+00  0.0000E+00  0.0000E+00  0.0000E+00  9.8266E-03 -3.9063E-07   1  -1
  2.6443E-04  2.4081E-04  0.0000E+00  0.0000E+00  0.0000E+00  0.0000E+00  1.7492E-03 -3.9063E-07   1  -1
  1.9068E-04  1.5000E-04  0.0000E+00  0.0000E+00  0.0000E+00  0.0000E+00 -2.6057E-03 -3.9063E-07   1  -1
  1.2307E-04  6.7369E-05  0.0000E+00  0.0000E+00  0.0000E+00  0.0000E+00  5.4594E-03 -3.9063E-07   1  -1
  5.9117E-05 -1.1486E-05  0.0000E+00  0.0000E+00  0.0000E+00  0.0000E+00  3.0522E-04 -3.9063E-07   1  -1
 -2.9629E-06 -8.9769E-05  0.0000E+00  0.0000E+00  0.0000E+00  0.0000E+00 -4.3748E-03 -3.9063E-07   1  -1
 -6.4603E-05 -1.7052E-04  0.0000E+00  0.0000E+00  0.0000E+00  0.0000E+00  3.3656E-03 -3.9063E-07   1  -1
 -1.2717E-04 -2.5752E-04  0.0000E+00  0.0000E+00  0.0000E+00  0.0000E+00 -1.1068E-03 -3.9063E-07   1  -1
 -1.9219E-04 -3.5690E-04  0.0000E+00  0.0000E+00  0.0000E+00  0.0000E+00 -6.9604E-03 -3.9063E-07   1  -1
 -2.6162E-04 -4.8195E-04  0.0000E+00  0.0000E+00  0.0000E+00  0.0000E+00  7.6839E-03 -3.9063E-07   1  -1
 -3.3841E-04 -6.7963E-04  0.0000E+00  0.0000E+00  0.0000E+00  0.0000E+00  1.2570E-03 -3.9063E-07   1  -1
 -4.2777E-04  7.3704E-04  0.0000E+00  0.0000E+00  0.0000E+00  0.0000E+00 -3.1517E-03 -3.9063E-07   1  -1
 -5.4111E-04  4.7742E-04  0.0000E+00  0.0000E+00  0.0000E+00  0.0000E+00  4.6707E-03 -3.9063E-07   1  -1
 -7.1603E-04  3.3865E-04  0.0000E+00  0.0000E+00  0.0000E+00  0.0000E+00 -1.6340E-04 -3.9063E-07   1  -1
  8.9640E-04  2.3339E-04  0.0000E+00  0.0000E+00  0.0000E+00  0.0000E+00 -5.0908E-03 -3.9063E-07   1  -1
  5.8512E-04  1.4342E-04  0.0000E+00  0.0000E+00  0.0000E+00  0.0000E+00  2.7953E-03 -3.9063E-07   1  -1
  4.4448E-04  6.1214E-05  0.0000E+00  0.0000E+00  0.0000E+00  0.0000E+00 -1.5901E-03 -3.9063E-07   1  -1
  3.4317E-04 -1.7490E-05  0.0000E+00  0.0000E+00  0.0000E+00  0.0000E+00 -8.4116E-03 -3.9063E-07   1  -1
  2.5986E-04 -9.5852E-05  0.0000E+00  0.0000E+00  0.0000E+00  0.0000E+00  6.4139E-03 -3.9063E-07   1  -1
  1.8656E-04 -1.7693E-04  0.0000E+00  0.0000E+00  0.0000E+00  0.0000E+00  7.7726E-04 -3.9063E-07   1  -1
  1.1923E-04 -2.6462E-04  0.0000E+00  0.0000E+00  0.0000E+00  0.0000E+00 -3.7363E-03 -3.9063E-07   1  -1
  5.5428E-05 -3.6535E-04  0.0000E+00  0.0000E+00  0.0000E+00  0.0000E+00  3.9840E-03 -3.9063E-07   1  -1
 -6.5876E-06 -4.9344E-04  0.0000E+00  0.0000E+00  0.0000E+00  0.0000E+00 -6.3271E-04 -3.9063E-07   1  -1
 -6.8244E-05 -7.0276E-04  0.0000E+00  0.0000E+00  0.0000E+00  0.0000E+00 -5.9252E-03 -3.9063E-07   1  -1
 -1.3091E-04  7.0407E-04  0.0000E+00  0.0000E+00  0.0000E+00  0.0000E+00  2.2596E-03 -3.9063E-07   1  -1
 -1.9613E-04  4.6464E-04  0.0000E+00  0.0000E+00  0.0000E+00  0.0000E+00 -2.0877E-03 -3.9063E-07   1  -1
 -2.6589E-04  3.2972E-04  0.0000E+00  0.0000E+00  0.0000E+00  0.0000E+00 -1.1414E-02 -3.9063E-07   1  -1
 -3.4325E-04  2.2606E-04  0.0000E+00  0.0000E+00  0.0000E+00  0.0000E+00  1.3242E-02 -3.9063E-07   1  -1
 -4.3361E-04  1.3689E-04  0.0000E+00  0.0000E+00  0.0000E+00  0.0000E+00  2.0301E-03 -3.9063E-07   1  -1
 -5.4903E-04  5.5080E-05  0.0000E+00  0.0000E+00  0.0000E+00  0.0000E+00 -2.3150E-03 -3.9063E-07   1  -1
 -7.3083E-04 -2.3493E-05  0.0000E+00  0.0000E+00  0.0000E+00  0.0000E+00  5.9629E-03 -3.9063E-07   1  -1
  8.5933E-04 -1.0195E-04  0.0000E+00  0.0000E+00  0.0000E+00  0.0000E+00  5.6678E-04 -3.9063E-07   1  -1
  5.7485E-04 -1.8338E-04  0.0000E+00  0.0000E+00  0.0000E+00  0.0000E+00 -4.0123E-03 -3.9063E-07   1  -1
  4.3776E-04 -2.7179E-04  0.0000E+00  0.0000E+00  0.0000E+00  0.0000E+00  3.7022E-03 -3.9063E-07   1  -1
  3.3788E-04 -3.7394E-04  0.0000E+00  0.0000E+00  0.0000E+00  0.0000E+00 -8.4258E-04 -3.9063E-07   1  -1
  2.5533E-04 -5.0532E-04  0.0000E+00  0.0000E+00  0.0000E+00  0.0000E+00 -6.3528E-03 -3.9063E-07   1  -1
  1.8246E-04 -7.2833E-04  0.0000E+00  0.0000E+00  0.0000E+00  0.0000E+00  8.6777E-03 -3.9063E-07   1  -1
  1.1540E-04  6.7534E-04  0.0000E+00  0.0000E+00  0.0000E+00  0.0000E+00  1.5286E-03 -3.9063E-07   1  -1
  5.1745E-05  4.5233E-04  0.0000E+00  0.0000E+00  0.0000E+00  0.0000E+00 -2.8443E-03 -3.9063E-07   1  -1
 -1.0211E-05  3.2096E-04  0.0000E+00  0.0000E+00  0.0000E+00  0.0000E+00  5.0933E-03 -3.9063E-07   1  -1
 -7.1888E-05  2.1881E-04  0.0000E+00  0.0000E+00  0.0000E+00  0.0000E+00  9.6770E-05 -3.9063E-07   1  -1
 -1.3466E-04  1.3040E-04  0.0000E+00  0.0000E+00  0.0000E+00  0.0000E+00 -4.6815E-03 -3.9063E-07   1  -1
 -2.0008E-04  4.8964E-05  0.0000E+00  0.0000E+00  0.0000E+00  0.0000E+00  3.1071E-03 -3.9063E-07   1  -1
 -2.7020E-04 -2.9494E-05  0.0000E+00  0.0000E+00  0.0000E+00  0.0000E+00 -1.3202E-03 -3.9063E-07   1  -1
 -3.4813E-04 -1.0807E-04  0.0000E+00  0.0000E+00  0.0000E+00  0.0000E+00 -7.5302E-03 -3.9063E-07   1  -1
 -4.3952E-04 -1.8987E-04  0.0000E+00  0.0000E+00  0.0000E+00  0.0000E+00  7.0632E-03 -3.9063E-07   1  -1
 -5.5714E-04 -2.7904E-04  0.0000E+00  0.0000E+00  0.0000E+00  0.0000E+00  1.0425E-03 -3.9063E-07   1  -1
 -7.4657E-04 -3.8270E-04  0.0000E+00  0.0000E+00  0.0000E+00  0.0000E+00 -3.4060E-03 -3.9063E-07   1  -1
  8.2813E-04 -5.1762E-04  0.0000E+00  0.0000E+00  0.0000E+00  0.0000E+00  4.3554E-03 -3.9063E-07   1  -1
  5.6493E-04 -7.5706E-04  0.0000E+00  0.0000E+00  0.0000E+00  0.0000E+00 -3.7166E-04 -3.9063E-07   1  -1
  4.3117E-04  6.4977E-04  0.0000E+00  0.0000E+00  0.0000E+00  0.0000E+00 -5.4435E-03 -3.9063E-07   1  -1
  3.3265E-04  4.4045E-04  0.0000E+00  0.0000E+00  0.0000E+00  0.0000E+00  2.5535E-03 -3.9063E-07   1  -1
  2.5082E-04  3.1236E-04  0.0000E+00  0.0000E+00  0.0000E+00  0.0000E+00 -1.8092E-03 -3.9063E-07   1  -1
  1.7839E-04  2.1163E-04  0.0000E+00  0.0000E+00  0.0000E+00  0.0000E+00 -9.3630E-03 -3.9063E-07   1  -1
  1.1158E-04  1.2394E-04  0.0000E+00  0.0000E+00  0.0000E+00  0.0000E+00  1.0673E-02 -3.9063E-07   1  -1
  4.8068E-05  4.2865E-05  0.0000E+00  0.0000E+00  0.0000E+00  0.0000E+00  1.8608E-03 -3.9063E-07   1  -1
 -1.3834E-05 -3.5497E-05  0.0000E+00  0.0000E+00  0.0000E+00  0.0000E+00 -2.4884E-03 -3.9063E-07   1  -1
 -7.5537E-05 -1.1420E-04  0.0000E+00  0.0000E+00  0.0000E+00  0.0000E+00  5.6539E-03 -3.9063E-07   1  -1
 -1.3842E-04 -1.9641E-04  0.0000E+00  0.0000E+00  0.0000E+00  0.0000E+00  4.0968E-04 -3.9063E-07   1  -1
 -2.0405E-04 -2.8638E-04  0.0000E+00  0.0000E+00  0.0000E+00  0.0000E+00 -4.2272E-03 -3.9063E-07   1  -1
 -2.7452E-04 -3.9163E-04  0.0000E+00  0.0000E+00  0.0000E+00  0.0000E+00  3.4983E-03 -3.9063E-07   1  -1
 -3.5306E-04 -5.3040E-04  0.0000E+00  0.0000E+00  0.0000E+00  0.0000E+00 -1.0008E-03 -3.9063E-07   1  -1
 -4.4552E-04 -7.9003E-04  0.0000E+00  0.0000E+00  0.0000E+00  0.0000E+00 -6.7058E-03 -3.9063E-07   1  -1
 -5.6546E-04  6.2664E-04  0.0000E+00  0.0000E+00  0.0000E+00  0.0000E+00  8.0441E-03 -3.9063E-07   1  -1
 -7.6341E-04  4.2896E-04  0.0000E+00  0.0000E+00  0.0000E+00  0.0000E+00  1.3651E-03 -3.9063E-07   1  -1
  8.0107E-04  3.0391E-04  0.0000E+00  0.0000E+00  0.0000E+00  0.0000E+00 -3.0274E-03 -3.9063E-07   1  -1
  5.5533E-04  2.0453E-04  0.0000E+00  0.0000E+00  0.0000E+00  0.0000E+00  4.8356E-03 -3.9063E-07   1  -1
  4.2468E-04  1.1753E-04  0.0000E+00  0.0000E+00  0.0000E+00  0.0000E+00 -5.9349E-05 -3.9063E-07   1  -1
  3.2748E-04  3.6782E-05  0.0000E+00  0.0000E+00  0.0000E+00  0.0000E+00 -4.9233E-03 -3.9063E-07   1  -1
  2.4635E-04 -4.1501E-05  0.0000E+00  0.0000E+00  0.0000E+00  0.0000E+00  2.9186E-03 -3.9063E-07   1  -1
  1.7433E-04 -1.2036E-04  0.0000E+00  0.0000E+00  0.0000E+00  0.0000E+00 -1.4817E-03 -3.9063E-07   1  -1
  1.0777E-04 -2.0298E-04  0.0000E+00  0.0000E+00  0.0000E+00  0.0000E+00 -8.0297E-03 -3.9063E-07   1  -1
  4.4397E-05 -2.9380E-04  0.0000E+00  0.0000E+00  0.0000E+00  0.0000E+00  6.6603E-03 -3.9063E-07   1  -1
 -1.7456E-05 -4.0074E-04  0.0000E+00  0.0000E+00  0.0000E+00  0.0000E+00  8.8304E-04 -3.9063E-07   1  -1
 -7.9189E-05 -5.4371E-04  0.0000E+00  0.0000E+00  0.0000E+00  0.0000E+00 -3.6024E-03 -3.9063E-07   1  -1
 -1.4219E-04 -8.2902E-04  0.0000E+00  0.0000E+00  0.0000E+00  0.0000E+00  4.1298E-03 -3.9063E-07   1  -1
 -2.0804E-04  6.0547E-04  0.0000E+00  0.0000E+00  0.0000E+00  0.0000E+00 -5.2815E-04 -3.9063E-07   1  -1
 -2.7888E-04  4.1782E-04  0.0000E+00  0.0000E+00  0.0000E+00  0.0000E+00 -5.7264E-03 -3.9063E-07   1  -1
 -3.5803E-04  2.9560E-04  0.0000E+00  0.0000E+00  0.0000E+00  0.0000E+00  2.3762E-03 -3.9063E-07   1  -1
 -4.5161E-04  1.9750E-04  0.0000E+00  0.0000E+00  0.0000E+00  0.0000E+00 -1.9756E-03 -3.9063E-07   1  -1
 -5.7399E-04  1.1116E-04  0.0000E+00  0.0000E+00  0.0000E+00  0.0000E+00 -1.0384E-02 -3.9063E-07   1  -1
 -7.8156E-04  3.0713E-05  0.0000E+00  0.0000E+00  0.0000E+00  0.0000E+00  9.4905E-03 -3.9063E-07   1  -1
  7.7709E-04 -4.7509E-05  0.0000E+00  0.0000E+00  0.0000E+00  0.0000E+00  1.6937E-03 -3.9063E-07   1  -1
  5.4602E-04 -1.2653E-04  0.0000E+00  0.0000E+00  0.0000E+00  0.0000E+00 -2.6648E-03 -3.9063E-07   1  -1
  4.1830E-04 -2.0961E-04  0.0000E+00  0.0000E+00  0.0000E+00  0.0000E+00  5.3652E-03 -3.9063E-07   1  -1
  3.2235E-04 -3.0131E-04  0.0000E+00  0.0000E+00  0.0000E+00  0.0000E+00  2.5306E-04 -3.9063E-07   1  -1
  2.4190E-04 -4.1005E-04  0.0000E+00  0.0000E+00  0.0000E+00  0.0000E+00 -4.4500E-03 -3.9063E-07   1  -1
  1.7029E-04 -5.5760E-04  0.0000E+00  0.0000E+00  0.0000E+00  0.0000E+00  3.3002E-03 -3.9063E-07   1  -1
  1.0397E-04 -8.7729E-04  0.0000E+00  0.0000E+00  0.0000E+00  0.0000E+00 -1.1600E-03 -3.9063E-07   1  -1
  4.0731E-05  5.8590E-04  0.0000E+00  0.0000E+00  0.0000E+00  0.0000E+00 -7.0946E-03 -3.9063E-07   1  -1
 -2.1077E-05  4.0701E-04  0.0000E+00  0.0000E+00  0.0000E+00  0.0000E+00  7.5177E-03 -3.9063E-07   1  -1
 -8.2845E-05  2.8743E-04  0.0000E+00  0.0000E+00  0.0000E+00  0.0000E+00  1.2032E-03 -3.9063E-07   1  -1
 -1.4596E-04  1.9054E-04  0.0000E+00  0.0000E+00  0.0000E+00  0.0000E+00 -3.2145E-03 -3.9063E-07   1  -1
 -2.1204E-04  1.0481E-04  0.0000E+00  0.0000E+00  0.0000E+00  0.0000E+00  4.5902E-03 -3.9063E-07   1  -1
 -2.8327E-04  2.4658E-05  0.0000E+00  0.0000E+00  0.0000E+00  0.0000E+00 -2.1544E-04 -3.9063E-07   1  -1
 -3.6306E-04 -5.3522E-05  0.0000E+00  0.0000E+00  0.0000E+00  0.0000E+00 -5.1766E-03 -3.9063E-07   1  -1
 -4.5779E-04 -1.3273E-04  0.0000E+00  0.0000E+00  0.0000E+00  0.0000E+00  2.7342E-03 -3.9063E-07   1  -1
 -5.8277E-04 -2.1628E-04  0.0000E+00  0.0000E+00  0.0000E+00  0.0000E+00 -1.6446E-03 -3.9063E-07   1  -1
 -8.0126E-04 -3.0892E-04  0.0000E+00  0.0000E+00  0.0000E+00  0.0000E+00 -8.6220E-03 -3.9063E-07   1  -1
  7.5548E-04 -4.1956E-04  0.0000E+00  0.0000E+00  0.0000E+00  0.0000E+00  6.2963E-03 -3.9063E-07   1  -1
  5.3699E-04 -5.7214E-04  0.0000E+00  0.0000E+00  0.0000E+00  0.0000E+00  7.2451E-04 -3.9063E-07   1  -1
  4.1202E-04 -9.4199E-04  0.0000E+00  0.0000E+00  0.0000E+00  0.0000E+00 -3.8043E-03 -3.9063E-07   1  -1
  3.1728E-04  5.6767E-04  0.0000E+00  0.0000E+00  0.0000E+00  0.0000E+00  3.9124E-03 -3.9063E-07   1  -1
  2.3749E-04  3.9651E-04  0.0000E+00  0.0000E+00  0.0000E+00  0.0000E+00 -6.8507E-04 -3.9063E-07   1  -1
  1.6627E-04  2.7938E-04  0.0000E+00  0.0000E+00  0.0000E+00  0.0000E+00 -6.0281E-03 -3.9063E-07   1  -1
  1.0019E-04  1.8364E-04  0.0000E+00  0.0000E+00  0.0000E+00  0.0000E+00  2.2018E-03 -3.9063E-07   1  -1
  3.7070E-05  9.8503E-05  0.0000E+00  0.0000E+00  0.0000E+00  0.0000E+00 -2.1441E-03 -3.9063E-07   1  -1
 -2.4698E-05  1.8613E-05  0.0000E+00  0.0000E+00  0.0000E+00  0.0000E+00 -1.2183E-02 -3.9063E-07   1  -1
 -8.6507E-05 -5.9540E-05  0.0000E+00  0.0000E+00  0.0000E+00  0.0000E+00  1.2012E-02 -3.9063E-07   1  -1
 -1.4975E-04 -1.3896E-04  0.0000E+00  0.0000E+00  0.0000E+00  0.0000E+00  1.9734E-03 -3.9063E-07   1  -1
 -2.1606E-04 -2.2301E-04  0.0000E+00  0.0000E+00  0.0000E+00  0.0000E+00 -2.3725E-03 -3.9063E-07   1  -1
 -2.8768E-04 -3.1663E-04  0.0000E+00  0.0000E+00  0.0000E+00  0.0000E+00  5.8574E-03 -3.9063E-07   1  -1
 -3.6813E-04 -4.2929E-04  0.0000E+00  0.0000E+00  0.0000E+00  0.0000E+00  5.1435E-04 -3.9063E-07   1  -1
 -4.6407E-04 -5.8742E-04  0.0000E+00  0.0000E+00  0.0000E+00  0.0000E+00 -4.0831E-03 -3.9063E-07   1  -1
 -5.9180E-04 -1.0450E-03  0.0000E+00  0.0000E+00  0.0000E+00  0.0000E+00  3.6336E-03 -3.9063E-07   1  -1
 -8.2286E-04  1.3157E-03  0.0000E+00  0.0000E+00  0.0000E+00  0.0000E+00 -8.9523E-04 -3.9063E-07   1  -1
  7.3578E-04  5.4929E-04  0.0000E+00  0.0000E+00  0.0000E+00  0.0000E+00 -6.4670E-03 -3.9063E-07   1  -1
  5.2822E-04  3.8550E-04  0.0000E+00  0.0000E+00  0.0000E+00  0.0000E+00  8.4513E-03 -3.9063E-07   1  -1
  4.0584E-04  2.7085E-04  0.0000E+00  0.0000E+00  0.0000E+00  0.0000E+00  1.4739E-03 -3.9063E-07   1  -1
  3.1226E-04  1.7628E-04  0.0000E+00  0.0000E+00  0.0000E+00  0.0000E+00 -2.9049E-03 -3.9063E-07   1  -1
  2.3311E-04  9.1741E-05  0.0000E+00  0.0000E+00  0.0000E+00  0.0000E+00  5.0059E-03 -3.9063E-07   1  -1
  1.6226E-04  1.2115E-05  0.0000E+00  0.0000E+00  0.0000E+00  0.0000E+00  4.4718E-05 -3.9063E-07   1  -1
  9.6409E-05 -6.6029E-05  0.0000E+00  0.0000E+00  0.0000E+00  0.0000E+00 -4.7609E-03 -3.9063E-07   1  -1
  3.3413E-05 -1.4569E-04  0.0000E+00  0.0000E+00  0.0000E+00  0.0000E+00  3.0438E-03 -3.9063E-07   1  -1
 -2.8320E-05 -2.3031E-04  0.0000E+00  0.0000E+00  0.0000E+00  0.0000E+00 -1.3739E-03 -3.9063E-07   1  -1
 -9.0173E-05 -3.2505E-04  0.0000E+00  0.0000E+00  0.0000E+00  0.0000E+00 -7.6885E-03 -3.9063E-07   1  -1
 -1.5355E-04 -4.4004E-04  0.0000E+00  0.0000E+00  0.0000E+00  0.0000E+00  6.9239E-03 -3.9063E-07   1  -1
 -2.2010E-04 -6.0483E-04  0.0000E+00  0.0000E+00  0.0000E+00  0.0000E+00  9.8925E-04 -3.9063E-07   1  -1
 -2.9212E-04  9.8141E-04  0.0000E+00  0.0000E+00  0.0000E+00  0.0000E+00 -3.4709E-03 -3.9063E-07   1  -1
 -3.7325E-04  5.3323E-04  0.0000E+00  0.0000E+00  0.0000E+00  0.0000E+00  4.2792E-03 -3.9063E-07   1  -1
 -4.7045E-04  3.7555E-04  0.0000E+00  0.0000E+00  0.0000E+00  0.0000E+00 -4.2379E-04 -3.9063E-07   1  -1
 -6.0110E-04  2.6304E-04  0.0000E+00  0.0000E+00  0.0000E+00  0.0000E+00 -5.5359E-03 -3.9063E-07   1  -1
 -8.4685E-04  1.6950E-04  0.0000E+00  0.0000E+00  0.0000E+00  0.0000E+00  2.4940E-03 -3.9063E-07   1  -1
  7.1764E-04  8.5491E-05  0.0000E+00  0.0000E+00  0.0000E+00  0.0000E+00 -1.8645E-03 -3.9063E-07   1  -1
  5.1968E-04  6.0898E-06  0.0000E+00  0.0000E+00  0.0000E+00  0.0000E+00 -9.6612E-03 -3.9063E-07   1  -1
  3.9975E-04 -7.2065E-05  0.0000E+00  0.0000E+00  0.0000E+00  0.0000E+00  1.0214E-02 -3.9063E-07   1  -1
  3.0728E-04 -1.5197E-04  0.0000E+00  0.0000E+00  0.0000E+00  0.0000E+00  1.8049E-03 -3.9063E-07   1  -1
  2.2875E-04 -2.3716E-04  0.0000E+00  0.0000E+00  0.0000E+00  0.0000E+00 -2.5469E-03 -3.9063E-07   1  -1
  1.5828E-04 -3.3298E-04  0.0000E+00  0.0000E+00  0.0000E+00  0.0000E+00  5.5556E-03 -3.9063E-07   1  -1
  9.2642E-05 -4.5029E-04  0.0000E+00  0.0000E+00  0.0000E+00  0.0000E+00  3.5743E-04 -3.9063E-07   1  -1
  2.9761E-05 -6.2201E-04  0.0000E+00  0.0000E+00  0.0000E+00  0.0000E+00 -4.3006E-03 -3.9063E-07   1  -1
 -3.1942E-05  8.8314E-04  0.0000E+00  0.0000E+00  0.0000E+00  0.0000E+00  3.4317E-03 -3.9063E-07   1  -1
 -9.3844E-05  5.1801E-04  0.0000E+00  0.0000E+00  0.0000E+00  0.0000E+00 -1.0538E-03 -3.9063E-07   1  -1
 -1.5736E-04  3.6583E-04  0.0000E+00  0.0000E+00  0.0000E+00  0.0000E+00 -6.8310E-03 -3.9063E-07   1  -1
 -2.2416E-04  2.5534E-04  0.0000E+00  0.0000E+00  0.0000E+00  0.0000E+00  7.8589E-03 -3.9063E-07   1  -1
 -2.9660E-04  1.6278E-04  0.0000E+00  0.0000E+00  0.0000E+00  0.0000E+00  1.3110E-03 -3.9063E-07   1  -1
 -3.7843E-04  7.9268E-05  0.0000E+00  0.0000E+00  0.0000E+00  0.0000E+00 -3.0893E-03 -3.9063E-07   1  -1
 -4.7694E-04  7.1924E-08  0.0000E+00  0.0000E+00  0.0000E+00  0.0000E+00  4.7525E-03 -3.9063E-07   1  -1
 -6.1070E-04 -7.8110E-05  0.0000E+00  0.0000E+00  0.0000E+00  0.0000E+00 -1.1137E-04 -3.9063E-07   1  -1
 -8.7391E-04 -1.5829E-04  0.0000E+00  0.0000E+00  0.0000E+00  0.0000E+00 -5.0063E-03 -3.9063E-07   1  -1
  7.0079E-04 -2.4406E-04  0.0000E+00  0.0000E+00  0.0000E+00  0.0000E+00  2.8567E-03 -3.9063E-07   1  -1
  5.1136E-04 -3.4104E-04  0.0000E+00  0.0000E+00  0.0000E+00  0.0000E+00 -1.5358E-03 -3.9063E-07   1  -1
  3.9375E-04 -4.6082E-04  0.0000E+00  0.0000E+00  0.0000E+00  0.0000E+00 -8.2148E-03 -3.9063E-07   1  -1
  3.0236E-04 -6.4034E-04  0.0000E+00  0.0000E+00  0.0000E+00  0.0000E+00  6.5351E-03 -3.9063E-07   1  -1
  2.2442E-04  8.2014E-04  0.0000E+00  0.0000E+00  0.0000E+00  0.0000E+00  8.3010E-04 -3.9063E-07   1  -1
  1.5430E-04  5.0352E-04  0.0000E+00  0.0000E+00  0.0000E+00  0.0000E+00 -3.6690E-03 -3.9063E-07   1  -1
  8.8884E-05  3.5634E-04  0.0000E+00  0.0000E+00  0.0000E+00  0.0000E+00  4.0565E-03 -3.9063E-07   1  -1
  2.6113E-05  2.4774E-04  0.0000E+00  0.0000E+00  0.0000E+00  0.0000E+00 -5.8040E-04 -3.9063E-07   1  -1
 -3.5564E-05  1.5611E-04  0.0000E+00  0.0000E+00  0.0000E+00  0.0000E+00 -5.8247E-03 -3.9063E-07   1  -1
 -9.7521E-05  7.3070E-05  0.0000E+00  0.0000E+00  0.0000E+00  0.0000E+00  2.3177E-03 -3.9063E-07   1  -1
 -1.6118E-04 -5.9401E-06  0.0000E+00  0.0000E+00  0.0000E+00  0.0000E+00 -2.0316E-03 -3.9063E-07   1  -1
 -2.2824E-04 -8.4167E-05  0.0000E+00  0.0000E+00  0.0000E+00  0.0000E+00 -1.0843E-02 -3.9063E-07   1  -1
 -3.0110E-04 -1.6463E-04  0.0000E+00  0.0000E+00  0.0000E+00  0.0000E+00  9.1922E-03 -3.9063E-07   1  -1
 -3.8366E-04 -2.5103E-04  0.0000E+00  0.0000E+00  0.0000E+00  0.0000E+00  1.6385E-03 -3.9063E-07   1  -1
 -4.8354E-04 -3.4922E-04  0.0000E+00  0.0000E+00  0.0000E+00  0.0000E+00 -2.7242E-03 -3.9063E-07   1  -1
 -6.2062E-04 -4.7165E-04  0.0000E+00  0.0000E+00  0.0000E+00  0.0000E+00  5.2728E-03 -3.9063E-07   1  -1
 -9.0510E-04 -6.6003E-04  0.0000E+00  0.0000E+00  0.0000E+00  0.0000E+00  2.0094E-04 -3.9063E-07   1  -1
  6.8505E-04  7.7276E-04  0.0000E+00  0.0000E+00  0.0000E+00  0.0000E+00 -4.5261E-03 -3.9063E-07   1  -1
  5.0325E-04  4.8968E-04  0.0000E+00  0.0000E+00  0.0000E+00  0.0000E+00  3.2353E-03 -3.9063E-07   1  -1
  3.8783E-04  3.4705E-04  0.0000E+00  0.0000E+00  0.0000E+00  0.0000E+00 -1.2133E-03 -3.9063E-07   1  -1
  2.9747E-04  2.4024E-04  0.0000E+00  0.0000E+00  0.0000E+00  0.0000E+00 -7.2339E-03 -3.9063E-07   1  -1
  2.2012E-04  1.4949E-04  0.0000E+00  0.0000E+00  0.0000E+00  0.0000E+00  7.3594E-03 -3.9063E-07   1  -1
  1.5035E-04  6.6895E-05  0.0000E+00  0.0000E+00  0.0000E+00  0.0000E+00  1.1495E-03 -3.9063E-07   1  -1
  8.5135E-05 -1.1948E-05  0.0000E+00  0.0000E+00  0.0000E+00  0.0000E+00 -3.2778E-03 -3.9063E-07   1  -1
  2.2468E-05 -9.0236E-05  0.0000E+00  0.0000E+00  0.0000E+00  0.0000E+00  4.5108E-03 -3.9063E-07   1  -1
 -3.9188E-05 -1.7101E-04  0.0000E+00  0.0000E+00  0.0000E+00  0.0000E+00 -2.6749E-04 -3.9063E-07   1  -1
 -1.0120E-04 -2.5806E-04  0.0000E+00  0.0000E+00  0.0000E+00  0.0000E+00 -5.2640E-03 -3.9063E-07   1  -1
 -1.6501E-04 -3.5754E-04  0.0000E+00  0.0000E+00  0.0000E+00  0.0000E+00  2.6736E-03 -3.9063E-07   1  -1
 -2.3234E-04 -4.8282E-04  0.0000E+00  0.0000E+00  0.0000E+00  0.0000E+00 -1.6993E-03 -3.9063E-07   1  -1
 -3.0564E-04 -6.8133E-04  0.0000E+00  0.0000E+00  0.0000E+00  0.0000E+00 -8.8484E-03 -3.9063E-07   1  -1
 -3.8895E-04  7.3432E-04  0.0000E+00  0.0000E+00  0.0000E+00  0.0000E+00  6.1821E-03 -3.9063E-07   1  -1
 -4.9025E-04  4.7642E-04  0.0000E+00  0.0000E+00  0.0000E+00  0.0000E+00  6.7185E-04 -3.9063E-07   1  -1
 -6.3089E-04  3.3795E-04  0.0000E+00  0.0000E+00  0.0000E+00  0.0000E+00 -3.8729E-03 -3.9063E-07   1  -1
 -9.4217E-04  2.3282E-04  0.0000E+00  0.0000E+00  0.0000E+00  0.0000E+00  3.8416E-03 -3.9063E-07   1  -1
  6.7026E-04  1.4292E-04  0.0000E+00  0.0000E+00  0.0000E+00  0.0000E+00 -7.3750E-04 -3.9063E-07   1  -1
  4.9534E-04  6.0742E-05  0.0000E+00  0.0000E+00  0.0000E+00  0.0000E+00 -6.1336E-03 -3.9063E-07   1  -1
  3.8200E-04 -1.7952E-05  0.0000E+00  0.0000E+00  0.0000E+00  0.0000E+00  2.1443E-03 -3.9063E-07   1  -1
  2.9263E-04 -9.6321E-05  0.0000E+00  0.0000E+00  0.0000E+00  0.0000E+00 -2.2008E-03 -3.9063E-07   1  -1
  2.1584E-04 -1.7743E-04  0.0000E+00  0.0000E+00  0.0000E+00  0.0000E+00 -1.3413E-02 -3.9063E-07   1  -1
  1.4641E-04 -2.6517E-04  0.0000E+00  0.0000E+00  0.0000E+00  0.0000E+00  1.5021E-02 -3.9063E-07   1  -1
  8.1395E-05 -3.6600E-04  0.0000E+00  0.0000E+00  0.0000E+00  0.0000E+00  2.0680E-03 -3.9063E-07   1  -1
  1.8827E-05 -4.9434E-04  0.0000E+00  0.0000E+00  0.0000E+00  0.0000E+00 -2.2768E-03 -3.9063E-07   1  -1
 -4.2813E-05 -7.0463E-04  0.0000E+00  0.0000E+00  0.0000E+00  0.0000E+00  6.0347E-03 -3.9063E-07   1  -1
 -1.0489E-04  7.0173E-04  0.0000E+00  0.0000E+00  0.0000E+00  0.0000E+00  6.0177E-04 -3.9063E-07   1  -1
 -1.6885E-04  4.6367E-04  0.0000E+00  0.0000E+00  0.0000E+00  0.0000E+00 -3.9655E-03 -3.9063E-07   1  -1
 -2.3645E-04  3.2904E-04  0.0000E+00  0.0000E+00  0.0000E+00  0.0000E+00  3.7483E-03 -3.9063E-07   1  -1
