  0.0000E+00  0.0000E+00  0.0000E+00  0.0000E+00  0.0000E+00  0.0000E+00  0.0000E+00 -3.9063E-07   1  -1
  2.0000E-04  0.0000E+00  0.0000E+00  0.0000E+00  0.0000E+00  0.0000E+00  1.5000E-02 -3.9063E-07   1  -3
  0.0000E+00  2.0000E-04  0.0000E+00  0.0000E+00  0.0000E+00  0.0000E+00 -1.5000E-02 -3.9063E-07   1  -3
  4.0000E-04  0.0000E+00  0.0000E+00  0.0000E+00  0.0000E+00  0.0000E+00  3.0000E-02 -3.9063E-07   1  -3
  0.0000E+00  4.0000E-04  0.0000E+00  0.0000E+00  0.0000E+00  0.0000E+00 -3.0000E-02 -3.9063E-07   1  -3
  6.0000E-04  0.0000E+00  0.0000E+00  0.0000E+00  0.0000E+00  0.0000E+00  4.5000E-02 -3.9063E-07   1  -3
  0.0000E+00  6.0000E-04  0.0000E+00  0.0000E+00  0.0000E+00  0.0000E+00 -4.5000E-02 -3.9063E-07   1  -3
  6.3042E-04  5.5056E-04  0.0000E+00  0.0000E+00  0.0000E+00  0.0000E+00 -1.6997E-02 -3.9063E-07   1  -1
  4.7264E-04  3.8628E-04  0.0000E+00  0.0000E+00  0.0000E+00  0.0000E+00  1.7759E-02 -3.9063E-07   1  -1
  3.6495E-04  2.7145E-04  0.0000E+00  0.0000E+00  0.0000E+00  0.0000E+00 -4.0168E-02 -3.9063E-07   1  -1
  2.7836E-04  1.7680E-04  0.0000E+00  0.0000E+00  0.0000E+00  0.0000E+00 -5.4117E-03 -3.9063E-07   1  -1
  2.0316E-04  9.2222E-05  0.0000E+00  0.0000E+00  0.0000E+00  0.0000E+00  2.9344E-02 -3.9063E-07   1  -1
  1.3468E-04  1.2579E-05  0.0000E+00  0.0000E+00  0.0000E+00  0.0000E+00 -2.8582E-02 -3.9063E-07   1  -1
  7.0223E-05 -6.5566E-05  0.0000E+00  0.0000E+00  0.0000E+00  0.0000E+00  6.1737E-03 -3.9063E-07   1  -1
  7.9216E-06 -1.4521E-04  0.0000E+00  0.0000E+00  0.0000E+00  0.0000E+00  4.0930E-02 -3.9063E-07   1  -1
 -5.3697E-05 -2.2979E-04  0.0000E+00  0.0000E+00  0.0000E+00  0.0000E+00 -4.7891E-02 -3.9063E-07   1  -1
 -1.1600E-04 -3.2444E-04  0.0000E+00  0.0000E+00  0.0000E+00  0.0000E+00 -1.3135E-02 -3.9063E-07   1  -1
 -1.8046E-04 -4.3926E-04  0.0000E+00  0.0000E+00  0.0000E+00  0.0000E+00  2.1621E-02 -3.9063E-07   1  -1
 -2.4893E-04 -6.0355E-04  0.0000E+00  0.0000E+00  0.0000E+00  0.0000E+00 -3.6306E-02 -3.9063E-07   1  -1
 -3.2414E-04  9.9202E-04  0.0000E+00  0.0000E+00  0.0000E+00  0.0000E+00 -1.5499E-03 -3.9063E-07   1  -1
 -4.1072E-04  5.3444E-04  0.0000E+00  0.0000E+00  0.0000E+00  0.0000E+00  3.3206E-02 -3.9063E-07   1  -1
 -5.1841E-04  3.7630E-04  0.0000E+00  0.0000E+00  0.0000E+00  0.0000E+00 -2.4721E-02 -3.9063E-07   1  -1
 -6.7619E-04  2.6364E-04  0.0000E+00  0.0000E+00  0.0000E+00  0.0000E+00  1.0036E-02 -3.9063E-07   1  -1
  1.1047E-03  1.7002E-04  0.0000E+00  0.0000E+00  0.0000E+00  0.0000E+00  4.4792E-02 -3.9063E-07   1  -1
  6.1837E-04  8.5971E-05  0.0000E+00  0.0000E+00  0.0000E+00  0.0000E+00 -4.4030E-02 -3.9063E-07   1  -1
  4.6539E-04  6.5530E-06  0.0000E+00  0.0000E+00  0.0000E+00  0.0000E+00 -9.2735E-03 -3.9063E-07   1  -1
  3.5941E-04 -7.1600E-05  0.0000E+00  0.0000E+00  0.0000E+00  0.0000E+00  2.5483E-02 -3.9063E-07   1  -1
  2.7368E-04 -1.5149E-04  0.0000E+00  0.0000E+00  0.0000E+00  0.0000E+00 -3.2444E-02 -3.9063E-07   1  -1
  1.9897E-04 -2.3663E-04  0.0000E+00  0.0000E+00  0.0000E+00  0.0000E+00  2.3119E-03 -3.9063E-07   1  -1
  1.3080E-04 -3.3237E-04  0.0000E+00  0.0000E+00  0.0000E+00  0.0000E+00  3.7068E-02 -3.9063E-07   1  -1
  6.6514E-05 -4.4949E-04  0.0000E+00  0.0000E+00  0.0000E+00  0.0000E+00 -2.0859E-02 -3.9063E-07   1  -1
  4.2915E-06 -6.2065E-04  0.0000E+00  0.0000E+00  0.0000E+00  0.0000E+00  1.3897E-02 -3.9063E-07   1  -1
 -5.7330E-05  8.8901E-04  0.0000E+00  0.0000E+00  0.0000E+00  0.0000E+00  4.8653E-02 -3.9063E-07   1  -1
 -1.1971E-04  5.1915E-04  0.0000E+00  0.0000E+00  0.0000E+00  0.0000E+00 -5.0466E-02 -3.9063E-07   1  -1
 -1.8435E-04  3.6657E-04  0.0000E+00  0.0000E+00  0.0000E+00  0.0000E+00 -1.5710E-02 -3.9063E-07   1  -1
 -2.5314E-04  2.5593E-04  0.0000E+00  0.0000E+00  0.0000E+00  0.0000E+00  1.9046E-02 -3.9063E-07   1  -1
 -3.2886E-04  1.6330E-04  0.0000E+00  0.0000E+00  0.0000E+00  0.0000E+00 -3.8881E-02 -3.9063E-07   1  -1
 -4.1633E-04  7.9746E-05  0.0000E+00  0.0000E+00  0.0000E+00  0.0000E+00 -4.1244E-03 -3.9063E-07   1  -1
 -5.2582E-04  5.3461E-07  0.0000E+00  0.0000E+00  0.0000E+00  0.0000E+00  3.0632E-02 -3.9063E-07   1  -1
 -6.8881E-04 -7.7644E-05  0.0000E+00  0.0000E+00  0.0000E+00  0.0000E+00 -2.7295E-02 -3.9063E-07   1  -1
  1.0048E-03 -1.5780E-04  0.0000E+00  0.0000E+00  0.0000E+00  0.0000E+00  7.4610E-03 -3.9063E-07   1  -1
  6.0684E-04 -2.4353E-04  0.0000E+00  0.0000E+00  0.0000E+00  0.0000E+00  4.2217E-02 -3.9063E-07   1  -1
  4.5829E-04 -3.4042E-04  0.0000E+00  0.0000E+00  0.0000E+00  0.0000E+00 -4.6604E-02 -3.9063E-07   1  -1
  3.5393E-04 -4.6000E-04  0.0000E+00  0.0000E+00  0.0000E+00  0.0000E+00 -1.1848E-02 -3.9063E-07   1  -1
  2.6904E-04 -6.3889E-04  0.0000E+00  0.0000E+00  0.0000E+00  0.0000E+00  2.2908E-02 -3.9063E-07   1  -1
  1.9481E-04  8.2431E-04  0.0000E+00  0.0000E+00  0.0000E+00  0.0000E+00 -3.5019E-02 -3.9063E-07   1  -1
  1.2693E-04  5.0461E-04  0.0000E+00  0.0000E+00  0.0000E+00  0.0000E+00 -2.6261E-04 -3.9063E-07   1  -1
  6.2812E-05  3.5706E-04  0.0000E+00  0.0000E+00  0.0000E+00  0.0000E+00  3.4494E-02 -3.9063E-07   1  -1
  6.6341E-07  2.4832E-04  0.0000E+00  0.0000E+00  0.0000E+00  0.0000E+00 -2.3433E-02 -3.9063E-07   1  -1
 -6.0965E-05  1.5662E-04  0.0000E+00  0.0000E+00  0.0000E+00  0.0000E+00  1.1323E-02 -3.9063E-07   1  -1
 -1.2344E-04  7.3546E-05  0.0000E+00  0.0000E+00  0.0000E+00  0.0000E+00  4.6079E-02 -3.9063E-07   1  -1
 -1.8826E-04 -5.4778E-06  0.0000E+00  0.0000E+00  0.0000E+00  0.0000E+00 -4.2742E-02 -3.9063E-07   1  -1
 -2.5736E-04 -8.3700E-05  0.0000E+00  0.0000E+00  0.0000E+00  0.0000E+00 -7.9862E-03 -3.9063E-07   1  -1
 -3.3361E-04 -1.6414E-04  0.0000E+00  0.0000E+00  0.0000E+00  0.0000E+00  2.6770E-02 -3.9063E-07   1  -1
 -4.2201E-04 -2.5049E-04  0.0000E+00  0.0000E+00  0.0000E+00  0.0000E+00 -3.1157E-02 -3.9063E-07   1  -1
 -5.3338E-04 -3.4859E-04  0.0000E+00  0.0000E+00  0.0000E+00  0.0000E+00  3.5992E-03 -3.9063E-07   1  -1
 -7.0206E-04 -4.7081E-04  0.0000E+00  0.0000E+00  0.0000E+00  0.0000E+00  3.8355E-02 -3.9063E-07   1  -1
  9.4254E-04 -6.5846E-04  0.0000E+00  0.0000E+00  0.0000E+00  0.0000E+00 -1.9572E-02 -3.9063E-07   1  -1
  5.9577E-04  7.7603E-04  0.0000E+00  0.0000E+00  0.0000E+00  0.0000E+00  1.5185E-02 -3.9063E-07   1  -1
  4.5132E-04  4.9072E-04  0.0000E+00  0.0000E+00  0.0000E+00  0.0000E+00  4.9941E-02 -3.9063E-07   1  -1
  3.4852E-04  3.4776E-04  0.0000E+00  0.0000E+00  0.0000E+00  0.0000E+00 -4.9179E-02 -3.9063E-07   1  -1
  2.6443E-04  2.4081E-04  0.0000E+00  0.0000E+00  0.0000E+00  0.0000E+00 -1.4423E-02 -3.9063E-07   1  -1
  1.9068E-04  1.5000E-04  0.0000E+00  0.0000E+00  0.0000E+00  0.0000E+00  2.0334E-02 -3.9063E-07   1  -1
  1.2307E-04  6.7369E-05  0.0000E+00  0.0000E+00  0.0000E+00  0.0000E+00 -3.7593E-02 -3.9063E-07   1  -1
  5.9117E-05 -1.1486E-05  0.0000E+00  0.0000E+00  0.0000E+00  0.0000E+00 -2.8371E-03 -3.9063E-07   1  -1
 -2.9629E-06 -8.9769E-05  0.0000E+00  0.0000E+00  0.0000E+00  0.0000E+00  3.1919E-02 -3.9063E-07   1  -1
 -6.4603E-05 -1.7052E-04  0.0000E+00  0.0000E+00  0.0000E+00  0.0000E+00 -2.6008E-02 -3.9063E-07   1  -1
 -1.2717E-04 -2.5752E-04  0.0000E+00  0.0000E+00  0.0000E+00  0.0000E+00  8.7482E-03 -3.9063E-07   1  -1
 -1.9219E-04 -3.5690E-04  0.0000E+00  0.0000E+00  0.0000E+00  0.0000E+00  4.3504E-02 -3.9063E-07   1  -1
 -2.6162E-04 -4.8195E-04  0.0000E+00  0.0000E+00  0.0000E+00  0.0000E+00 -4.5317E-02 -3.9063E-07   1  -1
 -3.3841E-04 -6.7963E-04  0.0000E+00  0.0000E+00  0.0000E+00  0.0000E+00 -1.0561E-02 -3.9063E-07   1  -1
 -4.2777E-04  7.3704E-04  0.0000E+00  0.0000E+00  0.0000E+00  0.0000E+00  2.4195E-02 -3.9063E-07   1  -1
 -5.4111E-04  4.7742E-04  0.0000E+00  0.0000E+00  0.0000E+00  0.0000E+00 -3.3732E-02 -3.9063E-07   1  -1
 -7.1603E-04  3.3865E-04  0.0000E+00  0.0000E+00  0.0000E+00  0.0000E+00  1.0247E-03 -3.9063E-07   1  -1
  8.9640E-04  2.3339E-04  0.0000E+00  0.0000E+00  0.0000E+00  0.0000E+00  3.5781E-02 -3.9063E-07   1  -1
  5.8512E-04  1.4342E-04  0.0000E+00  0.0000E+00  0.0000E+00  0.0000E+00 -2.2146E-02 -3.9063E-07   1  -1
  4.4448E-04  6.1214E-05  0.0000E+00  0.0000E+00  0.0000E+00  0.0000E+00  1.2610E-02 -3.9063E-07   1  -1
  3.4317E-04 -1.7490E-05  0.0000E+00  0.0000E+00  0.0000E+00  0.0000E+00  4.7366E-02 -3.9063E-07   1  -1
  2.5986E-04 -9.5852E-05  0.0000E+00  0.0000E+00  0.0000E+00  0.0000E+00 -4.1455E-02 -3.9063E-07   1  -1
  1.8656E-04 -1.7693E-04  0.0000E+00  0.0000E+00  0.0000E+00  0.0000E+00 -6.6989E-03 -3.9063E-07   1  -1
  1.1923E-04 -2.6462E-04  0.0000E+00  0.0000E+00  0.0000E+00  0.0000E+00  2.8057E-02 -3.9063E-07   1  -1
  5.5428E-05 -3.6535E-04  0.0000E+00  0.0000E+00  0.0000E+00  0.0000E+00 -2.9870E-02 -3.9063E-07   1  -1
 -6.5876E-06 -4.9344E-04  0.0000E+00  0.0000E+00  0.0000E+00  0.0000E+00  4.8864E-03 -3.9063E-07   1  -1
 -6.8244E-05 -7.0276E-04  0.0000E+00  0.0000E+00  0.0000E+00  0.0000E+00  3.9643E-02 -3.9063E-07   1  -1
 -1.3091E-04  7.0407E-04  0.0000E+00  0.0000E+00  0.0000E+00  0.0000E+00 -1.8284E-02 -3.9063E-07   1  -1
 -1.9613E-04  4.6464E-04  0.0000E+00  0.0000E+00  0.0000E+00  0.0000E+00  1.6472E-02 -3.9063E-07   1  -1
 -2.6589E-04  3.2972E-04  0.0000E+00  0.0000E+00  0.0000E+00  0.0000E+00  5.1228E-02 -3.9063E-07   1  -1
 -3.4325E-04  2.2606E-04  0.0000E+00  0.0000E+00  0.0000E+00  0.0000E+00 -5.1324E-02 -3.9063E-07   1  -1
 -4.3361E-04  1.3689E-04  0.0000E+00  0.0000E+00  0.0000E+00  0.0000E+00 -1.6568E-02 -3.9063E-07   1  -1
 -5.4903E-04  5.5080E-05  0.0000E+00  0.0000E+00  0.0000E+00  0.0000E+00  1.8188E-02 -3.9063E-07   1  -1
 -7.3083E-04 -2.3493E-05  0.0000E+00  0.0000E+00  0.0000E+00  0.0000E+00 -3.9739E-02 -3.9063E-07   1  -1
  8.5933E-04 -1.0195E-04  0.0000E+00  0.0000E+00  0.0000E+00  0.0000E+00 -4.9826E-03 -3.9063E-07   1  -1
  5.7485E-04 -1.8338E-04  0.0000E+00  0.0000E+00  0.0000E+00  0.0000E+00  2.9774E-02 -3.9063E-07   1  -1
  4.3776E-04 -2.7179E-04  0.0000E+00  0.0000E+00  0.0000E+00  0.0000E+00 -2.8153E-02 -3.9063E-07   1  -1
  3.3788E-04 -3.7394E-04  0.0000E+00  0.0000E+00  0.0000E+00  0.0000E+00  6.6028E-03 -3.9063E-07   1  -1
  2.5533E-04 -5.0532E-04  0.0000E+00  0.0000E+00  0.0000E+00  0.0000E+00  4.1359E-02 -3.9063E-07   1  -1
  1.8246E-04 -7.2833E-04  0.0000E+00  0.0000E+00  0.0000E+00  0.0000E+00 -4.7462E-02 -3.9063E-07   1  -1
  1.1540E-04  6.7534E-04  0.0000E+00  0.0000E+00  0.0000E+00  0.0000E+00 -1.2706E-02 -3.9063E-07   1  -1
  5.1745E-05  4.5233E-04  0.0000E+00  0.0000E+00  0.0000E+00  0.0000E+00  2.2050E-02 -3.9063E-07   1  -1
 -1.0211E-05  3.2096E-04  0.0000E+00  0.0000E+00  0.0000E+00  0.0000E+00 -3.5877E-02 -3.9063E-07   1  -1
 -7.1888E-05  2.1881E-04  0.0000E+00  0.0000E+00  0.0000E+00  0.0000E+00 -1.1208E-03 -3.9063E-07   1  -1
 -1.3466E-04  1.3040E-04  0.0000E+00  0.0000E+00  0.0000E+00  0.0000E+00  3.3635E-02 -3.9063E-07   1  -1
 -2.0008E-04  4.8964E-05  0.0000E+00  0.0000E+00  0.0000E+00  0.0000E+00 -2.4292E-02 -3.9063E-07   1  -1
 -2.7020E-04 -2.9494E-05  0.0000E+00  0.0000E+00  0.0000E+00  0.0000E+00  1.0465E-02 -3.9063E-07   1  -1
 -3.4813E-04 -1.0807E-04  0.0000E+00  0.0000E+00  0.0000E+00  0.0000E+00  4.5221E-02 -3.9063E-07   1  -1
 -4.3952E-04 -1.8987E-04  0.0000E+00  0.0000E+00  0.0000E+00  0.0000E+00 -4.3601E-02 -3.9063E-07   1  -1
 -5.5714E-04 -2.7904E-04  0.0000E+00  0.0000E+00  0.0000E+00  0.0000E+00 -8.8444E-03 -3.9063E-07   1  -1
 -7.4657E-04 -3.8270E-04  0.0000E+00  0.0000E+00  0.0000E+00  0.0000E+00  2.5912E-02 -3.9063E-07   1  -1
  8.2813E-04 -5.1762E-04  0.0000E+00  0.0000E+00  0.0000E+00  0.0000E+00 -3.2015E-02 -3.9063E-07   1  -1
  5.6493E-04 -7.5706E-04  0.0000E+00  0.0000E+00  0.0000E+00  0.0000E+00  2.7410E-03 -3.9063E-07   1  -1
  4.3117E-04  6.4977E-04  0.0000E+00  0.0000E+00  0.0000E+00  0.0000E+00  3.7497E-02 -3.9063E-07   1  -1
  3.3265E-04  4.4045E-04  0.0000E+00  0.0000E+00  0.0000E+00  0.0000E+00 -2.0430E-02 -3.9063E-07   1  -1
  2.5082E-04  3.1236E-04  0.0000E+00  0.0000E+00  0.0000E+00  0.0000E+00  1.4326E-02 -3.9063E-07   1  -1
  1.7839E-04  2.1163E-04  0.0000E+00  0.0000E+00  0.0000E+00  0.0000E+00  4.9083E-02 -3.9063E-07   1  -1
  1.1158E-04  1.2394E-04  0.0000E+00  0.0000E+00  0.0000E+00  0.0000E+00 -5.0037E-02 -3.9063E-07   1  -1
  4.8068E-05  4.2865E-05  0.0000E+00  0.0000E+00  0.0000E+00  0.0000E+00 -1.5281E-02 -3.9063E-07   1  -1
 -1.3834E-05 -3.5497E-05  0.0000E+00  0.0000E+00  0.0000E+00  0.0000E+00  1.9475E-02 -3.9063E-07   1  -1
 -7.5537E-05 -1.1420E-04  0.0000E+00  0.0000E+00  0.0000E+00  0.0000E+00 -3.8451E-02 -3.9063E-07   1  -1
 -1.3842E-04 -1.9641E-04  0.0000E+00  0.0000E+00  0.0000E+00  0.0000E+00 -3.6953E-03 -3.9063E-07   1  -1
 -2.0405E-04 -2.8638E-04  0.0000E+00  0.0000E+00  0.0000E+00  0.0000E+00  3.1061E-02 -3.9063E-07   1  -1
 -2.7452E-04 -3.9163E-04  0.0000E+00  0.0000E+00  0.0000E+00  0.0000E+00 -2.6866E-02 -3.9063E-07   1  -1
 -3.5306E-04 -5.3040E-04  0.0000E+00  0.0000E+00  0.0000E+00  0.0000E+00  7.8901E-03 -3.9063E-07   1  -1
 -4.4552E-04 -7.9003E-04  0.0000E+00  0.0000E+00  0.0000E+00  0.0000E+00  4.2646E-02 -3.9063E-07   1  -1
 -5.6546E-04  6.2664E-04  0.0000E+00  0.0000E+00  0.0000E+00  0.0000E+00 -4.6175E-02 -3.9063E-07   1  -1
 -7.6341E-04  4.2896E-04  0.0000E+00  0.0000E+00  0.0000E+00  0.0000E+00 -1.1419E-02 -3.9063E-07   1  -1
  8.0107E-04  3.0391E-04  0.0000E+00  0.0000E+00  0.0000E+00  0.0000E+00  2.3337E-02 -3.9063E-07   1  -1
  5.5533E-04  2.0453E-04  0.0000E+00  0.0000E+00  0.0000E+00  0.0000E+00 -3.4590E-02 -3.9063E-07   1  -1
  4.2468E-04  1.1753E-04  0.0000E+00  0.0000E+00  0.0000E+00  0.0000E+00  1.6648E-04 -3.9063E-07   1  -1
  3.2748E-04  3.6782E-05  0.0000E+00  0.0000E+00  0.0000E+00  0.0000E+00  3.4923E-02 -3.9063E-07   1  -1
  2.4635E-04 -4.1501E-05  0.0000E+00  0.0000E+00  0.0000E+00  0.0000E+00 -2.3004E-02 -3.9063E-07   1  -1
  1.7433E-04 -1.2036E-04  0.0000E+00  0.0000E+00  0.0000E+00  0.0000E+00  1.1752E-02 -3.9063E-07   1  -1
  1.0777E-04 -2.0298E-04  0.0000E+00  0.0000E+00  0.0000E+00  0.0000E+00  4.6508E-02 -3.9063E-07   1  -1
  4.4397E-05 -2.9380E-04  0.0000E+00  0.0000E+00  0.0000E+00  0.0000E+00 -4.2313E-02 -3.9063E-07   1  -1
 -1.7456E-05 -4.0074E-04  0.0000E+00  0.0000E+00  0.0000E+00  0.0000E+00 -7.5571E-03 -3.9063E-07   1  -1
 -7.9189E-05 -5.4371E-04  0.0000E+00  0.0000E+00  0.0000E+00  0.0000E+00  2.7199E-02 -3.9063E-07   1  -1
 -1.4219E-04 -8.2902E-04  0.0000E+00  0.0000E+00  0.0000E+00  0.0000E+00 -3.0728E-02 -3.9063E-07   1  -1
 -2.0804E-04  6.0547E-04  0.0000E+00  0.0000E+00  0.0000E+00  0.0000E+00  4.0283E-03 -3.9063E-07   1  -1
 -2.7888E-04  4.1782E-04  0.0000E+00  0.0000E+00  0.0000E+00  0.0000E+00  3.8784E-02 -3.9063E-07   1  -1
 -3.5803E-04  2.9560E-04  0.0000E+00  0.0000E+00  0.0000E+00  0.0000E+00 -1.9142E-02 -3.9063E-07   1  -1
 -4.5161E-04  1.9750E-04  0.0000E+00  0.0000E+00  0.0000E+00  0.0000E+00  1.5614E-02 -3.9063E-07   1  -1
 -5.7399E-04  1.1116E-04  0.0000E+00  0.0000E+00  0.0000E+00  0.0000E+00  5.0370E-02 -3.9063E-07   1  -1
 -7.8156E-04  3.0713E-05  0.0000E+00  0.0000E+00  0.0000E+00  0.0000E+00 -4.8750E-02 -3.9063E-07   1  -1
  7.7709E-04 -4.7509E-05  0.0000E+00  0.0000E+00  0.0000E+00  0.0000E+00 -1.3993E-02 -3.9063E-07   1  -1
  5.4602E-04 -1.2653E-04  0.0000E+00  0.0000E+00  0.0000E+00  0.0000E+00  2.0763E-02 -3.9063E-07   1  -1
  4.1830E-04 -2.0961E-04  0.0000E+00  0.0000E+00  0.0000E+00  0.0000E+00 -3.7164E-02 -3.9063E-07   1  -1
  3.2235E-04 -3.0131E-04  0.0000E+00  0.0000E+00  0.0000E+00  0.0000E+00 -2.4081E-03 -3.9063E-07   1  -1
  2.4190E-04 -4.1005E-04  0.0000E+00  0.0000E+00  0.0000E+00  0.0000E+00  3.2348E-02 -3.9063E-07   1  -1
  1.7029E-04 -5.5760E-04  0.0000E+00  0.0000E+00  0.0000E+00  0.0000E+00 -2.5579E-02 -3.9063E-07   1  -1
  1.0397E-04 -8.7729E-04  0.0000E+00  0.0000E+00  0.0000E+00  0.0000E+00  9.1773E-03 -3.9063E-07   1  -1
  4.0731E-05  5.8590E-04  0.0000E+00  0.0000E+00  0.0000E+00  0.0000E+00  4.3933E-02 -3.9063E-07   1  -1
 -2.1077E-05  4.0701E-04  0.0000E+00  0.0000E+00  0.0000E+00  0.0000E+00 -4.4888E-02 -3.9063E-07   1  -1
 -8.2845E-05  2.8743E-04  0.0000E+00  0.0000E+00  0.0000E+00  0.0000E+00 -1.0132E-02 -3.9063E-07   1  -1
 -1.4596E-04  1.9054E-04  0.0000E+00  0.0000E+00  0.0000E+00  0.0000E+00  2.4625E-02 -3.9063E-07   1  -1
 -2.1204E-04  1.0481E-04  0.0000E+00  0.0000E+00  0.0000E+00  0.0000E+00 -3.3302E-02 -3.9063E-07   1  -1
 -2.8327E-04  2.4658E-05  0.0000E+00  0.0000E+00  0.0000E+00  0.0000E+00  1.4537E-03 -3.9063E-07   1  -1
 -3.6306E-04 -5.3522E-05  0.0000E+00  0.0000E+00  0.0000E+00  0.0000E+00  3.6210E-02 -3.9063E-07   1  -1
 -4.5779E-04 -1.3273E-04  0.0000E+00  0.0000E+00  0.0000E+00  0.0000E+00 -2.1717E-02 -3.9063E-07   1  -1
 -5.8277E-04 -2.1628E-04  0.0000E+00  0.0000E+00  0.0000E+00  0.0000E+00  1.3039E-02 -3.9063E-07   1  -1
 -8.0126E-04 -3.0892E-04  0.0000E+00  0.0000E+00  0.0000E+00  0.0000E+00  4.7795E-02 -3.9063E-07   1  -1
  7.5548E-04 -4.1956E-04  0.0000E+00  0.0000E+00  0.0000E+00  0.0000E+00 -4.1026E-02 -3.9063E-07   1  -1
  5.3699E-04 -5.7214E-04  0.0000E+00  0.0000E+00  0.0000E+00  0.0000E+00 -6.2698E-03 -3.9063E-07   1  -1
  4.1202E-04 -9.4199E-04  0.0000E+00  0.0000E+00  0.0000E+00  0.0000E+00  2.8486E-02 -3.9063E-07   1  -1
  3.1728E-04  5.6767E-04  0.0000E+00  0.0000E+00  0.0000E+00  0.0000E+00 -2.9441E-02 -3.9063E-07   1  -1
  2.3749E-04  3.9651E-04  0.0000E+00  0.0000E+00  0.0000E+00  0.0000E+00  5.3155E-03 -3.9063E-07   1  -1
  1.6627E-04  2.7938E-04  0.0000E+00  0.0000E+00  0.0000E+00  0.0000E+00  4.0072E-02 -3.9063E-07   1  -1
  1.0019E-04  1.8364E-04  0.0000E+00  0.0000E+00  0.0000E+00  0.0000E+00 -1.7855E-02 -3.9063E-07   1  -1
  3.7070E-05  9.8503E-05  0.0000E+00  0.0000E+00  0.0000E+00  0.0000E+00  1.6901E-02 -3.9063E-07   1  -1
 -2.4698E-05  1.8613E-05  0.0000E+00  0.0000E+00  0.0000E+00  0.0000E+00  5.1657E-02 -3.9063E-07   1  -1
 -8.6507E-05 -5.9540E-05  0.0000E+00  0.0000E+00  0.0000E+00  0.0000E+00 -5.0895E-02 -3.9063E-07   1  -1
 -1.4975E-04 -1.3896E-04  0.0000E+00  0.0000E+00  0.0000E+00  0.0000E+00 -1.6139E-02 -3.9063E-07   1  -1
 -2.1606E-04 -2.2301E-04  0.0000E+00  0.0000E+00  0.0000E+00  0.0000E+00  1.8617E-02 -3.9063E-07   1  -1
 -2.8768E-04 -3.1663E-04  0.0000E+00  0.0000E+00  0.0000E+00  0.0000E+00 -3.9310E-02 -3.9063E-07   1  -1
 -3.6813E-04 -4.2929E-04  0.0000E+00  0.0000E+00  0.0000E+00  0.0000E+00 -4.5535E-03 -3.9063E-07   1  -1
 -4.6407E-04 -5.8742E-04  0.0000E+00  0.0000E+00  0.0000E+00  0.0000E+00  3.0203E-02 -3.9063E-07   1  -1
 -5.9180E-04 -1.0450E-03  0.0000E+00  0.0000E+00  0.0000E+00  0.0000E+00 -2.7724E-02 -3.9063E-07   1  -1
 -8.2286E-04  1.3157E-03  0.0000E+00  0.0000E+00  0.0000E+00  0.0000E+00  7.0319E-03 -3.9063E-07   1  -1
  7.3578E-04  5.4929E-04  0.0000E+00  0.0000E+00  0.0000E+00  0.0000E+00  4.1788E-02 -3.9063E-07   1  -1
  5.2822E-04  3.8550E-04  0.0000E+00  0.0000E+00  0.0000E+00  0.0000E+00 -4.7033E-02 -3.9063E-07   1  -1
  4.0584E-04  2.7085E-04  0.0000E+00  0.0000E+00  0.0000E+00  0.0000E+00 -1.2277E-02 -3.9063E-07   1  -1
  3.1226E-04  1.7628E-04  0.0000E+00  0.0000E+00  0.0000E+00  0.0000E+00  2.2479E-02 -3.9063E-07   1  -1
  2.3311E-04  9.1741E-05  0.0000E+00  0.0000E+00  0.0000E+00  0.0000E+00 -3.5448E-02 -3.9063E-07   1  -1
  1.6226E-04  1.2115E-05  0.0000E+00  0.0000E+00  0.0000E+00  0.0000E+00 -6.9170E-04 -3.9063E-07   1  -1
  9.6409E-05 -6.6029E-05  0.0000E+00  0.0000E+00  0.0000E+00  0.0000E+00  3.4064E-02 -3.9063E-07   1  -1
  3.3413E-05 -1.4569E-04  0.0000E+00  0.0000E+00  0.0000E+00  0.0000E+00 -2.3862E-02 -3.9063E-07   1  -1
 -2.8320E-05 -2.3031E-04  0.0000E+00  0.0000E+00  0.0000E+00  0.0000E+00  1.0894E-02 -3.9063E-07   1  -1
 -9.0173E-05 -3.2505E-04  0.0000E+00  0.0000E+00  0.0000E+00  0.0000E+00  4.5650E-02 -3.9063E-07   1  -1
 -1.5355E-04 -4.4004E-04  0.0000E+00  0.0000E+00  0.0000E+00  0.0000E+00 -4.3171E-02 -3.9063E-07   1  -1
 -2.2010E-04 -6.0483E-04  0.0000E+00  0.0000E+00  0.0000E+00  0.0000E+00 -8.4153E-03 -3.9063E-07   1  -1
 -2.9212E-04  9.8141E-04  0.0000E+00  0.0000E+00  0.0000E+00  0.0000E+00  2.6341E-02 -3.9063E-07   1  -1
 -3.7325E-04  5.3323E-04  0.0000E+00  0.0000E+00  0.0000E+00  0.0000E+00 -3.1586E-02 -3.9063E-07   1  -1
 -4.7045E-04  3.7555E-04  0.0000E+00  0.0000E+00  0.0000E+00  0.0000E+00  3.1701E-03 -3.9063E-07   1  -1
 -6.0110E-04  2.6304E-04  0.0000E+00  0.0000E+00  0.0000E+00  0.0000E+00  3.7926E-02 -3.9063E-07   1  -1
 -8.4685E-04  1.6950E-04  0.0000E+00  0.0000E+00  0.0000E+00  0.0000E+00 -2.0001E-02 -3.9063E-07   1  -1
  7.1764E-04  8.5491E-05  0.0000E+00  0.0000E+00  0.0000E+00  0.0000E+00  1.4755E-02 -3.9063E-07   1  -1
  5.1968E-04  6.0898E-06  0.0000E+00  0.0000E+00  0.0000E+00  0.0000E+00  4.9512E-02 -3.9063E-07   1  -1
  3.9975E-04 -7.2065E-05  0.0000E+00  0.0000E+00  0.0000E+00  0.0000E+00 -4.9608E-02 -3.9063E-07   1  -1
  3.0728E-04 -1.5197E-04  0.0000E+00  0.0000E+00  0.0000E+00  0.0000E+00 -1.4852E-02 -3.9063E-07   1  -1
  2.2875E-04 -2.3716E-04  0.0000E+00  0.0000E+00  0.0000E+00  0.0000E+00  1.9905E-02 -3.9063E-07   1  -1
  1.5828E-04 -3.3298E-04  0.0000E+00  0.0000E+00  0.0000E+00  0.0000E+00 -3.8022E-02 -3.9063E-07   1  -1
  9.2642E-05 -4.5029E-04  0.0000E+00  0.0000E+00  0.0000E+00  0.0000E+00 -3.2662E-03 -3.9063E-07   1  -1
  2.9761E-05 -6.2201E-04  0.0000E+00  0.0000E+00  0.0000E+00  0.0000E+00  3.1490E-02 -3.9063E-07   1  -1
 -3.1942E-05  8.8314E-04  0.0000E+00  0.0000E+00  0.0000E+00  0.0000E+00 -2.6437E-02 -3.9063E-07   1  -1
 -9.3844E-05  5.1801E-04  0.0000E+00  0.0000E+00  0.0000E+00  0.0000E+00  8.3192E-03 -3.9063E-07   1  -1
 -1.5736E-04  3.6583E-04  0.0000E+00  0.0000E+00  0.0000E+00  0.0000E+00  4.3075E-02 -3.9063E-07   1  -1
 -2.2416E-04  2.5534E-04  0.0000E+00  0.0000E+00  0.0000E+00  0.0000E+00 -4.5746E-02 -3.9063E-07   1  -1
 -2.9660E-04  1.6278E-04  0.0000E+00  0.0000E+00  0.0000E+00  0.0000E+00 -1.0990E-02 -3.9063E-07   1  -1
 -3.7843E-04  7.9268E-05  0.0000E+00  0.0000E+00  0.0000E+00  0.0000E+00  2.3766E-02 -3.9063E-07   1  -1
 -4.7694E-04  7.1924E-08  0.0000E+00  0.0000E+00  0.0000E+00  0.0000E+00 -3.4161E-02 -3.9063E-07   1  -1
 -6.1070E-04 -7.8110E-05  0.0000E+00  0.0000E+00  0.0000E+00  0.0000E+00  5.9556E-04 -3.9063E-07   1  -1
 -8.7391E-04 -1.5829E-04  0.0000E+00  0.0000E+00  0.0000E+00  0.0000E+00  3.5352E-02 -3.9063E-07   1  -1
  7.0079E-04 -2.4406E-04  0.0000E+00  0.0000E+00  0.0000E+00  0.0000E+00 -2.2575E-02 -3.9063E-07   1  -1
  5.1136E-04 -3.4104E-04  0.0000E+00  0.0000E+00  0.0000E+00  0.0000E+00  1.2181E-02 -3.9063E-07   1  -1
  3.9375E-04 -4.6082E-04  0.0000E+00  0.0000E+00  0.0000E+00  0.0000E+00  4.6937E-02 -3.9063E-07   1  -1
  3.0236E-04 -6.4034E-04  0.0000E+00  0.0000E+00  0.0000E+00  0.0000E+00 -4.1884E-02 -3.9063E-07   1  -1
  2.2442E-04  8.2014E-04  0.0000E+00  0.0000E+00  0.0000E+00  0.0000E+00 -7.1280E-03 -3.9063E-07   1  -1
  1.5430E-04  5.0352E-04  0.0000E+00  0.0000E+00  0.0000E+00  0.0000E+00  2.7628E-02 -3.9063E-07   1  -1
  8.8884E-05  3.5634E-04  0.0000E+00  0.0000E+00  0.0000E+00  0.0000E+00 -3.0299E-02 -3.9063E-07   1  -1
  2.6113E-05  2.4774E-04  0.0000E+00  0.0000E+00  0.0000E+00  0.0000E+00  4.4574E-03 -3.9063E-07   1  -1
 -3.5564E-05  1.5611E-04  0.0000E+00  0.0000E+00  0.0000E+00  0.0000E+00  3.9214E-02 -3.9063E-07   1  -1
 -9.7521E-05  7.3070E-05  0.0000E+00  0.0000E+00  0.0000E+00  0.0000E+00 -1.8713E-02 -3.9063E-07   1  -1
 -1.6118E-04 -5.9401E-06  0.0000E+00  0.0000E+00  0.0000E+00  0.0000E+00  1.6043E-02 -3.9063E-07   1  -1
 -2.2824E-04 -8.4167E-05  0.0000E+00  0.0000E+00  0.0000E+00  0.0000E+00  5.0799E-02 -3.9063E-07   1  -1
 -3.0110E-04 -1.6463E-04  0.0000E+00  0.0000E+00  0.0000E+00  0.0000E+00 -4.8321E-02 -3.9063E-07   1  -1
 -3.8366E-04 -2.5103E-04  0.0000E+00  0.0000E+00  0.0000E+00  0.0000E+00 -1.3564E-02 -3.9063E-07   1  -1
 -4.8354E-04 -3.4922E-04  0.0000E+00  0.0000E+00  0.0000E+00  0.0000E+00  2.1192E-02 -3.9063E-07   1  -1
 -6.2062E-04 -4.7165E-04  0.0000E+00  0.0000E+00  0.0000E+00  0.0000E+00 -3.6735E-02 -3.9063E-07   1  -1
 -9.0510E-04 -6.6003E-04  0.0000E+00  0.0000E+00  0.0000E+00  0.0000E+00 -1.9790E-03 -3.9063E-07   1  -1
  6.8505E-04  7.7276E-04  0.0000E+00  0.0000E+00  0.0000E+00  0.0000E+00  3.2777E-02 -3.9063E-07   1  -1
  5.0325E-04  4.8968E-04  0.0000E+00  0.0000E+00  0.0000E+00  0.0000E+00 -2.5150E-02 -3.9063E-07   1  -1
  3.8783E-04  3.4705E-04  0.0000E+00  0.0000E+00  0.0000E+00  0.0000E+00  9.6064E-03 -3.9063E-07   1  -1
  2.9747E-04  2.4024E-04  0.0000E+00  0.0000E+00  0.0000E+00  0.0000E+00  4.4363E-02 -3.9063E-07   1  -1
  2.2012E-04  1.4949E-04  0.0000E+00  0.0000E+00  0.0000E+00  0.0000E+00 -4.4459E-02 -3.9063E-07   1  -1
  1.5035E-04  6.6895E-05  0.0000E+00  0.0000E+00  0.0000E+00  0.0000E+00 -9.7026E-03 -3.9063E-07   1  -1
  8.5135E-05 -1.1948E-05  0.0000E+00  0.0000E+00  0.0000E+00  0.0000E+00  2.5054E-02 -3.9063E-07   1  -1
  2.2468E-05 -9.0236E-05  0.0000E+00  0.0000E+00  0.0000E+00  0.0000E+00 -3.2873E-02 -3.9063E-07   1  -1
 -3.9188E-05 -1.7101E-04  0.0000E+00  0.0000E+00  0.0000E+00  0.0000E+00  1.8828E-03 -3.9063E-07   1  -1
 -1.0120E-04 -2.5806E-04  0.0000E+00  0.0000E+00  0.0000E+00  0.0000E+00  3.6639E-02 -3.9063E-07   1  -1
 -1.6501E-04 -3.5754E-04  0.0000E+00  0.0000E+00  0.0000E+00  0.0000E+00 -2.1288E-02 -3.9063E-07   1  -1
 -2.3234E-04 -4.8282E-04  0.0000E+00  0.0000E+00  0.0000E+00  0.0000E+00  1.3468E-02 -3.9063E-07   1  -1
 -3.0564E-04 -6.8133E-04  0.0000E+00  0.0000E+00  0.0000E+00  0.0000E+00  4.8224E-02 -3.9063E-07   1  -1
 -3.8895E-04  7.3432E-04  0.0000E+00  0.0000E+00  0.0000E+00  0.0000E+00 -4.0597E-02 -3.9063E-07   1  -1
 -4.9025E-04  4.7642E-04  0.0000E+00  0.0000E+00  0.0000E+00  0.0000E+00 -5.8408E-03 -3.9063E-07   1  -1
 -6.3089E-04  3.3795E-04  0.0000E+00  0.0000E+00  0.0000E+00  0.0000E+00  2.8915E-02 -3.9063E-07   1  -1
 -9.4217E-04  2.3282E-04  0.0000E+00  0.0000E+00  0.0000E+00  0.0000E+00 -2.9012E-02 -3.9063E-07   1  -1
  6.7026E-04  1.4292E-04  0.0000E+00  0.0000E+00  0.0000E+00  0.0000E+00  5.7446E-03 -3.9063E-07   1  -1
  4.9534E-04  6.0742E-05  0.0000E+00  0.0000E+00  0.0000E+00  0.0000E+00  4.0501E-02 -3.9063E-07   1  -1
  3.8200E-04 -1.7952E-05  0.0000E+00  0.0000E+00  0.0000E+00  0.0000E+00 -1.7426E-02 -3.9063E-07   1  -1
  2.9263E-04 -9.6321E-05  0.0000E+00  0.0000E+00  0.0000E+00  0.0000E+00  1.7330E-02 -3.9063E-07   1  -1
  2.1584E-04 -1.7743E-04  0.0000E+00  0.0000E+00  0.0000E+00  0.0000E+00  5.2086E-02 -3.9063E-07   1  -1
  1.4641E-04 -2.6517E-04  0.0000E+00  0.0000E+00  0.0000E+00  0.0000E+00 -5.1610E-02 -3.9063E-07   1  -1
  8.1395E-05 -3.6600E-04  0.0000E+00  0.0000E+00  0.0000E+00  0.0000E+00 -1.6854E-02 -3.9063E-07   1  -1
  1.8827E-05 -4.9434E-04  0.0000E+00  0.0000E+00  0.0000E+00  0.0000E+00  1.7902E-02 -3.9063E-07   1  -1
 -4.2813E-05 -7.0463E-04  0.0000E+00  0.0000E+00  0.0000E+00  0.0000E+00 -4.0025E-02 -3.9063E-07   1  -1
 -1.0489E-04  7.0173E-04  0.0000E+00  0.0000E+00  0.0000E+00  0.0000E+00 -5.2686E-03 -3.9063E-07   1  -1
 -1.6885E-04  4.6367E-04  0.0000E+00  0.0000E+00  0.0000E+00  0.0000E+00  2.9488E-02 -3.9063E-07   1  -1
 -2.3645E-04  3.2904E-04  0.0000E+00  0.0000E+00  0.0000E+00  0.0000E+00 -2.8439E-02 -3.9063E-07   1  -1
