x y
0  NaN
0.003334379  NaN
0.0007253801  NaN
-0.004617463  NaN
-0.005888234  NaN
-0.002481082  NaN
-0.003270673  NaN
-0.006664959  NaN
-0.003337072  NaN
0.002148661  NaN
-0.001179652  NaN
-3.165933e-05  NaN
-0.003895447  NaN
-0.0007267913  NaN
0.002463028  NaN
-0.002782731  NaN
0.003277818  NaN
0.005423423  NaN
0.001502433  NaN
-0.002666422  NaN
0.002543715  NaN
-0.004985895  NaN
0.0007309396  NaN
0.004468361  NaN
0.001167858  NaN
0.008026784  NaN
0.01078231  NaN
0.002845973  NaN
0.0005506095  NaN
-0.004934642  NaN
-0.005711598  NaN
0.004933551  NaN
0.002726408  NaN
0.001472974  NaN
-0.01569062  NaN
-0.008343783  NaN
0.001862406  NaN
0.004431011  NaN
0.001988633  NaN
-0.0003185961  NaN
0.001006237  NaN
0.002672104  NaN
-0.002279294  NaN
0.002327628  NaN
0.001984056  NaN
0.0009427245  NaN
-0.001485084  NaN
0.006161433  NaN
0.003128619  NaN
0.006080346  NaN
-0.008100726000000001  NaN
-0.001692336  NaN
0.004412292  NaN
-0.008637914999999999  NaN
0.00372614  NaN
-0.001243043  NaN
-0.001068483  NaN
-0.002971399  NaN
0.0007482715  NaN
-0.005757159  NaN
-0.00340261  NaN
0.002333577  NaN
0.001108657  NaN
-0.0007741978  NaN
0.001814116  NaN
0.0003259146  NaN
0.001777147  NaN
0.004632168  NaN
-0.0007054368  NaN
-0.005009422  NaN
-0.004020937  NaN
0.002739331  NaN
-0.0002994287  NaN
0.004748742  NaN
0.007328918  NaN
-0.01141996  NaN
0.003057309  NaN
0.003515366  NaN
-0.003936605  NaN
0.006873106  NaN
-0.001603059  NaN
-0.01179854  NaN
-0.009098497000000001  NaN
-0.001981112  NaN
-0.009341491  NaN
0.003876876  NaN
0.003231738  NaN
0.0003642084  NaN
0.0004314833  NaN
-0.002654382  NaN
0.000987803  NaN
-7.452416e-05  NaN
-0.003307517  NaN
-0.005795347  NaN
0.009213295  NaN
0.001990459  NaN
0.004697951  NaN
-0.002667268  NaN
-0.002249463  NaN
-0.01060901  NaN
-0.004044913  NaN
0.0003537923  NaN
0.001296594  NaN
0.00260844  NaN
-0.0002856011  NaN
0.005049364  NaN
0.00309977  NaN
-0.001044758  NaN
-0.003896563  NaN
-0.01236306  NaN
-0.0001116462  NaN
0.005564219  NaN
-0.005735126  NaN
-0.003556464  NaN
0.002866388  NaN
-0.002071208  NaN
0.00669803  NaN
-0.001763007  NaN
-0.003665916  NaN
-0.002023744  NaN
-0.005129665  NaN
0.00439661  NaN
-0.01206332  NaN
-0.006145717  NaN
0.003498186  NaN
-0.002382515  NaN
-0.005998848  NaN
-0.0004357668  NaN
-0.01155522  NaN
0.004208813  NaN
-0.0003085318  NaN
-0.006093912  NaN
-0.001341498  NaN
-0.003345267  NaN
0.0003306765  NaN
-0.005820044  NaN
-0.004437885  NaN
0.0017687  NaN
-0.00037544  NaN
0.01010621  NaN
0.005656125  NaN
0.007224123  NaN
0.003015768  NaN
0.007487851  NaN
0.0004117316  NaN
-0.009187669000000001  NaN
-0.0007831715  NaN
0.006565296  NaN
0.01177922  NaN
0.001660801  NaN
-0.006807394  NaN
0.003353643  NaN
0.001694613  NaN
-0.001568593  NaN
0.01081901  NaN
-0.00855655  NaN
-0.0008401306  NaN
-0.007162547  NaN
-0.007841032  NaN
0.004965094  NaN
0.001460122  NaN
0.0005012496  NaN
-0.001334174  NaN
0.003479672  NaN
0.003780018  NaN
0.0103173  NaN
-0.005796235  NaN
-0.0006938148  NaN
-0.006705607  NaN
0.002562924  NaN
-0.006702189  NaN
0.001457219  NaN
-0.004463773  NaN
0.002245376  NaN
-0.00357688  NaN
-0.007256289  NaN
-0.003115849  NaN
0.005553615  NaN
0.007091598  NaN
-0.005296997  NaN
-0.006562048  NaN
0.001293965  NaN
-0.004089328  NaN
0.003262392  NaN
0.001956342  NaN
-0.003006695  NaN
-0.002590171  NaN
-0.0002031218  NaN
0.003115067  NaN
0.008581195  NaN
0.002241309  NaN
0.007923305  NaN
-0.004897928  NaN
0.001513234  NaN
-0.003659339  NaN
-0.004832521  NaN
0.0119649  NaN
0.004874391  NaN
0.001372815  NaN
-0.001268765  NaN
0.001048447  NaN
-0.0004319618  NaN
0.006036891  NaN
0.003055716  NaN
-0.001137838  NaN
-0.0005184976  NaN
0.003307896  NaN
-0.004478878  NaN
-0.007998214  NaN
-0.0004749747  NaN
0.006508276  NaN
-0.0011933  NaN
0.008479067999999999  NaN
-0.003658211  NaN
-0.002872916  NaN
-0.0002088887  NaN
-0.01286169  NaN
-0.003405568  NaN
0.001554155  NaN
0.01128691  NaN
0.002842381  NaN
0.003514302  NaN
0.001307814  NaN
0.008268601  NaN
0.00337038  NaN
-0.0009340468  NaN
0.002914134  NaN
-0.007617676  NaN
-0.00379614  NaN
0.00674287  NaN
0.002498453  NaN
-0.002269513  NaN
-0.003285016  NaN
-0.0006948206  NaN
-0.004472611  NaN
-0.00249073  NaN
-0.002039016  NaN
-0.0002573396  NaN
-0.003594636  NaN
0.009050205  NaN
-0.001525893  NaN
0.002863295  NaN
-0.009731314  NaN
-0.0005353344  NaN
-0.006218501  NaN
-0.003482085  NaN
-0.0007694189  NaN
0.001760995  NaN
0.003433347  NaN
-0.0004893836  NaN
0.003421917  NaN
0.004476471  NaN
-0.001213704  NaN
0.001152339  NaN
-0.007204628  NaN
0.008863895  NaN
0.002040724  NaN
0.001322559  NaN
0.00209144  NaN
0.004355748  NaN
-0.002619149  NaN
0.006233509  NaN
0.005588425  NaN
0.002144295  NaN
0.005491645  NaN
0.001578006  NaN
0.004168572  NaN
-0.002077322  NaN
0.01047465  NaN
0.00735192  NaN
-0.001547714  NaN
-0.006658996  NaN
-0.0002525636  NaN
0.002384635  NaN
0.008244282  NaN
0.003811203  NaN
-0.0010741  NaN
0.001884862  NaN
0.004826086  NaN
-0.01144338  NaN
0.003405791  NaN
-0.007225377  NaN
0.008788871  NaN
0.005488565  NaN
0.004065564  NaN
0.004456344  NaN
-0.001286824  NaN
0.007425442  NaN
0.001062467  NaN
-0.007526169  NaN
0.003555644  NaN
0.002433967  NaN
-0.006042272  NaN
0.001415151  NaN
-0.001488168  NaN
-0.002543594  NaN
-0.004678748  NaN
0.004014742  NaN
0.002409037  NaN
-0.00678969  NaN
-0.006774231  NaN
-0.002618683  NaN
0.001610284  NaN
0.006560813  NaN
0.0002076657  NaN
0.004383651  NaN
0.005833682  NaN
-0.001990187  NaN
0.007497102  NaN
-0.003409784  NaN
0.007499057  NaN
0.0005449762  NaN
7.040034e-05  NaN
0.001924799  NaN
0.01006574  NaN
0.003297589  NaN
0.0009401964000000001  NaN
-0.007848967  NaN
0.0006702721  NaN
-0.006653032  NaN
0.000895716  NaN
-0.01120397  NaN
-0.0008460648000000001  NaN
-0.009570267  NaN
0.006324506  NaN
-0.0003645352  NaN
-0.007513002  NaN
0.003381282  NaN
0.0008929922  NaN
0.002469799  NaN
0.002821098  NaN
0.004932516  NaN
-0.001323285  NaN
-0.004634203  NaN
-0.006596375  NaN
0.00703575  NaN
-0.002953439  NaN
0.004545899  NaN
0.002903108  NaN
0.0002102743  NaN
-0.002233156  NaN
0.004783071  NaN
0.005681198  NaN
0.008063404  NaN
-0.004436585  NaN
-0.0006609963  NaN
0.002625551  NaN
0.0004674865  NaN
-0.001701315  NaN
0.003634391  NaN
0.006566155  NaN
0.00510046  NaN
-0.00351637  NaN
0.003257558  NaN
-0.001577583  NaN
0.001356615  NaN
0.006896844  NaN
-0.0009765411  NaN
-0.001286579  NaN
0.007408184  NaN
-0.002968937  NaN
0.001223918  NaN
-0.002068228  NaN
0.004246612  NaN
-0.006334859  NaN
0.004885773  NaN
-0.0009756727  NaN
0.007431504  NaN
0.004988214  NaN
-0.002121972  NaN
-0.007465021  NaN
0.002427879  NaN
5.626146e-05  NaN
0.002899413  NaN
0.001558444  NaN
0.003253019  NaN
-0.006885569  NaN
0.001953188  NaN
0.003049553  NaN
0.004895963  NaN
0.006652224  NaN
-0.002771229  NaN
0.006152544  NaN
-0.004932034  NaN
-0.002955598  NaN
-0.00300393  NaN
-0.002134936  NaN
-0.00376299  NaN
0.001747733  NaN
-0.006022582  NaN
0.00499553  NaN
-0.004501273  NaN
-0.01161671  NaN
-0.01341523  NaN
-0.005508987  NaN
0.008875865  NaN
-0.002369798  NaN
0.00152769  NaN
2.911608e-05  NaN
-0.0002116552  NaN
0.002312206  NaN
0.0029154  NaN
0.0004525086  NaN
-0.003603921  NaN
-0.00256154  NaN
-0.003162819  NaN
0.007789723  NaN
0.002584303  NaN
-0.005871658  NaN
-0.00337804  NaN
-0.005585732  NaN
-0.003797543  NaN
0.00217462  NaN
0.0002375801  NaN
0.004669127  NaN
0.002897187  NaN
0.003145272  NaN
-0.001085463  NaN
-0.008392538999999999  NaN
0.001605429  NaN
-0.004195318  NaN
0.004214674  NaN
-0.0008585064  NaN
0.004894109  NaN
0.003621053  NaN
-0.00568406  NaN
-0.01005493  NaN
0.002252312  NaN
0.008397699  NaN
-0.01007791  NaN
-0.003097163  NaN
0.001990879  NaN
-0.0004546683  NaN
0.0008040595  NaN
0.004222385  NaN
-0.006901115  NaN
-0.01527813  NaN
0.0004048402  NaN
-0.007238178  NaN
0.005371115  NaN
-0.002472278  NaN
-0.01179573  NaN
-0.001264398  NaN
-0.003300174  NaN
-0.001879454  NaN
0.0004377203  NaN
0.001602135  NaN
0.01203869  NaN
0.005038775  NaN
-0.00227254  NaN
0.01477146  NaN
-0.005228565  NaN
0.0006932824  NaN
0.0006020966  NaN
-0.002858685  NaN
0.0003943104  NaN
0.007961335  NaN
0.00254405  NaN
-0.002574742  NaN
0.009265911999999999  NaN
0.001225023  NaN
-0.001482721  NaN
0.002866127  NaN
-0.004607464  NaN
0.002252587  NaN
0.0002315209  NaN
-0.003222707  NaN
-0.00635546  NaN
-0.008702391  NaN
0.0004682972  NaN
0.006130693  NaN
0.004874272  NaN
-0.002563278  NaN
0.005895206  NaN
0.001821013  NaN
-0.0003760419  NaN
0.001888347  NaN
0.0007451308  NaN
0.008272045  NaN
-0.007631633  NaN
0.003912262  NaN
0.0006077355  NaN
-0.00277208  NaN
-0.001862187  NaN
0.006634646  NaN
-0.0008796972  NaN
-0.004072647  NaN
0.01304433  NaN
-0.004866876  NaN
-0.001107298  NaN
0.002298374  NaN
-0.01177765  NaN
0.002708861  NaN
-0.006198601  NaN
-0.001109633  NaN
-0.008201369  NaN
-0.005483477  NaN
-0.00234327  NaN
-0.009464803000000001  NaN
0.0008079043  NaN
-0.003414475  NaN
-0.005837758  NaN
-0.004374913  NaN
0.009234897000000001  NaN
-0.00624296  NaN
-0.002683609  NaN
-0.004004421  NaN
0.000189751  NaN
-0.003056574  NaN
0.002473105  NaN
0.005225175  NaN
-0.005112115  NaN
-0.00827467  NaN
0.003676204  NaN
-0.006019377  NaN
0.0001274535  NaN
-0.006646634  NaN
0.007901797  NaN
0.004427584  NaN
0.00656094  NaN
-0.002507107  NaN
-0.0014519  NaN
-0.005987294  NaN
-0.001567988  NaN
-0.003376812  NaN
-0.01412195  NaN
0.003513555  NaN
-0.003381733  NaN
-0.009745864  NaN
-0.002804412  NaN
0.005760597  NaN
0.006721525  NaN
-0.002464409  NaN
-0.005757961  NaN
-0.001277463  NaN
0.0009399919  NaN
0.007696143  NaN
0.003789676  NaN
0.005449844  NaN
0.002995404  NaN
0.001926082  NaN
-0.001334772  NaN
-0.008706558  NaN
0.002876378  NaN
0.002665837  NaN
-0.0007181896  NaN
-0.00484186  NaN
-0.00415583  NaN
-0.005525146  NaN
-0.00185545  NaN
-0.01400747  NaN
-0.0007401582000000001  NaN
-0.009030549000000001  NaN
-0.009664967  NaN
-0.005094983  NaN
0.006935824  NaN
0.001655338  NaN
0.007443686  NaN
0.001791708  NaN
0.004680622  NaN
-0.002048911  NaN
-0.002400501  NaN
0.007456928  NaN
0.005974743  NaN
-0.006773601  NaN
-0.007286783  NaN
-0.003719342  NaN
-0.003864922  NaN
0.000660373  NaN
0.00383989  NaN
-0.00565553  NaN
-0.003195257  NaN
-0.004141375  NaN
-0.003654863  NaN
-0.002668768  NaN
0.001957473  NaN
0.001016002  NaN
0.005661623  NaN
-0.002019008  NaN
-0.009422198  NaN
-0.005997171  NaN
0.00706366  NaN
0.0004760577  NaN
-0.005946366  NaN
0.0006808621  NaN
-0.006380865  NaN
-0.002535522  NaN
0.001820231  NaN
0.0004095604  NaN
-0.005692043  NaN
-0.003673146  NaN
0.0009313591  NaN
-0.003402082  NaN
-0.003102026  NaN
0.007497276  NaN
0.009009779000000001  NaN
7.461435e-05  NaN
0.0009402887  NaN
-0.00257774  NaN
0.003963651  NaN
0.004464255  NaN
-0.006687849  NaN
-0.01008263  NaN
0.00314447  NaN
0.009251196999999999  NaN
0.003783682  NaN
-0.004132891  NaN
-0.006668934  NaN
0.005076767  NaN
-0.004689323  NaN
0.001661112  NaN
-0.008086275  NaN
-0.007024997  NaN
0.002865204  NaN
-0.003566523  NaN
-0.002347916  NaN
-0.004025422  NaN
0.009737173999999999  NaN
0.004853607  NaN
-0.005370218  NaN
0.004750378  NaN
-0.006470391  NaN
0.006454691  NaN
0.00659073  NaN
-0.003417238  NaN
-0.005483304  NaN
-0.008984099000000001  NaN
-0.008725119999999999  NaN
0.003656395  NaN
-0.0001938485  NaN
-0.002779364  NaN
-0.006043896  NaN
-0.002502971  NaN
0.0053395  NaN
-0.00295093  NaN
0.003135101  NaN
-0.0008353099  NaN
0.005434314  NaN
0.003605108  NaN
0.0004989836  NaN
-0.003155704  NaN
-0.001277847  NaN
-0.007515898  NaN
0.006116578  NaN
-3.126415e-05  NaN
0.01031365  NaN
0.001856765  NaN
0.003544379  NaN
0.01357388  NaN
-0.009849024  NaN
-0.008780272  NaN
0.003244378  NaN
0.005891858  NaN
-0.00395782  NaN
-0.003192686  NaN
-0.004046574  NaN
0.0008100932  NaN
-0.0004661813  NaN
0.003900806  NaN
0.0001048153  NaN
-0.003917551  NaN
0.0005883355  NaN
-0.002345074  NaN
-0.007637246  NaN
0.004025192  NaN
0.005067077  NaN
0.001581916  NaN
0.0005858167  NaN
0.00329009  NaN
-0.003582369  NaN
0.008108456999999999  NaN
-0.0009865345  NaN
-0.00281245  NaN
0.001481135  NaN
-0.0007363425  NaN
0.0008924974  NaN
-0.007241875  NaN
-0.003924764  NaN
0.0002695508  NaN
-0.002428974  NaN
-0.001264865  NaN
0.003430775  NaN
-0.001378574  NaN
-0.003315223  NaN
0.001289121  NaN
0.009281651  NaN
0.00155346  NaN
0.006695287  NaN
0.0009389426  NaN
-0.00199136  NaN
0.006682897  NaN
-0.01159634  NaN
-0.009188332  NaN
-0.005016474  NaN
0.007269326  NaN
-0.002316661  NaN
-0.003746226  NaN
0.0005164731  NaN
0.003139302  NaN
0.01366845  NaN
0.004216775  NaN
0.009062371  NaN
-0.0004612677  NaN
0.006604386  NaN
-0.009582663999999999  NaN
0.003514799  NaN
0.002478877  NaN
-0.002722362  NaN
0.007149329  NaN
-0.002230597  NaN
-0.01110732  NaN
0.00216692  NaN
0.0001936718  NaN
0.002686272  NaN
0.001476463  NaN
-0.009071940000000001  NaN
0.003372692  NaN
-0.0008612839  NaN
-0.003272722  NaN
-0.007170878  NaN
-0.005103185  NaN
-0.001411051  NaN
0.002674258  NaN
-0.003127893  NaN
0.001890328  NaN
0.0004793963  NaN
-0.004484525  NaN
0.003653679  NaN
-0.001190936  NaN
-0.008527107000000001  NaN
-0.00172121  NaN
-0.001920311  NaN
0.0006621393  NaN
0.008348945999999999  NaN
-0.01070747  NaN
-0.003651437  NaN
0.003280003  NaN
0.004407997  NaN
0.00502297  NaN
0.0004615426  NaN
0.005436791  NaN
0.005666974  NaN
0.0002579987  NaN
-0.003386776  NaN
0.005965105  NaN
0.00112226  NaN
-0.003476135  NaN
-0.008619163000000001  NaN
0.007217665  NaN
0.01082415  NaN
0.01045904  NaN
0.008835097  NaN
0.001068216  NaN
-0.0009667154  NaN
-0.0007886831  NaN
0.002295925  NaN
-0.01218546  NaN
0.0001115046  NaN
0.001176738  NaN
-0.002430283  NaN
-0.003018692  NaN
0.003239502  NaN
-0.004468595  NaN
-0.001752542  NaN
0.002651544  NaN
0.008161697000000001  NaN
-0.0038908  NaN
0.00194323  NaN
-0.007514878  NaN
-0.003224182  NaN
-0.003319226  NaN
-0.002388727  NaN
0.0004869357  NaN
0.001093579  NaN
0.001811485  NaN
-0.0006312333  NaN
0.0001222765  NaN
-0.001240912  NaN
-0.001324421  NaN
0.002442994  NaN
-0.005533629  NaN
-0.002632121  NaN
-0.003788421  NaN
-0.004401278  NaN
-0.0003541243  NaN
-0.0004089928  NaN
0.00296006  NaN
0.00367526  NaN
-0.002333324  NaN
-0.001486029  NaN
0.004424671  NaN
-0.0004922703  NaN
0.004100054  NaN
-0.0001644723  NaN
-0.00473551  NaN
0.003748445  NaN
0.006238836  NaN
-0.002565542  NaN
-0.001637212  NaN
-0.006756741  NaN
0.003359926  NaN
-0.009213452  NaN
-0.004376363  NaN
-0.001966694  NaN
-0.003085743  NaN
0.01350513  NaN
-0.004024128  NaN
-0.001199202  NaN
0.001434553  NaN
0.00212579  NaN
-0.009085404  NaN
-0.006105369  NaN
0.006773038  NaN
-0.01183638  NaN
0.0048541  NaN
-0.0009684448  NaN
-0.00968254  NaN
-0.006181306  NaN
-0.005669479  NaN
0.0007971583  NaN
-0.007040532  NaN
0.002768635  NaN
0.006608192  NaN
-0.0003938663  NaN
0.0008267279  NaN
0.006908106  NaN
-0.001984579  NaN
0.002529665  NaN
0.0138504  NaN
-0.004062294  NaN
-0.002385421  NaN
-0.007794033  NaN
0.001814833  NaN
0.003393198  NaN
0.01070359  NaN
-0.005010928  NaN
-0.0001511844  NaN
0.007459507  NaN
-0.006672979  NaN
0.0002830822  NaN
0.00164893  NaN
-0.00264761  NaN
-0.002197384  NaN
0.00691946  NaN
0.005303636  NaN
-0.003851283  NaN
2.616545e-05  NaN
-0.002950251  NaN
0.0001997574  NaN
-0.002304372  NaN
-0.0008923527  NaN
0.002170962  NaN
-0.002141345  NaN
0.002677051  NaN
-0.01259629  NaN
-0.002055468  NaN
-0.0002369735  NaN
0.004979005  NaN
0.003260512  NaN
-0.007356777  NaN
0.007028288  NaN
-0.0001614722  NaN
0.004589809  NaN
-0.007492665  NaN
0.00317843  NaN
-0.003445136  NaN
0.0100207  NaN
0.004384283  NaN
-0.005666157  NaN
-0.009761468000000001  NaN
-0.0001376213  NaN
0.004754994  NaN
0.001160184  NaN
-0.01171662  NaN
-0.01104705  NaN
-0.0006511408  NaN
-0.005667317  NaN
0.000208574  NaN
-0.003209147  NaN
0.002581053  NaN
0.006629697  NaN
-0.001611429  NaN
-0.005868293  NaN
0.005649315  NaN
0.006355537  NaN
0.0003227603  NaN
0.0008461878  NaN
-0.004940542  NaN
-0.0007867906  NaN
-0.007619581  NaN
0.005178445  NaN
0.001773387  NaN
0.004925559  NaN
-0.005422235  NaN
-0.007221705  NaN
0.004038652  NaN
0.003611704  NaN
0.006148226  NaN
0.01046623  NaN
-0.003234581  NaN
0.00236342  NaN
0.004978264  NaN
-0.004814035  NaN
0.009037724  NaN
0.004818416  NaN
0.001305295  NaN
-0.002053939  NaN
0.01144094  NaN
0.0002567592  NaN
-0.003558506  NaN
-0.001065732  NaN
-0.002154407  NaN
-0.001930037  NaN
0.002630623  NaN
0.001128569  NaN
-0.004238235  NaN
0.004582354  NaN
0.003411787  NaN
0.01037252  NaN
5.0558e-05  NaN
0.00162031  NaN
0.004469198  NaN
0.003169837  NaN
0.0008768395  NaN
0.005864535  NaN
-0.008967281000000001  NaN
-0.0009978064000000001  NaN
-0.005669589  NaN
0.003451041  NaN
-0.0008907049  NaN
-0.0006720368  NaN
0.00208785  NaN
0.004034256  NaN
0.004986188  NaN
0.007244384  NaN
-0.0003508536  NaN
-0.003630663  NaN
0.007358719  NaN
-0.009533585000000001  NaN
-0.001675056  NaN
0.002543004  NaN
0.000282267  NaN
-0.003581512  NaN
-0.009352844000000001  NaN
0.007495393  NaN
-0.005508327  NaN
-0.00316094  NaN
0.001882181  NaN
0.001436043  NaN
-0.006467224  NaN
0.001053838  NaN
0.002779309  NaN
-0.009694863999999999  NaN
-0.004198172  NaN
-0.0003120089  NaN
0.006239028  NaN
0.002192609  NaN
0.0008902996  NaN
0.003848308  NaN
-0.0004971327  NaN
-0.001723908  NaN
-0.003434835  NaN
-0.001585088  NaN
-0.004979659  NaN
0.004486844  NaN
-0.0001385528  NaN
-0.007046251  NaN
0.003237093  NaN
0.001419524  NaN
0.004765825  NaN
-0.002096469  NaN
-0.006307986  NaN
0.002144306  NaN
-0.009670148999999999  NaN
0.006640317  NaN
-0.006315597  NaN
0.0006489511  NaN
0.0009699414  NaN
0.001070093  NaN
0.007625262  NaN
0.009745643999999999  NaN
0.004666078  NaN
0.003872237  NaN
0.003107578  NaN
0.001848502  NaN
-0.001527684  NaN
0.007173743  NaN
-0.002450905  NaN
-0.01101915  NaN
-0.002955797  NaN
-0.002549405  NaN
-0.006723778  NaN
0.002924541  NaN
0.004377196  NaN
-0.008362807999999999  NaN
-0.003212011  NaN
-0.003287693  NaN
-0.002209078  NaN
-0.002156475  NaN
-0.0001001274  NaN
0.0007000368  NaN
-0.0112243  NaN
-0.0001497654  NaN
0.000571852  NaN
0.01224625  NaN
-0.003713171  NaN
0.006982293  NaN
0.0004034697  NaN
-0.0009365594  NaN
0.00631634  NaN
-0.009629205  NaN
-0.004259422  NaN
-0.0033907  NaN
-0.001758223  NaN
-0.001031323  NaN
-0.007365178  NaN
0.003622036  NaN
0.005470525  NaN
-0.003983346  NaN
0.004400025  NaN
-0.0008919236  NaN
0.000147636  NaN
0.002409868  NaN
0.002058799  NaN
0.0006440147  NaN
0.004573376  NaN
0.0005320355  NaN
-0.004044514  NaN
-0.002224707  NaN
0.001896944  NaN
-0.007602292  NaN
0.007170657  NaN
-0.003056007  NaN
0.003289795  NaN
0.007803801  NaN
-0.000132386  NaN
-0.003051587  NaN
0.005769789  NaN
0.006035751  NaN
0.00430469  NaN
-0.003391428  NaN
0.003568808  NaN
-0.0020555  NaN
-0.001546753  NaN
0.001334348  NaN
0.004795579  NaN
-0.001741198  NaN
-0.002388695  NaN
-0.003113644  NaN
-0.005663529  NaN
-0.0007186245  NaN
-0.0114293  NaN
-0.004271039  NaN
0.002056207  NaN
-0.0005082105  NaN
-0.003535711  NaN
0.0009095892  NaN
0.0003666863  NaN
-0.0004706163  NaN
0.005163298  NaN
-0.0005134497  NaN
0.003941311  NaN
0.001799146  NaN
0.009748311000000001  NaN
7.370453999999999e-05  NaN
0.005093011  NaN
-0.001504896  NaN
-0.004955457  NaN
0.002638636  NaN
0.01204929  NaN
0.004542435  NaN
-3.543008e-05  NaN
-0.002413543  NaN
-0.002425589  NaN
-0.01441422  NaN
-0.006166501  NaN
-0.0009133034  NaN
0.001237895  NaN
0.000148186  NaN
-0.004737237  NaN
-0.007387043  NaN
-0.002032811  NaN
0.001245668  NaN
0.003291662  NaN
-0.003765895  NaN
-0.004413704  NaN
0.001836486  NaN
0.002553639  NaN
-0.0002324696  NaN
0.007383704  NaN
0.0008403912  NaN
0.004382523  NaN
-0.0005914775  NaN
0.007891896000000001  NaN
-0.01308471  NaN
-0.002504123  NaN
-0.002048843  NaN
0.004608419  NaN
-0.007974933  NaN
-1.313099e-05  NaN
0.0006805354  NaN
-0.00374392  NaN
-0.002336492  NaN
-0.004933798  NaN
-0.006304929  NaN
0.003274919  NaN
-0.008639010000000001  NaN
-0.006516116  NaN
-0.01012529  NaN
-0.01262427  NaN
-0.0018673  NaN
0.008780184  NaN
-0.001413112  NaN
0.0003337405  NaN
-0.009320992  NaN
-0.004709441  NaN
-0.0008701708  NaN
-0.002648263  NaN
-0.002160117  NaN
-0.003979813  NaN
-0.002394346  NaN
-0.004336061  NaN
-0.001804285  NaN
0.000775692  NaN
0.004008663  NaN
-0.008472721000000001  NaN
1.926396e-06  NaN
0.005317695  NaN
-0.005032068  NaN
0.001035303  NaN
-0.001270082  NaN
-0.003752175  NaN
-0.003538447  NaN
-0.0004957869  NaN
0.004985534  NaN
-0.0005956571  NaN
0.004912277  NaN
-0.0008973715  NaN
0.006085081  NaN
-0.008694374  NaN
0.006932029  NaN
0.002939264  NaN
0.006090107  NaN
-0.00236143  NaN
-0.0001201953  NaN
0.0002818365  NaN
0.0001923972  NaN
0.006894736  NaN
-0.001631602  NaN
-0.00425103  NaN
0.01337793  NaN
0.000738631  NaN
0.001495324  NaN
0.004843085  NaN
-0.00509899  NaN
-0.0001719646  NaN
-0.0047883  NaN
-0.00615592  NaN
-0.001241194  NaN
0.00149411  NaN
7.869144e-05  NaN
-0.001670225  NaN
0.001042837  NaN
-0.00940936  NaN
0.00298258  NaN
-0.001005042  NaN
-0.01055932  NaN
0.01665433  NaN
-0.002298757  NaN
-0.01083095  NaN
-0.005344894  NaN
8.910427e-05  NaN
-0.003122617  NaN
-0.0102707  NaN
-0.00447883  NaN
0.00106157  NaN
0.005139727  NaN
-0.003950456  NaN
0.008356158000000001  NaN
0.006719836  NaN
0.001453578  NaN
-0.003325996  NaN
0.003852464  NaN
-0.004899795  NaN
-0.005794116  NaN
-0.006727109  NaN
0.00316538  NaN
0.008376223  NaN
0.005187326  NaN
-0.000597157  NaN
-0.0002021703  NaN
-0.006161784  NaN
-0.0002378145  NaN
-0.003773987  NaN
-0.004283515  NaN
-0.007275176  NaN
0.004391193  NaN
-0.001919191  NaN
0.002778872  NaN
0.002289623  NaN
0.0001404802  NaN
-0.006083613  NaN
-0.00321474  NaN
-0.006766351  NaN
0.008907216000000001  NaN
-0.002999679  NaN
-0.002688568  NaN
-0.004996879  NaN
-0.002260408  NaN
-0.005624615  NaN
-0.0006854195  NaN
0.005448621  NaN
0.001314505  NaN
-0.004264911  NaN
-0.002395834  NaN
0.002639241  NaN
0.006162843  NaN
0.0002845513  NaN
-0.0007398087  NaN
-0.0008684801  NaN
-0.002694394  NaN
-0.002550487  NaN
-0.001752229  NaN
0.009906376999999999  NaN
5.900815e-05  NaN
-0.002844268  NaN
0.00740459  NaN
-0.003347276  NaN
-0.002753383  NaN
-0.003677668  NaN
-0.00168623  NaN
-0.001853917  NaN
-0.009795226000000001  NaN
-0.002459004  NaN
0.002944997  NaN
-0.009305002  NaN
-0.001259453  NaN
0.003967826  NaN
0.001061217  NaN
-0.001820003  NaN
0.001821951  NaN
-0.001113874  NaN
-0.000137856  NaN
-0.003021359  NaN
0.00110774  NaN
0.008394095000000001  NaN
-0.005516854  NaN
-0.001318954  NaN
-0.0008071597999999999  NaN
-0.001677557  NaN
-0.0008530073  NaN
-0.005267714  NaN
-0.008902322000000001  NaN
0.006139496  NaN
0.00446394  NaN
0.004709051  NaN
-0.0007332679  NaN
0.0002019748  NaN
0.003342503  NaN
0.001333662  NaN
0.009568474  NaN
0.00500653  NaN
0.003083699  NaN
0.0007676242  NaN
0.007872515  NaN
0.007178389  NaN
0.00246614  NaN
-0.002062477  NaN
-0.004852967  NaN
-0.006525482  NaN
-0.005045219  NaN
-0.003959284  NaN
0.001531022  NaN
0.0003257227  NaN
0.006478596  NaN
0.003177878  NaN
0.003777291  NaN
0.0001188357  NaN
-0.0004276699  NaN
0.003569899  NaN
-0.001870943  NaN
-0.0009450306  NaN
-0.004339104  NaN
0.007712016  NaN
-0.01279635  NaN
-0.002834869  NaN
0.003734687  NaN
-0.009800198  NaN
-0.004758332  NaN
0.004647359  NaN
0.002893423  NaN
0.001455219  NaN
-0.002470501  NaN
0.006025629  NaN
0.01004249  NaN
-0.005838006  NaN
0.0005555584  NaN
0.008460785  NaN
0.003582882  NaN
0.01234041  NaN
0.001177099  NaN
-0.002454902  NaN
-0.001526265  NaN
-0.0003530656  NaN
-0.003089722  NaN
-0.01072553  NaN
-0.004249689  NaN
-0.001984388  NaN
0.001896694  NaN
0.0008874403  NaN
0.002005491  NaN
-0.001891135  NaN
0.0009153507  NaN
0.005775912  NaN
-0.006453239  NaN
-0.000169599  NaN
-0.001208924  NaN
-0.002175522  NaN
-0.008008957000000001  NaN
0.007698274  NaN
-0.003626792  NaN
-0.00141444  NaN
-0.002272373  NaN
-0.006081259  NaN
-0.007099933  NaN
0.003228753  NaN
-0.003462278  NaN
0.003245827  NaN
0.002516885  NaN
-0.001699365  NaN
-0.003235866  NaN
-0.0009237328  NaN
0.004531317  NaN
-0.001451168  NaN
0.0002846299  NaN
-0.003194384  NaN
0.01223216  NaN
0.003214282  NaN
0.01083099  NaN
-0.001786184  NaN
0.0003985217  NaN
-0.002710387  NaN
0.002442018  NaN
-0.00549823  NaN
0.003180165  NaN
0.009768458000000001  NaN
-0.009725958  NaN
-0.002655831  NaN
-0.001719072  NaN
0.0001132548  NaN
-0.004330818  NaN
0.001476639  NaN
0.008276107  NaN
0.0009563611  NaN
0.00488162  NaN
-0.004893967  NaN
0.001915757  NaN
-0.00230685  NaN
-0.002684251  NaN
-0.004910018  NaN
0.008131869999999999  NaN
-0.009743333  NaN
0.006120598  NaN
0.003100034  NaN
0.00372222  NaN
0.007228517  NaN
0.002832434  NaN
-0.004842875  NaN
0.005749235  NaN
0.002549144  NaN
-0.004377901  NaN
-0.006389628  NaN
0.005418419  NaN
-0.003288896  NaN
0.005482506  NaN
0.0007728426  NaN
0.003231982  NaN
0.001297378  NaN
-0.00536175  NaN
0.007318375  NaN
0.008378506000000001  NaN
0.007111047  NaN
-0.005127096  NaN
-0.009580424000000001  NaN
-0.004214349  NaN
0.0007858659  NaN
0.0006947627  NaN
0.005029042  NaN
-0.001869218  NaN
-0.00275114  NaN
-0.00481449  NaN
0.002495035  NaN
0.00493288  NaN
-0.004532965  NaN
0.005443354  NaN
-0.001606644  NaN
0.003727968  NaN
-0.001839667  NaN
-0.007932988  NaN
5.005213e-05  NaN
-0.003073013  NaN
0.001531088  NaN
-0.007590403  NaN
0.003618601  NaN
0.002583601  NaN
-0.001687068  NaN
0.003434079  NaN
0.0005624036  NaN
-0.008044836  NaN
-0.00595573  NaN
0.002654996  NaN
0.005356829  NaN
-0.001440956  NaN
-0.006283311  NaN
0.004807638  NaN
-0.004351874  NaN
-0.0005065689  NaN
0.0005009522  NaN
0.004706512  NaN
0.001992367  NaN
0.001047507  NaN
-0.002232591  NaN
0.00161322  NaN
-0.003719148  NaN
0.004371115  NaN
0.002450398  NaN
-0.002251849  NaN
0.00380589  NaN
0.004204961  NaN
-0.007920699  NaN
-0.002227055  NaN
0.001574489  NaN
0.001614354  NaN
-0.006722568  NaN
0.005845704  NaN
0.009104154  NaN
0.01173857  NaN
-0.003029111  NaN
-0.00312828  NaN
-0.002694049  NaN
-0.003437797  NaN
0.004603844  NaN
0.0003142635  NaN
-0.006605756  NaN
-0.003763485  NaN
0.001179685  NaN
0.001311544  NaN
-9.698489e-05  NaN
0.01045807  NaN
0.002217141  NaN
-0.008008503  NaN
-0.0008833964  NaN
-0.0006458558  NaN
-0.008957329  NaN
-0.006948702  NaN
0.003205329  NaN
-0.001302111  NaN
0.001289536  NaN
-0.003024905  NaN
-0.001336842  NaN
-0.001456265  NaN
-0.003104111  NaN
-0.0001557343  NaN
2.196622e-05  NaN
-0.0005979389  NaN
1.69205e-05  NaN
0.001242293  NaN
-0.001772538  NaN
0.002598019  NaN
0.006272871  NaN
-0.0007970544  NaN
0.0004534935  NaN
0.009887117000000001  NaN
-0.002165921  NaN
0.004332885  NaN
-0.005013118  NaN
-0.004021568  NaN
-0.003127804  NaN
-0.002686914  NaN
0.005067376  NaN
0.008209035999999999  NaN
-0.002911905  NaN
-0.001034515  NaN
-0.003758991  NaN
0.005262468  NaN
0.0008751159  NaN
-0.00177943  NaN
0.01614456  NaN
-0.002574037  NaN
0.001449772  NaN
-0.0002654637  NaN
-0.01421966  NaN
0.001095325  NaN
0.004674918  NaN
0.001678573  NaN
-0.003417141  NaN
-0.007871510999999999  NaN
-0.003040653  NaN
0.004385736  NaN
-0.007564358  NaN
-0.0003619869  NaN
-0.0007616494  NaN
-0.002968779  NaN
-0.001383876  NaN
0.004390557  NaN
-0.005361412  NaN
-0.004275231  NaN
0.001274141  NaN
0.004399362  NaN
0.00251515  NaN
-0.001219788  NaN
-0.001048411  NaN
-0.002632108  NaN
0.002722964  NaN
0.004679685  NaN
-0.008407995  NaN
-0.002485314  NaN
0.004098249  NaN
0.002861844  NaN
0.001663343  NaN
-0.003834303  NaN
0.005058618  NaN
0.0006858493  NaN
0.003554605  NaN
0.00319649  NaN
-0.0008446489  NaN
0.01170434  NaN
0.001997729  NaN
-0.001853992  NaN
0.002147086  NaN
-0.008771803  NaN
-0.007087582  NaN
0.001041752  NaN
-0.001411753  NaN
-0.01138211  NaN
0.005727431  NaN
0.0007973699  NaN
-0.006779927  NaN
-0.001861669  NaN
0.01327875  NaN
0.001587013  NaN
-0.00769919  NaN
-0.004257683  NaN
-0.00087968  NaN
-0.003564023  NaN
0.008997517  NaN
0.005943893  NaN
0.002916936  NaN
0.001128988  NaN
0.003884479  NaN
-0.001479185  NaN
-0.007435528  NaN
0.003087132  NaN
0.0005573745  NaN
0.004586298  NaN
0.002042977  NaN
-0.005134361  NaN
0.00120947  NaN
-0.0085693  NaN
0.003862017  NaN
0.0005728811000000001  NaN
-0.006756324  NaN
-0.003030658  NaN
0.008396014  NaN
-0.002858975  NaN
0.003168583  NaN
6.703507e-05  NaN
-0.004925287  NaN
-0.00417758  NaN
0.0153062  NaN
0.004909988  NaN
-9.531502999999999e-05  NaN
-0.0009362077  NaN
-0.002486562  NaN
0.001943335  NaN
0.0006222721  NaN
0.001674233  NaN
-0.0006127125  NaN
0.0009029378  NaN
-0.001315797  NaN
0.004925512  NaN
0.001284076  NaN
-0.00136122  NaN
0.005337984  NaN
0.0072689  NaN
0.004847327  NaN
0.005112008  NaN
0.002436671  NaN
-0.005679095  NaN
-0.0003355505  NaN
7.035974999999999e-05  NaN
-0.0008109679  NaN
0.002042982  NaN
0.005721653  NaN
0.002192753  NaN
-0.00502499  NaN
-0.004037285  NaN
-0.002533697  NaN
-0.006009014  NaN
0.005305623  NaN
0.0008211277  NaN
-0.004382598  NaN
0.004065848  NaN
0.0005651376  NaN
-0.004286923  NaN
-0.001191307  NaN
0.002728594  NaN
-0.009214241999999999  NaN
-0.0007144475  NaN
0.005315419  NaN
-0.002882645  NaN
0.007975813  NaN
-0.00648708  NaN
0.006493837  NaN
0.002256226  NaN
-0.005422694  NaN
0.008735006999999999  NaN
-0.000471762  NaN
-0.00196276  NaN
-0.01041419  NaN
0.00923416  NaN
0.006637411  NaN
0.001825437  NaN
-0.00449834  NaN
-0.002693715  NaN
-0.006639882  NaN
0.003697012  NaN
0.00476297  NaN
0.002784539  NaN
-0.0002399253  NaN
0.001020021  NaN
-0.00358045  NaN
0.00306573  NaN
-0.001594787  NaN
-0.008893356999999999  NaN
0.003493436  NaN
-0.007679647  NaN
-0.00843999  NaN
-0.002227997  NaN
-0.0003172671  NaN
0.000886888  NaN
0.001783688  NaN
-0.002784745  NaN
-0.00489654  NaN
0.0005212089  NaN
-0.0009805057  NaN
0.0002563846  NaN
0.0006414073  NaN
0.00531737  NaN
-0.003786819  NaN
0.005305277  NaN
-0.0002615565  NaN
-0.002345054  NaN
0.007484878  NaN
-0.004772683  NaN
-0.006095104  NaN
0.000782557  NaN
0.00399758  NaN
0.002315989  NaN
0.002219938  NaN
0.0009956165999999999  NaN
-0.004248905  NaN
0.001331945  NaN
-0.000673866  NaN
-0.0009137346  NaN
0.001024474  NaN
-0.001277574  NaN
-0.006558762  NaN
-0.006440193  NaN
0.004863129  NaN
-0.008958799999999999  NaN
0.001086752  NaN
0.0003242054  NaN
-0.004327416  NaN
-0.006518211  NaN
-0.006095348  NaN
0.008031853  NaN
0.008183927000000001  NaN
-0.001322137  NaN
-0.001088778  NaN
-0.002415806  NaN
0.006996991  NaN
0.002689592  NaN
-0.001640554  NaN
0.001855637  NaN
0.0009136162  NaN
-0.003369811  NaN
0.007948989  NaN
0.01061373  NaN
-0.003031338  NaN
-0.004890833  NaN
-0.01110428  NaN
-0.00319869  NaN
-0.004203937  NaN
-0.003363757  NaN
0.002716751  NaN
0.01072463  NaN
0.008906775  NaN
0.008446299000000001  NaN
0.003772603  NaN
-0.004499232  NaN
-0.002644781  NaN
0.005583727  NaN
-0.004900002  NaN
-0.006548978  NaN
-0.005006967  NaN
0.002937524  NaN
0.00460411  NaN
0.0009680639  NaN
0.006705675  NaN
-0.004265148  NaN
5.464606e-05  NaN
-0.001404502  NaN
0.003530886  NaN
0.0008284557  NaN
0.0006586039  NaN
-0.009801743  NaN
-0.005239868  NaN
-0.008111823000000001  NaN
-0.003241887  NaN
-0.009561485999999999  NaN
-0.002220196  NaN
0.006212392  NaN
0.006783775  NaN
-0.004251956  NaN
-0.0113588  NaN
0.00282078  NaN
-0.006792487  NaN
-0.0002032752  NaN
-0.004803695  NaN
0.004315675  NaN
-0.007521113  NaN
0.004342412  NaN
0.005165512  NaN
0.008275823  NaN
0.006409255  NaN
0.005756943  NaN
0.004998875  NaN
0.003168892  NaN
0.006898573  NaN
-0.009769279000000001  NaN
-0.004195518  NaN
-0.005125245  NaN
0.0006407385  NaN
0.00628904  NaN
-0.001170969  NaN
0.009981053  NaN
-0.004315954  NaN
0.003021698  NaN
-0.002658742  NaN
-0.002083493  NaN
-0.001058261  NaN
-0.004172458  NaN
-0.01150701  NaN
0.002701887  NaN
-0.008301294000000001  NaN
0.004929383  NaN
0.009752298  NaN
0.001543849  NaN
-0.001752296  NaN
0.004549547  NaN
-0.00172914  NaN
0.009095730999999999  NaN
-0.006776878  NaN
0.01260405  NaN
0.009430641  NaN
-0.00686085  NaN
0.003569699  NaN
0.007403599  NaN
-0.002033792  NaN
-0.003864555  NaN
0.00154605  NaN
0.000553785  NaN
-0.004450069  NaN
-0.001353098  NaN
-0.00745776  NaN
-0.003846648  NaN
-0.00152309  NaN
0.00617003  NaN
-0.01084321  NaN
-0.003079355  NaN
-0.009564912  NaN
-0.003793109  NaN
0.004304869  NaN
0.002420471  NaN
-0.004982138  NaN
-0.003972852  NaN
0.002100052  NaN
-0.001975899  NaN
-0.006157901  NaN
-0.003519232  NaN
-0.003261775  NaN
-0.00111642  NaN
0.003327865  NaN
-0.002700335  NaN
0.002773437  NaN
0.0004100809  NaN
0.008690305000000001  NaN
-0.007836418  NaN
0.0008197277  NaN
-0.002673745  NaN
-0.00833823  NaN
0.0002232175  NaN
-0.002791312  NaN
0.003873277  NaN
0.003080682  NaN
-0.001851595  NaN
-0.002543219  NaN
0.001099103  NaN
0.0003373359  NaN
0.004018017  NaN
-0.002221052  NaN
0.002844787  NaN
-0.003527014  NaN
-0.0007766416  NaN
0.0008471282  NaN
0.000306075  NaN
0.002241988  NaN
-0.002491398  NaN
-0.003101682  NaN
-0.002716903  NaN
0.00504607  NaN
-0.001220049  NaN
-0.001759488  NaN
-0.006776349  NaN
0.005339426  NaN
0.004076737  NaN
-0.004312709  NaN
0.001837591  NaN
0.0001573647  NaN
-0.001940759  NaN
-0.0002728897  NaN
0.003595097  NaN
-9.114562e-05  NaN
0.002677295  NaN
0.004325685  NaN
0.0006639346  NaN
0.001691216  NaN
0.001703924  NaN
-0.01004536  NaN
0.002829427  NaN
-0.0002136771  NaN
0.0006855636  NaN
-0.001577861  NaN
-0.001328399  NaN
-0.00282805  NaN
0.003847414  NaN
0.004680372  NaN
-0.009567008  NaN
-0.001816091  NaN
-0.01413228  NaN
-0.004617315  NaN
-0.00303358  NaN
0.002820636  NaN
0.00101426  NaN
-0.005676766  NaN
0.002001304  NaN
0.00299243  NaN
-0.006275649  NaN
-0.009473142  NaN
0.007861003  NaN
-0.007844188  NaN
0.004319979  NaN
0.004352679  NaN
0.009375019  NaN
0.00167266  NaN
1.224084e-05  NaN
-0.005697697  NaN
2.303942e-06  NaN
-0.00958295  NaN
0.002707521  NaN
-0.001536448  NaN
-0.005927564  NaN
0.0002242714  NaN
0.0005374389  NaN
0.002231391  NaN
-0.001898307  NaN
0.004959204  NaN
-0.001052642  NaN
0.001697725  NaN
0.003686679  NaN
0.0004125654  NaN
0.005441839  NaN
-0.008892735000000001  NaN
-0.0004082782  NaN
0.004012654  NaN
-0.004823092  NaN
-0.000187868  NaN
-0.0006142732  NaN
0.004605329  NaN
0.005593779  NaN
-0.005282003  NaN
-0.003538432  NaN
0.003825197  NaN
-0.0004214356  NaN
-0.003281654  NaN
-0.002845255  NaN
-0.0007148782999999999  NaN
0.0007187446  NaN
-0.003498097  NaN
0.004409643  NaN
-0.005485475  NaN
0.004382196  NaN
-0.001661148  NaN
-0.005465954  NaN
-0.001074734  NaN
0.003753842  NaN
0.008554713  NaN
0.0004621749  NaN
0.007962343  NaN
-0.006349967  NaN
0.007531751  NaN
0.0003618692  NaN
0.0002538922  NaN
-0.006007638  NaN
0.005053886  NaN
-0.001002499  NaN
-0.0002316793  NaN
-0.002727442  NaN
0.01265687  NaN
-0.0006643038  NaN
0.001102268  NaN
0.005983535  NaN
0.008239188999999999  NaN
-0.01012684  NaN
-0.002582845  NaN
-0.001291416  NaN
0.003751759  NaN
0.003484256  NaN
-0.01358998  NaN
0.009535717000000001  NaN
-0.001328533  NaN
0.0007516934  NaN
0.0003710438  NaN
0.009309731999999999  NaN
-0.0004695272  NaN
-0.01278324  NaN
0.005984757  NaN
-0.001209937  NaN
0.007571613  NaN
0.001099  NaN
-0.001434473  NaN
-0.005016094  NaN
-0.002399066  NaN
0.004073171  NaN
0.00362694  NaN
-0.002009779  NaN
-0.0004638999  NaN
0.008430055000000001  NaN
0.001077728  NaN
0.004567951  NaN
-0.00339158  NaN
-0.009672974000000001  NaN
0.01290952  NaN
0.00810783  NaN
-0.01164735  NaN
0.004589086  NaN
-0.00177909  NaN
-0.0009384183  NaN
-0.004539707  NaN
-0.009429287  NaN
-0.004687774  NaN
-0.003249483  NaN
0.005628962  NaN
0.003546367  NaN
0.001044063  NaN
-0.004791421  NaN
0.002453225  NaN
0.002881891  NaN
0.003739969  NaN
0.0007591157  NaN
-0.001810834  NaN
-0.00447532  NaN
0.006459044  NaN
-0.0001673809  NaN
-0.001040148  NaN
0.0005716166  NaN
-0.002346549  NaN
-0.002345937  NaN
-0.003507671  NaN
-0.002446035  NaN
0.007770203  NaN
0.001800562  NaN
-0.005255631  NaN
0.004040158  NaN
-0.000130926  NaN
-0.0008024359  NaN
0.005291806  NaN
-0.000199563  NaN
-0.00692248  NaN
0.008030601  NaN
0.001199945  NaN
-0.001555906  NaN
-0.0005348796  NaN
-0.006309963  NaN
0.001233446  NaN
0.00667014  NaN
-0.002413922  NaN
-0.002884533  NaN
-0.005627941  NaN
0.003829047  NaN
0.001721962  NaN
0.007024136  NaN
-0.005911128  NaN
0.009836829  NaN
0.001865377  NaN
-0.006390669  NaN
-0.002874066  NaN
-0.006913924  NaN
-0.003819267  NaN
-0.004933152  NaN
0.007753681  NaN
0.008607699999999999  NaN
0.01319158  NaN
-0.01039746  NaN
-0.007840362  NaN
-0.003044423  NaN
0.0008741867  NaN
0.000711499  NaN
-0.002987752  NaN
-0.002485643  NaN
0.002698134  NaN
-0.007282364  NaN
0.006908533  NaN
0.01049426  NaN
-0.008346294000000001  NaN
0.001099247  NaN
0.000100625  NaN
-0.002625104  NaN
-0.006978601  NaN
0.008063663  NaN
-0.0007246810999999999  NaN
0.001697766  NaN
-0.003071674  NaN
0.0016268  NaN
0.002490298  NaN
0.008286922  NaN
-0.004822013  NaN
0.00675259  NaN
0.003595662  NaN
-0.01027548  NaN
-0.003406073  NaN
0.001336726  NaN
-0.009669886000000001  NaN
-0.002502994  NaN
-0.002365068  NaN
0.001423083  NaN
-0.009526053  NaN
0.002014295  NaN
