x y
0  0
0.0001721298  0.0004922905
0.0003964033  0.001214388
0.0004229666  0.0008463503
0.0004562512  0.0005207632
0.000154998  0.000858968
-1.126806e-05  0.0002909505
-0.0007459594  0.0005375515
-1.409271e-06  0.0008797583
-7.876759e-05  2.86173e-05
-0.0001734027  0.0006392711
-0.0001826436  -0.0001103528
0.0004468955  0.0002551409
0.0003222328  0.0004321823
0.0001608045  0.0002778663
0.0003114066  0.0002017512
0.0005434692000000001  0.0008543715
0.0002250476  0.0004069393
-0.000815433  0.0007275079
-0.0003861858  0.0007513093999999999
-0.0001066029  0.001231792
-0.0004146657  0.0009887791
-0.0008702601  0.0007165211000000001
-4.851764e-05  0.0008824266000000001
-0.0002426714  0.001714735
-0.0004021719  -0.0003346284
-0.000710382  -3.973017e-05
0.0009267609  -0.0002897512
0.0003497827  9.564034e-05
0.0004089817  0.001577371
0.001453247  0.001585897
4.758102e-05  0.001256157
0.0005706772  0.001795843
0.0006210267999999999  0.001022848
0.0002296618  0.00078593
3.247361e-05  0.0004984355
0.0004875465  0.001096569
0.000209081  0.0001682686
-0.0003653153  0.0003624174
-0.0005111538  0.001994593
-3.086081e-05  0.0008691858999999999
-8.564873e-05  0.0008287032
-0.0007119688000000001  0.001271215
-0.0009543548  0.0005612981
-0.0003786477  -4.846105e-05
0.0002063878  -0.0001564944
0.0001151775  0.0002232985
0.000395764  0.0006239551
0.001493379  0.0001289402
0.0003751145  0.001223027
0.0002307949  0.0002686539
7.65533e-05  0.001560149
-0.0001360336  0.0001346715
-5.974303e-05  0.0008197995999999999
-0.0001431028  0.0008388719999999999
-0.000113178  0.0002810712
-0.0002814193  0.0007890135
-0.0003152993  0.0005494399
-0.0009410717000000001  0.0002323573
-0.0005701741  0.001939243
-0.0003141764  0.001027982
-0.0003191535  0.001004551
0.000277675  0.001135692
0.0001762244  0.0001749444
0.0003530334  0.0002297531
3.411836e-05  0.0001796416
0.0001924499  0.001092448
0.0005145127  0.001432112
0.0002884571  0.000110561
9.42146e-05  0.001311007
-0.0001597547  0.0007730314
-0.0001144437  0.000931023
-0.000796451  0.001505351
-0.0002666935  0.0006808617
-0.0001513046  0.0008439816
-0.000260578  0.001945492
-0.0001779228  0.0004914045
-0.0003356043  0.0009176369
-0.0001671224  0.001136856
-0.0003829896  0.0002944785
-0.0001764374  -0.0001557314
4.151818e-05  -0.0001397561
0.001073136  -1.521969e-05
5.922911e-05  0.001436209
2.614733e-05  0.001104884
0.0001422007  0.0009915022999999999
5.876193e-05  0.001740927
0.0001297986  0.001175664
0.0009726199  0.0001056579
-0.0003933463  0.0003891947
-0.0002022832  0.00167263
-0.0002607875  -0.0001710399
-0.0001869737  -0.0002136473
0.0002125697  -0.0003957756
0.0004601815  -0.0005277043
0.0002748185  0.001184405
9.148638e-05  0.001094174
0.0002187779  0.0003011975
-0.0004266759  0.0004755918
-0.0002667848  4.593485e-05
-6.515869e-05  0.001075029
-0.0006954085  1.977824e-05
0.001594765  -0.0008471794
6.999058e-06  0.0004031479
0.0008732594  0.0001404568
0.0005162839  0.0006569593
0.000448996  0.001083664
0.0002380754  0.0003354804
0.0004198063  0.001070545
0.0002935989  0.001639147
0.0001526885  0.0005479991
-0.0003124893  0.001471553
-0.0001734862  0.001534977
-9.735598000000001e-05  0.0006009312
-0.0001402574  0.0009664094999999999
-0.0009361505  0.0012251
-0.0001118897  0.000269828
-5.099367e-05  0.0007292203
-6.792887e-05  0.0007927796
-0.0001064318  0.001127038
-0.0008399289  -0.0008260824
0.0008279285  -0.0005557994
0.0005206079  0.001835789
0.0002935968  0.000631774
0.0002772119  0.0008840559
0.0002698589  0.0001854497
0.001142222  0.002012858
7.90152e-06  0.001396187
0.00015665  0.0002979399
-0.0001264103  0.0005243056
-0.0003010871  0.0002196206
-3.241917e-05  0.001541055
-0.0005056336  0.0003551302
-7.824778e-05  0.0005903316
-0.0002087683  0.001292938
-9.995738e-05  0.0007338311
-3.855071e-05  0.0006012689000000001
-0.0008033818  0.001177216
-9.189185e-05  0.0004981921
0.0009477166  -8.102192000000001e-05
0.001419239  0.001225779
3.394877e-05  0.0009281053
0.000503429  0.0006876403
0.0004231923  0.001271925
0.0002147407  0.0006269292
0.0003251791  0.001004396
0.0003026677  7.115634e-05
7.00843e-05  0.0007075953
9.321213e-05  0.0006877942
-0.0002734692  0.0009253548
-9.70467e-05  0.001512423
-6.705167e-05  0.0007709532
-0.0003161622  0.0007714869
-7.5268e-05  0.001320825
-0.0003542153  0.001850634
-2.521934e-05  0.0008925803
-3.869666e-05  0.000894306
-0.0001079841  0.0009617507
-0.0003020985  0.001305911
-2.527702e-05  0.001174221
-0.000166937  0.001161187
0.0001942909  -0.0002253965
0.0008954634  0.002063368
5.721404e-05  0.0007337399000000001
9.908759e-05  0.000294761
0.0002160934  0.0007389208
2.258975e-05  0.001047286
-0.000128085  0.001470952
-0.0007632114  0.00101388
-4.158463e-05  0.0006507545
0.0004020927  0.001406303
0.0004324463  4.107659e-05
0.000284673  0.001026495
0.0003062183  0.0004992601
-5.177933e-05  0.000560196
-0.0008187871  0.00108641
-7.171462e-05  0.0005401688
-0.0007639549  0.0008509901
-0.0002119954  0.0002160798
-9.097495e-05  0.0003224002
-1.200788e-05  0.000746535
-0.0001159592  0.0006881552
-0.0001711416  0.001422385
-0.0002937307  0.0001874321
-3.717531e-05  0.0009502058
9.146284e-05  -0.0002674199
0.0002254235  -0.0001586927
0.0002243526  0.0009499415
0.0006111214  0.001557481
0.0004354359  0.001341878
0.0003068609  0.0008786253
0.0001988995  0.0002883182
-0.0007851317  0.0003530552
-0.0002623936  0.001458042
-0.000115071  0.0007493281
-9.654225999999999e-06  0.0001290637
-0.0001238344  0.001614676
-0.0002623828  0.001161861
-0.000740279  -0.000279106
0.0002192957  -0.0005427473
0.0001650789  -0.0002653687
0.0003103708  -0.0002556865
0.001052228  0.0008398614
8.681145e-05  0.0009530489
3.183852e-05  0.001898591
0.000303508  0.001352787
0.0004032734  0.0007762311
0.001193407  0.001848674
-0.0002251251  0.0008088857
-1.812345e-05  0.0008693427
-6.461577e-05  0.001176324
-0.0002873191  0.001260116
-3.490018e-05  0.0008815092
-0.0002605662  -0.0002449047
-0.0009893785999999999  -0.0001530756
0.0003363658  0.001674916
8.988306e-06  0.0005136332
0.0005688419  0.0007647922
0.0001784675  6.234936999999999e-05
0.0001467101  0.0008526921
0.0003171761  0.0003100835
0.0006016697  0.0009148072
8.842273e-05  0.001078784
1.23344e-06  0.0008329804
0.0004476389  7.031228999999999e-05
0.001220809  0.000652655
-0.0002598108  0.001041684
-0.0001069113  0.001389356
-0.0002542185  0.0001643034
-0.0001426771  0.001281814
-0.000150975  0.001283929
-0.0002952484  -0.0002373143
-0.0002746832  -0.0001318413
0.0004349572  -0.0001344533
7.252281e-05  0.0006982762
0.0002261486  0.001141019
0.00163686  0.001420814
0.0001990048  0.0009071791
0.0004166517  0.0002014903
-0.0006154534  0.0006105462
-0.0002036467  0.0005847025
-0.0001487473  2.297667e-05
-0.0003062231  0.0005983043
-6.652372e-05  0.001526357
-7.149515e-06  0.0007119555
-8.067804e-06  0.0001379652
-3.014637e-05  0.0009293870000000001
-0.0003090049  0.0002514841
-9.653034e-05  0.001230409
-4.611376e-05  0.0009085753
-5.700151e-05  0.001977851
-5.180224e-05  0.0002167961
0.0002030103  -0.0001566487
0.0003828932  9.596212e-05
9.245782e-05  0.0002881698
0.0001607392  0.0007785546
-0.0003413036  0.001579961
-0.0003216271  0.001406209
-0.0004007813  0.0009343589999999999
-0.0001781176  0.0005519229
0.0007803736  -0.0007837496
0.0003884498  0.0009107741
0.0003007825  0.0004363253
0.000234202  0.0009179194
0.0003956293  0.0002427124
0.0004826441  0.0001082829
0.0001953463  0.001662432
0.0001706295  0.00116309
0.0008904135  0.001749808
0.001431703  0.0006087322
-0.0002547647  0.0002437966
-1.214428e-05  0.0007457506
-0.0001056884  0.0006433195
-0.0003339135  0.0017902
-0.0002617924  0.0005753847
-0.0009435597  0.000527947
-0.0003523446  0.0003952968
-0.000258153  -0.0002118035
0.0001633082  0.0009002796
0.0008467234  0.0003866912
0.0003113653  0.001538033
4.426311e-05  0.0004367569
0.0003313763  0.001324015
0.0003104783  0.0009217482
0.001656805  0.001577531
0.000152155  0.0005074030999999999
0.0001605005  0.001307957
0.0004246989  0.001502974
0.0001791247  0.0007295476
5.065138e-05  0.00109176
-0.0002883043  0.001491239
-0.0002201877  0.0001336175
-0.0002417098  0.0009613242
-5.816648e-05  0.0008157414
-0.0002414553  0.00141028
-1.878972e-05  0.0002160145
-6.494485e-05  0.0008331203
-0.0009306335  -0.0006050677
-0.0003782698  -0.0001933544
0.0009967737999999999  -0.0001183449
0.0004825038  -0.0001720152
7.509342e-05  0.001091857
4.932406e-05  0.001097339
2.666386e-05  0.0006411448
0.000424625  0.00139185
0.0002224158  0.000685163
0.000219106  0.0007622162
6.914129e-05  0.0007422609
0.001059859  0.001233327
3.696146e-05  0.001550249
0.0002412831  0.0006158034
0.0003794126  0.0008494624
0.0009483745  0.0007333596
-0.0001458096  0.001004315
-0.0002975447  0.001348486
-0.0006890238  0.001958612
-5.64444e-05  0.0008813935
-0.0001261069  0.0007185317
-3.33366e-05  0.0006027534
-0.0002377064  0.0007573745
0.000556408  -0.0006264326
0.0002784794  0.0008619151999999999
0.0004537407  0.0007000520000000001
0.0002418404  0.0003304876
8.639806e-05  0.001204822
0.0002498714  0.001313536
-0.0005154493  0.001957216
-0.0009684752  0.0005096513
-0.0001999446  0.0001576988
-0.000882455  0.001047665
-0.000168126  0.0004946315
-0.0004734304  0.001543148
-0.0001302979  0.0006022729
0.000579345  -0.000164497
0.0002995918  0.0007584086
0.0009826492  0.001859139
0.001584195  0.001973433
0.0004284844  0.001445752
0.0002544327  0.0007102293
0.0004513065  0.0007815981
0.0002034424  0.001249111
0.0001949294  0.001397207
9.223689e-05  0.0004918638
-0.0001474844  0.0002606107
-0.0001553596  0.0008556214
-3.530888e-05  0.001182059
-7.85384e-05  0.0009697628
-0.0001103616  0.001497093
-0.0003817797  0.001431688
-7.192089e-05  0.0001966403
-0.0001353173  0.001113708
-0.0002197699  0.0001219094
0.001610651  0.001202393
7.525581e-05  0.0008143574
0.0001260938  0.0005412579
1.751831e-05  0.0001523147
0.001450259  0.0001915822
0.0004871014  0.001957178
0.0002905858  0.001727771
6.14759e-05  0.0007675342
0.0004877337  0.0001137737
0.0004310053  0.0001580116
0.001087269  8.571816000000001e-05
0.0003438322  0.0006632169
0.0004317864  0.0006777239
0.0001692808  0.0005124618
8.407062e-05  0.0009768615
0.0002313682  0.0009058598
-0.000883831  1.943402e-05
-0.0008477345  -0.0001674378
0.0001201393  0.000701914
0.0002892107  0.001258166
0.0001107288  0.0005371706
0.0003798665  0.0003115443
0.0002914185  0.0007516638
0.001242636  0.0003140275
6.375817999999999e-05  0.0001913986
-0.0002812733  0.0002826135
-0.0009865016999999999  0.0004585914
-0.0002684499  0.00106884
-7.857097e-05  0.0005129422
-0.0006548773  0.001273789
-0.0002744917  0.001430967
-0.0002280936  0.001072124
-0.0003044472  0.00125645
-0.0001533619  0.001013089
-0.0002949509  0.001540161
-0.0002185535  0.0008742561
-0.0003437411  -4.427938e-05
0.0002249934  -7.341177000000001e-05
0.001013997  -0.0002986778
4.180006e-05  0.000800193
0.0004542457  0.0001647465
0.0002196396  0.001511517
0.0001041702  0.00108028
0.0003694856  0.001432757
5.45973e-05  0.0004717992
0.0003715072  0.0002950117
-0.0009446373  0.001447286
-8.746792e-05  0.0008060115
-0.0002623525  0.000923244
-0.0003421317  0.000210456
-0.0001518057  0.0009323439
-3.049211e-05  0.0007682155
-3.73659e-05  0.001003553
-6.642812e-05  0.0009847208
-0.0001362744  0.0006816591
-0.0003740011  7.720511e-05
-0.0003418041  0.0007589495
-0.0002099591  0.001458529
0.000528915  -5.819883e-05
0.0003666765  0.000417351
8.105521e-05  0.0010579
8.164357e-05  0.0001653998
0.0003825505  0.0007766239
3.413146e-06  0.0001756724
0.0009106369999999999  0.0006195569
0.0001328956  0.0006474279
0.0001824384  0.0003496372
0.0002505091  0.001187
3.471959e-05  0.001259567
0.00011643  0.0001491008
-7.173976e-05  0.000632791
-0.000169884  0.0004198844
-0.0003826913  0.000759983
-0.0002012797  0.001229592
-9.645843999999999e-05  0.0001832679
-0.0002534682  0.0007182854
-3.628631e-05  0.0005017657
-0.0009349232  0.0009708206
-6.148915e-05  0.001035115
-0.0001477442  0.0004765046
0.0001467664  -4.258317e-05
0.0001154986  -6.061472e-05
0.0002480228  0.001814064
0.0003400252  0.001172864
0.0001946461  6.300983e-05
9.452926999999999e-05  0.0006942227
0.0001578719  0.001094518
0.000155556  0.001050208
0.0002167735  0.0006576774
0.001547931  0.002027959
0.0001046638  0.001160413
-0.0002874736  0.0002735204
-0.000893034  0.001573522
-0.0002556691  0.001681281
-0.0001987011  0.0005529551
-0.0003324977  0.0005204387
-9.339005e-05  0.0005940054
-0.0001632269  0.001306231
-0.0001416783  0.001348745
-0.0007223923  0.0009446938
-0.0001682461  3.819049e-06
-1.669459e-05  0.001416779
-0.0008011668999999999  0.002085243
-0.000389683  0.0002640252
-0.0004146956  0.001000053
7.803452e-05  0.001358642
1.843211e-05  0.000132343
0.0006365765  0.001193372
0.0003108197  0.001682391
0.0009655107  0.0004962148
2.561988e-05  0.001272682
0.000153581  0.001243929
-0.0008627471  0.0006699141
-0.0007305556  0.001894396
-0.0002159475  0.0003457474
-0.0001580161  0.001157565
-0.0001739673  0.001744792
-7.644272999999999e-05  0.0003863171
-0.000133543  0.0002347075
-9.551702e-05  -0.0001921524
0.0003919524  0.001591262
0.0002528405  0.0004890558
4.562941e-05  0.0009732283
6.563481e-05  0.0002107497
0.0003989677  0.0006332786
0.001276481  0.001916688
2.433507e-05  0.0007003675
9.769863e-05  0.001152898
0.0003829835  0.0007191282
0.0001253067  0.0009082625999999999
0.0004188205  0.001015665
0.0002278443  0.001116259
0.0002829131  0.0009743767
9.147448000000001e-05  0.0008368698
-0.0001127141  0.0003766401
-0.0002896155  0.0002394939
-8.139196000000001e-05  0.0007277346000000001
-9.43083e-05  0.0007670794
-8.489068e-05  0.0008969285999999999
-5.774216e-06  0.0006217864
-1.693862e-05  0.0005442956
-0.0002205257  0.001111217
-0.0006956146  0.0008825291
-5.601425e-05  0.0004459517
0.0005851987  -0.0003841454
6.739446e-05  -8.118846e-05
0.001276085  -7.342898e-05
0.0001257312  0.0003774293
0.0001491226  0.0007587519
3.355827e-05  0.0009734968
5.983558e-06  0.0006618181
-0.000483754  0.002122512
-1.286383e-05  0.001435385
-0.0001339215  0.0003704845
-0.0003603872  0.0013456
-0.0002171914  0.0002814688
0.000861904  -0.0007062432999999999
0.0002805345  0.0006149257999999999
0.0002014464  0.0009921053
0.0001352916  0.0005958718
0.0003302543  0.0001068562
9.738458e-05  0.001427133
0.0001295789  0.001108558
-7.01363e-05  0.0007300478
-9.425449e-05  5.533571e-05
-0.0006753333  0.001683876
-0.0003359557  0.0006962102
-9.696711e-05  0.0009572174
-0.0008336972  0.0009871452000000001
-0.0008388523  4.997809e-05
-0.0001357538  0.0008425024
0.0002164072  0.0008849827
3.866551e-06  0.001257927
0.0002954319  0.0003344962
0.0003687881  0.000473813
0.001177424  0.0005829499
-6.543882e-05  0.0003772995
-0.0002639488  0.0003777142
-3.552186e-05  0.0006407207
-0.0001379427  0.0006422529
-7.434603e-05  0.0007556938
-0.0001197436  0.0002562064
-7.839976000000001e-05  0.001027531
-2.382757e-05  0.0008891279
-0.0004717937  -2.56743e-05
0.0006169933  -0.0001490341
2.977819e-06  0.0005028552
0.001224555  0.0009570804
0.0001319919  0.000849884
0.0001678926  0.0003978439
0.0005821925  0.0009053274
0.0003096762  0.0009449833
4.08312e-05  0.0012016
0.0002106364  0.001331099
-0.0002061662  0.0007370925
-8.529028e-05  0.0009434565
-0.0002793815  0.0009361927
-0.0003589193  0.0002828626
-0.0001513156  0.001045106
-0.0001847713  0.00142296
-0.0002638824  0.0006227819
-0.0002973788  0.001162989
-0.0009438558  0.0007479085
-0.0001061254  0.0003094364
-4.657142e-06  0.0009108127
-2.423456e-05  0.0006335809
-0.0007445092  0.0005588949
-0.0002923741  0.001093015
-4.20666e-05  0.0007787788
-9.862257e-05  -0.0005324697
0.0004407668  -0.000183948
0.000418625  0.0001966374
0.0005046907  0.0002489057
0.0001142655  0.0006569308
3.009515e-05  0.0005843689999999999
0.0001646932  7.622547e-05
0.0001779152  0.0007215746
0.0003682981  1.460289e-05
0.0002997485  0.0007231813
0.0001939744  0.000795265
-0.0001390789  0.0001687707
-1.263223e-05  0.0005421691
-7.834871e-05  0.00149654
-6.226553e-05  0.001291056
-0.0001945771  0.0002544369
-0.0001379924  0.0005501665
-7.704993e-05  0.001680167
0.0001849185  0.0002330818
0.0001799602  0.0005876704
0.0002426435  0.001298925
0.0001596041  0.0003305903
0.0001917181  0.001179578
0.0001571834  0.0005017211
-0.000348539  0.0008801599
-0.0003275171  0.0005783522
-0.000184927  0.000602777
-0.0001113952  0.0008091494
-0.0002693257  -0.0004819208
0.0004904097  -9.063985e-05
0.00119535  0.001141
0.0002348693  0.0005376923
0.0001788883  0.001242757
0.0001164651  0.001090088
1.680524e-05  0.0007782165
0.0005109994  0.0006346096000000001
-0.000206113  0.001564592
-1.108027e-05  0.001159031
-0.0002270274  0.001106698
-0.0001109468  0.0005341552
-0.000178224  0.0003459687
0.001115597  0.001440731
0.0002501245  0.001013421
0.0003499755  0.00167019
5.11061e-05  0.0006884184999999999
0.0001936933  0.0003612433
0.0001113383  0.0008607061
0.0002073382  0.0008713557
6.920699e-05  0.0009704927
-4.785779e-05  1.519062e-05
-0.000486804  0.0005401303
-7.215874999999999e-05  9.653089999999999e-05
-0.0001573786  0.001053549
-0.000348654  0.001519103
-0.0001140865  0.0003298802
-0.0002077367  0.001024391
0.0003523157  -5.520683e-06
0.0009125878  0.001749567
0.0003490482  0.001245529
0.0001676725  0.0001928868
0.0003033439  0.002106463
0.0002994205  0.0001789811
-0.0001927353  0.0007401098
-0.0003092226  0.001349104
-0.0001349716  0.001208896
-9.535592999999999e-05  0.0006193778
-0.0002020499  0.0006580581
-0.0006531278  0.0002199913
0.000482153  -0.0001587707
0.0001028572  0.0003103656
4.224599e-05  4.825745e-05
-0.0001670793  0.0006261504
-0.0002098855  0.000792188
-0.0008642312  0.0009830787999999999
-0.0004050329  0.001624701
-8.748538999999999e-05  0.0002401922
-0.0002168148  0.0007428552
-0.0001406665  0.001346466
-0.000233923  0.0003266484
-4.000656e-05  0.0009883444999999999
-0.0002647868  0.0004251657
-0.000166479  -0.0005223133
-0.0002475385  -2.493808e-05
-0.0002278919  -3.023899e-05
0.000103019  0.0009538357
0.001080416  0.0002391617
0.0004787012  0.001235825
0.0003523386  0.001230962
0.0001821005  0.0005929882
0.0002505757  0.001421552
0.0001816963  0.00109406
0.0001736485  0.0006331127
-6.857856e-05  0.0004526194
-0.0003174804  0.0001140974
-0.0001762449  8.724483e-05
-8.845692e-05  0.0002973909
-0.0003045074  0.001533721
-0.0001925607  0.0006251317
-3.916304e-05  0.0009439977
-2.891126e-06  0.00148723
-0.0001294215  0.001261314
0.0004719718  -0.0002752406
0.0002598307  0.0004428705
0.0002583752  0.0007157603
0.0002494936  0.001409892
0.0003083977  0.001204352
0.00116983  0.001712329
0.001113905  8.139022999999999e-05
0.0002222196  0.0005232034
1.30955e-05  0.0007730235
0.0002158676  4.705879e-05
0.0002399018  0.000824353
9.435427e-05  0.0007968277
0.0002466537  0.0008682418
4.412754e-05  0.001491185
-0.0004223853  0.001117161
-0.000387499  0.001568066
-2.738086e-05  0.001142031
-0.0002070211  0.0009065367
-0.000120454  0.0003261185
-0.0001504648  0.0002780165
0.0001443429  0.000707344
0.0001860919  0.0007561833
0.0003485061  0.0008695352
0.0003256709  0.000442147
0.0003303775  0.001674062
0.0001165234  0.001306058
0.0001733849  0.0004075063
0.0003277359  0.001148984
0.0001581175  0.0002684566
5.157865e-05  0.0001850805
3.087216e-05  0.0006909861999999999
0.0003477558  0.0008149357000000001
-7.76502e-05  0.0007199844
-0.0001930787  0.0009786218999999999
-7.594452e-05  0.00128376
-0.0002959249  0.000713657
-0.0001595788  0.001550432
-8.755250000000001e-06  0.0009374282
-6.870777e-05  0.0008073421
-8.539766e-05  0.0008598727
-0.0003830144  0.0007130208
-6.525626e-05  0.0009026292
-0.0003730724  -4.738209e-05
0.0003368014  -0.0001087573
0.0008721457  0.001608113
3.831571e-05  0.0007290476
0.0002225305  0.0002571979
0.0002410684  0.0008589962
0.001284868  0.001379615
-0.0002120662  0.0005989905
-6.756095e-06  0.001034699
-0.0001224512  0.0004470631
-0.0001848509  0.001297697
-0.0004120301  0.001610568
-0.0002026748  0.0007391593
-7.224142e-05  0.0003572523
-0.0002043525  0.001076237
0.0008566877  -0.0004788934
0.001048765  -0.0004278749
0.0003617146  0.0007803653
0.0006888176  0.0006225385
0.0002114618  0.0005829966
0.0003309861  0.001210606
0.0001393904  0.0007436354
0.0001435414  0.001076438
0.000229667  0.0003141807
0.0003970671  1.809768e-05
-0.0001589656  0.000398439
-3.788949e-05  0.0007928531
-0.0007880559000000001  0.00109354
-0.0001936059  0.001164703
-0.0007664632  0.001341775
-5.337429e-06  0.0006092208
-1.031207e-05  0.0006431853
0.001603656  -0.0009846994
0.0006161226  -0.0005003356
0.0003520361  0.0004619355
6.342853e-05  0.0005979162000000001
0.0001430972  0.001315992
0.000377428  1.145975e-05
0.0001591465  0.0008260806
0.0003561659  0.0005956371999999999
0.0001315937  0.001020982
0.0004573289  0.0009097349
3.874777e-06  0.0004131136
0.0001272121  0.001455531
1.539021e-05  0.000696225
-0.0001395325  0.0006252964
-0.0002311889  0.0006076896
-0.0002052862  0.0006937774000000001
-0.0001460155  0.001376527
-0.0003395897  0.0008607337
-0.0002964049  0.002106517
0.001039743  -0.0006652273
5.323033e-05  0.0005032129
4.013277e-05  0.0008801460000000001
0.001180869  0.001855025
0.0002632627  0.0006277283
0.0004177363  0.0006330804
0.0002035959  0.001174599
-0.0003781269  0.0006059392
-6.223285e-05  0.001365338
-0.0001467134  0.0010702
-0.000222135  0.0002447825
-0.0007575135  0.001114135
-0.0001961562  0.0009373932
-0.0002348347  0.001004774
-0.0002505184  0.0004806934
-0.0008246403  0.0008252153
0.0001494438  -3.09034e-05
0.0005196883999999999  0.0005970433
0.0002650362  0.0004145154
1.848916e-05  0.001168436
0.0002887692  0.0003339039
2.743878e-05  0.0009057876
0.0009329029  3.972301e-05
0.0001386556  0.0008211198
0.0002414294  0.000347247
1.769631e-05  0.001116093
-0.0001502421  0.0003236764
-0.0001742701  0.001164967
-0.0001091918  0.0009072827000000001
-0.0003328732  0.001471084
0.0004527168  -0.0001080561
0.0004398634  -0.0001845454
0.0001584557  0.001370641
0.0004222231  0.001202671
0.0001334408  0.0008073284
7.390196e-05  0.0005904583
0.0005241729  0.001409585
3.48846e-05  0.001117323
0.0002920787  0.001065133
0.0001633513  0.000326606
0.0003143185  0.0008520054
-0.0002034774  0.001159408
-0.0002270604  0.0001291356
-0.0001369214  0.0007359872
-4.34667e-05  8.947874e-05
-0.0001170696  0.000569102
-0.001006253  0.0004715026
0.000480751  -5.353407e-05
0.0003712414  0.0001663063
9.248505e-05  0.0006286988
9.875704000000001e-05  0.001448654
0.0001385714  0.0003793974
0.000293786  0.0003194584
6.357242e-05  0.00100786
0.0002399606  0.0007706113
0.0005219394  0.0008707355
-0.0001832955  0.0004623885
-0.0002505328  0.001589813
-0.0003043582  0.0009334608000000001
-8.492459e-05  0.0005997874
-0.0003399238  0.0004652309
-0.0001808141  0.001193278
-0.0002919816  0.001618602
-0.0007597647  0.0009762357
-0.0002851471  0.0009125552
-0.0001847225  0.0009793291
0.0002189418  -0.0001972302
0.0001762562  0.0004796227
0.0001346203  0.0005340817
0.0004643416  0.0009589184
0.0001145411  0.0008069733
0.0001377317  0.0009641701
0.0003207217  1.168756e-06
2.145091e-07  0.0006983803
-0.000364101  0.0005072562000000001
-0.0002650454  0.0010646
-0.0001369733  0.000962848
-9.973489e-05  0.0009499002
-5.937975e-05  0.0007268011
-5.299609e-05  0.0005972142
-0.0001090842  0.0005737928
-0.0004948869  0.0002432494
0.0002952737  -0.0001897679
0.00030446  0.001509517
0.0002623434  0.00118024
9.730485999999999e-05  0.0004260015
0.0003254939  0.0005248959
0.0001349202  0.001589628
0.0002453993  0.001172855
0.0003181471  0.001028379
0.0003353962  0.0009629662
0.0005861036  0.001622114
0.0004124594  0.0007935909
-0.0005823442  0.001581007
-0.0001924654  0.0003675086
-3.42126e-05  0.0008868078
-0.0002020359  -6.690432e-05
0.0001580217  -0.0001956029
0.0004097056  -0.0008020388
0.0001144233  -0.0005232099
0.0006071269999999999  0.0008249597999999999
0.0002314359  0.000625172
5.785431e-05  0.0002497993
2.824469e-05  0.0004559683
0.0001156973  0.0004779382
-0.0003446348  0.0005826419
-0.00030636  0.0006661147
-0.0003112468  0.0007362609
-0.0003187764  0.0003014745
-0.0008350149  0.001748274
-4.13655e-05  0.00124929
-0.0002737663  0.001730133
-0.0002305856  0.0009571791
-0.0002276935  0.000599808
-0.0004625979  0.001812141
0.0005017975  -0.000424277
0.0003330561  -7.307575e-06
0.0004392031  0.0006074284000000001
0.0002580424  0.0007321639
0.0004144603  3.696906e-05
0.0001331733  0.000991348
0.0001672186  0.0006162745000000001
5.848406e-05  0.0002368484
0.0001560315  0.0001692617
0.0004100618  0.0008225191
0.0004435885  0.0003940426
0.0004579769  0.001128123
0.0005881354  0.0003890282
2.709855e-05  0.0008492021
0.000469095  0.0009769344
-0.0005600723  0.0001805435
-8.887056999999999e-05  0.0002404512
-0.000162167  0.0004359508
-0.0003227769  0.001096979
-0.0001361764  0.0008213709
-0.0001930522  0.0009076167
-0.000224687  0.00114294
0.0001924257  -0.0001048147
7.086377e-06  -0.0001987547
0.0003927668  -1.195334e-05
0.0001706402  0.0006647341
0.0001723475  0.0005703889
0.0004196118  0.00130143
0.0002261595  0.001343092
0.0003610424  0.001313407
0.0003403076  0.0004878806
-0.0002198192  0.001497757
-0.0001069802  0.000494116
-0.0001446639  0.0003692297
-0.0003011953  0.0004691819
-0.000251284  0.001162452
-4.73793e-05  0.0005720235
-0.0002726686  -0.0004099697
0.0006127209  -0.0001866806
0.001259065  -0.000108786
0.0003419828  -0.0003826881
0.0001232571  -0.0005288479999999999
0.0005444716  -0.0004481183
0.0004190659  0.001128859
7.845916e-05  0.0008746327
0.0002167627  0.0003493604
0.0002430083  0.0002613023
0.0001604268  0.0001915968
0.0001327129  0.0009612426000000001
0.0001749927  0.001477009
0.000204017  0.000298373
5.094596e-05  0.0009994169
0.000446493  0.0008618442
0.001318831  0.001178478
0.0001005812  0.001120419
-0.0002843529  0.0007051659
-0.0001224657  7.7723e-05
-0.0004669785  0.0005466568
-0.0004083315  0.0008235848
-0.0001986736  0.0005435094
0.0004084485  -9.21307e-05
0.0009802634  -0.0004382794
0.0001170247  -2.58726e-05
0.000107082  0.0008194606
0.000100631  0.0002122762
0.0008473055  0.0007347673
0.0004106462  0.000386127
0.0002455992  0.001230751
0.0002511734  0.001199648
0.0001793699  0.0003552182
2.766131e-05  0.0007063932
0.0002344362  0.000935905
0.0004521318  0.0004979789
-0.0001527218  0.00126823
-0.0001154317  0.000714963
-0.0008065481  0.0008700528
-0.0001432686  0.001520521
-0.0009137734  0.0002577434
-0.0001942691  -0.0002099645
0.0004925224  -0.0001424169
5.691878e-05  0.0009218935
0.0001691198  0.0009626305
1.494786e-05  0.0007925216
0.001071636  0.0001635926
0.0009218406  0.001418417
0.0001560355  0.001134502
0.0008780023  0.001693267
0.0005139862  0.0005417039999999999
0.0003508299  0.0006945581
0.0006025682  0.0007228385
-0.0001956376  0.0006438104
-0.0002994742  0.001245793
-6.542827e-05  0.0005114778
-0.0003373236  0.0009937362999999999
-0.0001068798  0.001255901
-0.0003945364  0.000663613
-0.0009702691  -0.0004568804
0.0002971576  -0.0001278248
0.0001318828  0.0006516069
0.0002653624  0.0004473046
0.0004505236  0.001375127
0.000514547  0.001702457
0.0002354822  0.001822464
0.0002221867  0.001522804
0.001169012  0.0003606522
2.569693e-05  0.0006348515
-0.000729102  0.0008120444
-2.423849e-05  0.0001710816
-0.0001218045  0.0009677953
-0.0001323261  0.0006232116999999999
-9.150762000000001e-05  8.648771e-05
-0.0008520418000000001  -1.696363e-05
-0.0003470614  -2.981916e-06
0.0003469957  -3.117522e-06
0.0001314527  0.000838854
0.0002407925  0.001009522
0.0002926621  0.00080472
0.0002199552  0.001042811
0.0001507683  0.001321941
0.0004816755  0.00162586
-0.0002275015  0.0004066997
-0.0001080729  0.000584676
-0.0003185718  0.0006628692
-0.0002636607  0.001149155
-0.000169756  0.001114517
-0.0001958708  0.0004348477
-0.0008057857  -9.460982e-05
0.0002781136  0.0007330418
1.774324e-05  0.0009238381
0.0002424795  0.0008904201
0.0003762263  0.001227487
0.0001247921  0.0002933807
5.763782e-05  0.0008842975
0.0002995348  0.001504371
8.010102e-06  0.001153282
-4.348568e-05  0.0008969916
-0.0002186327  0.0009768165999999999
-2.295846e-05  0.0009371921
-0.000184366  0.00125862
0.001582241  -0.000426103
0.0001991564  0.0006574549
0.0009805397999999999  0.001484947
0.0004766011  0.001138591
0.001345672  0.000661669
0.0001398767  0.001064793
0.000143153  0.0004023074
0.0005513627  9.605256999999999e-05
0.0008964561  0.0008020455
0.000258303  3.586492e-06
0.0003679853  0.001455735
0.0002992115  0.0006341502
0.0004761482  0.001327486
-0.0009079338  0.0009860808999999999
-0.0009580636  0.0002694364
-1.455762e-05  0.0009409586
-0.0003028973  0.0008421165
-0.0001654386  0.0001798767
-0.0002566816  -4.798926e-05
0.000455628  -0.0002612149
4.741197e-05  0.0005348688
0.0002164671  0.001232807
0.0001345047  0.0002879895
0.0002072426  0.001238882
0.0003099476  0.001597424
0.0003961749  0.0008732580999999999
0.001426019  0.0007000463
0.0002165996  0.001134355
-1.043818e-05  0.0003298651
-0.0001975642  0.0002425575
-0.000273526  0.001136184
-0.0003257484  0.001721487
-0.0003275013  0.0003277037
-5.983894e-05  0.0005515961
-0.0002969147  0.001117231
-0.0001235763  0.0001475797
0.0002877375  -2.338069e-05
7.853888999999999e-05  -0.0001915817
2.098903e-05  0.0008702449
5.663812e-05  0.0009017808
0.0002600328  0.001080002
0.001309056  0.001451401
0.0007263022  0.001378823
3.470032e-05  0.0007903223
9.389728000000001e-05  0.0007349611
4.806943e-06  0.001095024
0.0002969742  0.0004048485
-0.0007346252  0.001344737
-0.0001198914  0.0002315885
-0.0002303724  0.001328362
-5.30788e-05  0.0002021814
-0.0002496559  0.0006031773
-5.457348e-05  0.0004780437
-0.0002026284  0.001198452
-0.0001983464  0.0008999746
9.383837e-05  0.001275653
9.822399e-05  0.0006765391
8.954575e-05  0.001037464
0.001247492  0.001537185
0.0002115042  0.000526711
0.000292611  0.001790017
9.916562e-06  0.0008191151
0.001061735  0.001530232
0.001145465  0.001128481
0.0004715683  0.001572155
-0.0001948567  0.0007610445
-0.0003105232  3.919039e-05
-3.710001e-05  0.0007824624
-7.608443e-05  0.00140985
-0.0001644105  0.0002662925
-0.0002180804  0.0002631313
-0.0003478727  0.0005647602
-0.0004278386  -0.0004338025
0.0004114184  -0.0001742895
0.001514911  -0.0002729158
0.0003635593  -0.0002432064
0.0002152418  0.001457439
0.000831579  0.001111814
4.585538e-05  0.000445304
0.0005108473  0.0001830961
0.0003589445  0.0004012934
0.0002752154  5.845897e-05
0.0001439076  0.0006182798
-0.0002284337  0.001576642
-0.0002642343  0.0008714339
-0.0003378496  5.624016e-05
-0.0001684045  0.0008818739
-6.632089e-05  0.0002352726
-0.0002405136  0.0001870186
-0.0001940155  0.001190286
-0.0002062164  0.0006582082
-0.000385186  0.0005395488
-4.465476e-05  0.000150518
-0.0003045489  0.0004479838
-0.000158653  -0.0006412017
5.817001e-05  0.001026755
6.20056e-05  0.001276159
9.199294999999999e-05  0.0007399612
0.0002418237  0.001023311
-0.0001941025  0.0001064584
-0.0001695204  0.0005012658
-2.24397e-05  0.0004757236
-0.0001365735  0.0002998693
-0.0002883051  0.0005366715
-0.000196599  0.0007402358
-0.0001835165  0.0007191883
-9.276738e-05  0.0008404002
-0.0002171579  0.0008352947
-0.0005203107  0.001081237
-0.000462721  0.000594782
0.0002453038  -0.0001573569
0.000402632  -0.0001416427
0.0005184702  0.0001289204
0.00018692  0.000469132
0.0001081274  0.0004883176
0.0002912283  0.001207606
-5.799479e-06  0.0005547528
-0.0002507291  0.000734088
-8.827572e-05  0.0006665451
-0.0003765544  -0.0001028865
-2.351866e-06  -0.0001549496
-0.0002264681  -0.00019995
0.0009665677  -8.433610000000001e-06
0.0002437864  0.0002741026
5.858666e-06  0.0007582486
6.962024e-05  0.000356125
0.0003030651  0.0006234738
0.0002927478  0.0008787804
2.167224e-05  0.001152676
0.0003692458  0.0001546871
-0.0002596145  0.0003926466
-0.0007786577  0.000677924
-0.0004314183  0.000735743
-0.0009924672  0.001450835
-0.0003232317  0.000608424
-3.747063e-05  -0.0002691482
0.0003684851  -0.0001033382
0.0004781707  -0.0001066327
6.026769e-05  0.00101102
0.0002967607  0.0007655226
0.0001046118  0.0007080227
0.0001103858  0.0004387169
0.0003972841  0.0008845567
9.90314e-05  0.0001445862
0.001508403  0.002146173
8.280246e-06  0.001207049
-0.0002776092  0.0008575598
-0.000852708  0.00197587
-0.0001595783  0.001009521
-0.0002206198  0.001693223
-0.0003415844  0.0004917583
-5.829434e-05  0.000734909
-0.0006782857  -0.0003319806
-0.0003909318  -0.0001388475
-0.000184907  -1.5543e-05
0.0005493598  0.001517826
0.000198834  0.0007811379
5.733228e-05  0.0002692592
0.0003845008  0.0009867583
0.0009075407  0.0004148013
0.0004614981  0.0004983746
0.0002316219  0.001076398
-0.0002350864  0.0005811551
-0.0002536876  0.0005496396
-0.0001116411  0.001211766
-0.0003676047  0.0003497998
0.001068728  0.0002891235
0.0004302811  0.001303616
0.0002372604  0.0003663453
0.0002022786  0.0005021506
0.0003237765  0.0002054658
0.0001555223  0.00122247
0.0002743714  0.0002266556
9.376223e-05  0.0002103934
0.0004548907  0.0007045657
-0.0001627313  0.0007449794
-0.0002945908  0.0006033134
-5.643469e-06  0.0004567496
-0.0001437443  0.001112109
-0.0001535045  0.0008670805
-0.000187851  0.0006159749
-0.0003531155  0.001285988
-0.000344944  0.001362809
-0.0001058798  0.0007050598
-0.0004257784  0.001519754
-5.38255e-05  5.375115e-05
-0.0001757096  -0.0004702524
0.0003673123  -0.0001132209
5.585981e-05  0.001524047
9.163572e-05  0.0007280413
0.0001383288  0.0009656565
6.633175e-05  0.0009907424999999999
0.000270645  0.0006587693
8.504822e-05  0.0001986717
0.000119515  0.0003689456
-5.104636e-06  0.0006250751
-0.0002000599  0.0001161644
-0.0001806742  0.0009836105
-0.0002902679  9.955937e-05
-0.0009582739  0.00122598
-0.0001339768  0.00108573
-0.0007546442  0.001559569
-0.0001587671  -0.0002259808
-0.0008858946  -0.0005888881
0.0002557924  -0.0001152673
0.001009282  0.001218456
7.962579e-05  0.001521109
0.0003448165  0.001255162
0.0003786565  1.508174e-05
0.0001317807  0.001336454
0.0003082226  0.001090278
-0.0002811388  0.0009638575
-0.0007999063  0.0003279573
-0.0006964639  0.001248312
-0.0002848784  0.001222003
-0.000369604  -0.0002567926
0.0003075766  0.0009409749
0.0002874722  0.0007043586
5.400916e-05  0.0008206058
0.0001982838  0.001421701
0.0001078717  0.001210655
2.025044e-05  0.000746683
0.0002131401  0.0005174135
-0.0002844247  0.0004260042
-0.0005027139  0.001254244
-9.280634e-05  0.001110626
-0.0001086537  -0.001024072
0.000408079  -3.031143e-05
5.84525e-05  0.0004651131
0.0002472467  0.0007053099
0.0001847044  0.001144302
0.0001317518  0.001499142
-2.332717e-05  0.0003880105
-0.0001176196  0.0002334311
-0.0001707216  0.0007146654
-0.0005690692999999999  0.001666926
-0.0001196332  0.0006502977
-0.000163188  0.0001307776
-0.0002206553  0.0002379368
-4.363459e-06  0.0007892994
-6.016909e-06  0.00110849
-0.0001250643  0.0009132636
-0.000772393  -4.78624e-05
0.0001230332  0.0009406356
0.0004278454  0.0004099499
0.0003274315  0.0005995798
2.853976e-05  0.0009263821
0.00114946  0.0008319808
-2.38453e-05  0.0003489114
-0.0008724285999999999  0.001213559
-0.0001660722  0.00121348
-0.0001437523  0.0007624538
-0.0003149282  -0.0003912347
-0.0007974597  -2.102495e-05
0.0002788016  0.0004080405
0.001270903  0.0009957596999999999
0.0001823617  0.0005101363
0.00152119  0.001565238
7.100573e-05  0.0007103369
5.340639e-05  0.0007671744000000001
6.328002000000001e-05  0.0008941293
0.0004235853  0.000148996
0.0002027597  0.0008500622999999999
-0.0001548728  0.0008095601
-0.0002717808  0.001050118
-0.0005462701  0.0003401787
-0.0001141212  0.000356826
-0.0001780028  0.0007815511
-0.0005114185  0.001677349
-0.0004551902  -0.0006676849
0.0002189536  -0.0002341697
0.0003103611  0.0008399605
0.0001224329  0.0007637037
0.0003335629  0.001217753
0.0002412703  0.00101179
1.429647e-05  0.0005686958
4.624611e-05  0.0001813956
8.076830000000001e-06  0.0004454312
0.001216767  0.0006805215
5.198887e-05  0.0005385774
-2.827384e-05  0.0003430703
-0.0002165388  0.0005677807
-0.0002089605  0.002096779
-4.563198e-05  0.001190115
-0.0003292513  0.0007054588
-0.0002545786  0.0004361647
-6.299274999999999e-05  0.001762226
-3.084179e-05  0.00135403
-0.0004224715  0.000101008
0.001493478  -1.181034e-05
1.383971e-05  0.0004243597
0.0001523285  0.0001404604
0.0004070876  0.0004248041
0.0001523401  0.0005333852
0.0003917806  0.001137003
0.001562778  0.0008653545
0.0002054165  0.001044012
0.0003601138  0.000375321
0.001128991  0.001886587
0.001311262  0.001074047
-0.0003643211  0.001371214
-0.0008573531  0.0006676627
-0.0002945253  0.000888128
-0.0002714395  0.0008825798
-0.0001810401  0.0002192952
-3.163978e-05  0.001075844
-0.0003517581  0.0007953732
-0.0008566212  0.001643446
-0.0001597218  0.001261931
0.0005135604  -0.0003709083
2.903743e-05  0.0004979137
4.465217e-05  0.001237647
0.0001461771  0.001310083
8.518148e-06  0.001193873
0.0001640724  0.001312277
0.0001914318  0.001488467
7.561661e-05  0.000359521
1.581222e-05  0.0006692563
8.80758e-05  0.0016771
-3.021254e-05  0.001028573
-0.0001564288  0.001123307
-0.0003035153  0.0001313081
-1.754178e-05  0.0009848903999999999
-0.0003453849  0.001658792
-0.000178427  0.001525389
-0.0001234785  0.0008795499
-5.919465e-05  0.0004662562
-0.000237548  -7.476539999999999e-05
-0.0002657418  -2.028502e-05
-0.000774906  -0.0003390837
1.5063e-05  0.0008012323999999999
0.0002884161  0.00109978
2.645931e-05  0.0009807599
0.0009167875999999999  0.001043462
0.0008047179999999999  0.000131117
0.0004895048  0.0009159404
0.0002316359  0.0008231408
0.000113474  0.001097142
0.000326603  0.00204384
7.104941000000001e-05  0.001467561
-0.000408151  0.0006085932
-0.000163142  0.0006970333
-0.0002780618  0.0005851059
-0.000203447  -0.0003628769
-0.0003079979  -0.0005764906
0.0003821002  0.001293604
0.0003526175  0.0004482744
0.0004474093  0.0001920959
1.821904e-05  0.00109489
0.0004682733  0.0003381665
0.0001069895  0.0008678777
7.179722000000001e-05  0.0003574028
0.0001907196  0.0005492024
0.0001243304  0.000527534
0.0001565337  0.0002989675
0.0001133631  0.0004582006
-0.0002469254  0.00091392
-2.212328e-05  0.001059942
-6.003534e-05  0.001134773
-0.0007993436  0.0005359367
-0.0002177035  0.001278912
-0.0002946276  0.001217544
-0.0003224079  -8.506751e-05
-0.0007384122  -0.0005621657
0.0004813983  -0.0006533955
6.764783e-05  0.0007900274
0.0003624055  0.0009411351
7.609846e-06  0.001033914
0.0001252221  0.0003617055
7.755220000000001e-05  0.0005566194
0.0002706592  0.0006659096
0.0002102064  0.0007042491
0.0001039003  0.0003177122
0.0004929855  0.0001652812
0.0001694212  0.0007355358
0.0001363363  0.0009144217
3.41575e-05  0.001207191
-0.0002153596  0.001278459
-0.0001922197  5.725785e-05
-0.0001206201  0.0009151985000000001
-0.0006852591000000001  0.0005629977
-0.0007376166  0.001170909
-0.0002056559  0.0007457547
-8.487148e-05  0.0003113562
-0.0003622069  1.916472e-05
-0.0001349028  0.001167119
-0.0003972249  -0.0004397534
0.0002605882  0.0007919494
0.000192451  0.001383369
0.0002496658  0.000210866
6.303856e-05  0.0001491351
9.969729e-05  0.0005232408
0.0001480105  0.001116965
0.0004747144  0.0009008767999999999
-0.000277594  0.0007547957
-0.0001341983  0.000389461
-6.03264e-05  0.0002808924
-5.976511e-05  0.0006630554
-0.0001404599  0.0004819297
-0.0004535169  0.001081496
-0.0001384702  0.00153271
-0.0002352982  0.000724119
-0.0003414423  -1.845144e-06
-0.0007322873  -0.0004023184
-0.0003423627  -9.559173e-05
0.0002772411  0.0002997342
5.707115e-05  8.679652e-05
0.0004871613  0.0009730417
0.001508979  0.0001452042
0.0002429836  0.000292522
-0.0001075647  0.0006765854
-0.0002469056  0.0006789644
-0.0001192193  0.0007355631
-0.0001196128  0.001545661
-0.0007654988  0.001764964
0.001525365  -0.0007744029
6.437712000000001e-05  0.001453127
0.0002013686  0.0003651447
5.802522e-05  0.001632284
0.0001567376  0.0009204208
0.0001348007  0.0002340691
0.0003746457  0.001374032
0.001222041  0.001371837
-4.942371e-05  0.0006141557
-0.0003377374  0.0007757309
-8.995552e-05  0.0007319419
-3.178032e-06  0.0001808251
-9.218658e-05  0.0003948696
0.0005150178  0.001644743
0.0001702025  0.0006658363
0.0002941047  0.0003859227
0.0001312447  0.0007194057
0.0003903847  0.001075145
0.0002104252  0.0009485642
5.87787e-05  0.0009971117
0.0003067951  0.0004451872
-0.0001471802  0.0009681851999999999
-0.0001311786  0.0006958155
-0.0004721934  0.001267358
-0.0001627442  0.001082251
-0.0004794363  0.002003862
-1.922893e-05  0.000428558
-0.0002043737  0.001119318
-0.0002024114  0.0008047881
-7.850057e-05  -7.007893e-06
6.706070999999999e-05  0.0003369853
5.36762e-06  0.0002950338
2.997991e-05  0.0002774434
0.001123156  0.00173327
0.0004745496  0.001679341
0.001059241  0.0005749692
0.0003469355  0.00122477
0.0001868269  0.001027469
0.0003722927  0.0009569752
0.0004191011  0.0001488111
0.0001384325  0.0003391071
-6.297428e-06  0.0009170917
-0.0004324545  0.001042801
-0.0001010105  0.001069646
-0.0003106712  0.001195031
-3.806801e-05  0.0008474543
-9.633703e-05  0.0007027417
-0.0002997689  0.0009985377000000001
-0.0002637347  -0.0001619343
-0.0004591864  -0.0003775268
0.000394728  -0.0003549236
0.0003159524  3.540945e-05
8.150642e-05  0.00115123
1.942078e-05  0.0007558732
0.0001075332  0.0009525983
0.0003180605  0.0003108415
0.0004287675  0.0004302719
0.0003821739  0.001513843
0.0001636809  0.0003664633
0.0001920869  0.0008934746
0.0002483721  9.963856e-05
0.001097039  0.001224329
-0.0001053722  0.0005344527
-6.287198e-05  0.0001042196
-4.429788e-05  0.0008930422
-7.339275e-05  0.0004523325
-0.0002552307  0.000592789
-7.936053e-05  0.0009456959
-0.0001261283  0.001099571
-0.000132963  0.0006619636
-0.0002476732  0.001128168
-0.000397993  -0.000268702
-0.0001112252  -0.000557488
0.0001030484  -2.093689e-05
0.0002155774  0.0004281015
0.0001513118  0.0005018707
0.000215201  0.001128026
3.42473e-05  0.0009217704
0.0002733182  7.196401e-05
0.0001493244  0.001199898
9.385223e-05  0.0009817317
0.0002361332  0.001452904
0.00131512  0.002049384
0.0001526642  0.0005676843
3.706831e-05  0.0007546263
0.0002803281  0.0001206178
-0.0002124446  0.0009939856
-0.000374514  0.0003508199
-0.000286477  0.001038862
-5.493655e-05  0.0007721693
-0.0005921405  0.0008050638
-0.0001594569  0.0007281525
-4.748271e-05  0.001285083
-6.688876e-05  0.0002713839
0.0009359481  -0.0002827611
0.0001704373  -5.082397e-06
2.317553e-05  -0.0003451846
1.34214e-05  0.0005298288
0.0001745068  0.0005309129
-9.464787e-05  0.0004584511
-0.0002709552  0.002030343
-8.447028e-05  0.0007781615
-2.887766e-05  0.0003401112
-0.0004024114  0.001137271
9.543694e-05  0.0001616239
0.0004115857  0.0004234967
9.094574e-05  0.001582026
0.0004208555  0.001507638
0.0001401136  7.020166000000001e-05
3.387071e-06  0.001071405
-8.050398e-05  0.0005398637
-0.0002014297  0.001050841
-0.0007580684  7.700136e-05
-0.0002927332  6.890276e-05
-0.000300488  0.0006190911
-0.0002496314  0.0006353742
-0.0002755944  0.0016345
-0.0003974815  0.0005650119
-0.0001915469  0.0009179754
3.572476e-05  0.0008657476
0.0003084453  0.0006856688
0.0001587758  0.00137179
0.0001575233  0.0008902507
0.0001072915  0.0003952505
0.0003888208  7.017236e-05
0.00040405  0.0007879258
0.001041956  0.001532714
-0.0001079314  0.0009344137
-0.0001911075  0.001335233
-0.0001321681  0.0005484511
-0.0008730378  0.001441225
-0.0001137558  0.001338237
-1.055121e-05  0.0007341825
0.001149561  -0.0004307615
8.818854e-05  0.000583597
0.0003614306  0.0005467629
0.0002596993  0.001650178
0.001226507  0.0007196686
0.0002468526  0.0005105386
0.00040839  0.001721398
-0.000231595  0.00106206
-0.0001149658  0.001092627
-0.0002981379  0.001093584
-0.0002474418  0.001089318
-0.0001959741  0.0003868256
-7.813861000000001e-05  0.0001489582
-0.0002341938  0.0002680336
-0.0001158634  0.0006587215
-0.0004385919  -0.000431961
-0.0004042017  -0.0002908326
0.0004997646  -0.000108026
3.440717e-05  -7.947906999999999e-05
0.0001095483  0.0006532677
0.0002773343  0.0009664282
0.0002078066  0.001125369
0.0003666474  0.0007675376
0.0001106224  0.0001035959
0.0002352497  0.001053527
6.568126e-05  0.0004293875
0.0003206478  0.001240559
0.0001130206  0.0003392261
0.0001571041  0.000590354
0.0009816338  0.001267451
-0.0001796559  0.0001372857
-0.0002574534  0.0001738346
-0.0008526139  0.0001687427
-0.0001637935  0.001323593
-0.0003120778  0.0003012369
-0.0001661563  0.0009936864000000001
0.0002752965  0.000924352
0.0002693067  0.0002914576
3.89668e-05  0.0001711643
0.00010569  0.0006432285
0.0002164719  0.0005342916
0.0001439095  0.0008356137
9.734783000000001e-05  0.000939342
0.0001657956  0.001381259
0.0003607106  0.001134742
0.000151096  0.0005735411
0.0006099962  0.001491802
0.0004876434  0.0001164794
0.0003385352  0.0009832212999999999
-7.877718999999999e-05  0.0006767155
-0.0007974649  0.001028521
-0.0003752923  0.0004729541
-0.0002178  0.0003402363
-7.383578e-05  0.0001792596
-1.093315e-05  0.0009440753000000001
-0.0002089814  0.0009428142
-0.0002093617  0.001447283
0.0002527699  0.0004492848
0.0003371392  0.0004825438
0.000251385  0.0003183958
0.0001710661  0.0005713569
0.0001351311  0.0007145858
0.0002859971  0.0004031031
0.0001116889  0.001602354
0.0001910867  0.0005070432
-0.0001927371  0.0004636508
-0.0001936149  0.001161432
-0.0002957979  0.00070205
-2.986292e-05  0.0006302644
-0.0002279523  0.0003419132
-0.0002471335  0.001423018
-0.0002421334  5.085399e-05
-0.0002774538  0.0005104684
0.0002429995  -0.0002488664
0.0004421988  -0.0002526396
0.0003177023  -3.972428e-05
5.78262e-05  0.0005036489
8.355822e-05  0.001051865
0.0001788522  0.0004378904
0.0003554637  0.0002433994
0.0001759472  0.0006209181
0.0002718462  0.0003999687
1.032284e-05  0.0008984399
0.0002745376  0.0001609138
0.0003455809  0.0009031439
2.553605e-05  0.0009682384
6.351462e-05  0.001461144
-0.0001760162  0.0009054632
-6.234430000000001e-05  0.001337352
-0.0004138804  0.0008581617
-4.17781e-05  0.001066969
-0.0001072803  0.0006672076000000001
-3.907591e-05  0.001365986
-0.0001373778  -0.0002682231
-0.0001682134  -0.0005588509
0.0001448424  -0.0001158032
0.000293578  0.0009429041
0.0004066267  0.001050545
0.0005134005  0.0008106353
0.0002344932  0.0002833161
0.0001941588  0.001527892
-0.0002784915  0.0005065711
-0.000122015  0.0006616771
-0.0001607587  0.0006567519
-0.0003473224  0.001005964
-8.427612e-05  0.001429797
-0.0004591208  0.0004193671
-0.0002562098  0.0008299444999999999
-0.0003668493  -0.0001837398
0.0004421644  -9.118195000000001e-05
2.209839e-05  -0.0001002062
0.0001554931  0.0007337301
0.0009299445  0.0009928517999999999
0.0001203709  0.001254614
7.061831e-05  0.001272715
0.001024649  0.000920637
0.0001746278  0.0004506611
0.0001812861  0.0001181243
0.000306427  0.0001320072
-1.47477e-05  0.0007967578
-0.0003078713  1.101155e-05
-0.0009799012000000001  0.00145565
-4.759758e-05  0.0003517684
-0.0004489018  -7.224123e-05
0.0001256432  0.0006152413
0.0003276195  0.001592138
0.0005490551  0.001331228
0.0004399573  0.00144799
0.0004292786  0.0005190158
-4.740883e-05  0.0005935068
-0.0002010363  0.0004770363
-0.0004225262  0.0008039575
-0.0003089808  3.911733e-05
-0.0001796153  0.0004234184
-0.0003576434  0.000770685
8.191658000000001e-05  -0.0003643468
1.867196e-05  0.0009199484
0.0002229254  0.00120753
0.0002042204  0.0006431215
0.00013508  0.001331061
0.0004598587  5.893113e-05
1.105372e-05  0.001087704
-0.0001719012  2.18549e-06
-8.659582e-05  0.0009810874
-0.0001355259  0.0002300706
-0.0006564453  0.00136457
-0.0008368225  0.0009317916000000001
-5.883717e-05  0.0007770145
0.0002620683  -0.0001577028
0.0003139073  0.0006721801
0.0004351536  0.001256633
0.0003270483  0.001446786
0.0001655333  0.0002323304
0.0004250412  0.001029859
-0.0002697107  0.0003593023
-0.0003540351  0.0001684693
-0.0001906916  5.104196e-06
-0.0001655668  0.0004190056
0.0004697394  -9.020777e-05
0.001065124  0.0005568427
7.669095e-05  0.001551199
0.0002503288  0.0002537858
0.0003129519  0.001125865
2.537983e-05  0.0007908372
-0.0001027714  0.0003750865
-0.0002245113  0.0009228224
-0.0002237948  0.001564542
-5.670509e-05  0.001699816
-2.368094e-07  0.0008546457
-0.0004860004  0.001115473
-0.0001903657  0.000762167
-0.0005516431  4.226066e-05
-0.0001740152  -0.0002136558
0.0003168435  0.000811138
5.000107e-05  0.001182378
0.0002617525  0.0007012273
0.0004450769  0.0004233753
0.0001316063  0.001087595
0.0005601132  0.0003841835
0.0001310133  0.001415471
0.0001165288  0.0008723986
0.00135148  0.0005332975
-0.0004861545  0.0003151917
-0.0002409648  0.001527159
-0.0004601189  0.001006113
-0.0003385173  0.001066736
-0.0004674623  -0.0002924338
0.001305606  -0.0004594023
0.000203987  -1.205607e-05
0.0009894582  0.0006893796
0.000275128  0.0008937122
0.001230856  0.001449342
5.700278e-05  0.000198638
0.0001710879  0.0002330788
-0.0001452953  0.0005218323
-0.0002917734  8.14486e-05
-0.0003664482  0.001048517
-0.0002321472  0.001391372
0.00103693  -0.0005360517
0.0001110172  0.0004809655
0.0001899132  0.0009419992
0.0001538311  0.0004505029
0.0002294278  0.000404182
8.458937e-05  0.001055469
0.0003426632  0.00154144
0.001618372  0.002053168
0.0002594613  0.001236021
-6.010714e-05  0.001167829
-0.0009362962  0.0009157745
-0.0002249132  0.000269104
-0.000237595  0.001401435
-1.693767e-05  -0.000125367
0.0002041433  0.001287131
8.993085000000001e-05  0.0004846881
0.0002624037  0.0010561
1.795013e-05  0.001476693
0.0009999844999999999  0.000167774
0.00026869  0.0007035073
6.0735e-05  0.0008806043
-0.0008562361000000001  0.001747104
-0.0001280012  0.001107289
-7.088335e-05  0.0008807338
-0.0001639355  0.0007892999
-0.0002055421  0.001680879
-1.410184e-05  0.0004192863
-0.0001518628  0.0004622101
-0.000193118  0.0004830989
-7.431912e-05  0.0004009737
-2.374036e-05  0.0008046489
0.0005746617  -0.0001271211
0.001045315  -0.0003304444
1.36633e-05  0.001430742
0.0001093053  0.0008415158
1.510308e-05  0.0004683816
0.0002284707  6.918067e-05
0.0002586926  0.0001713471
0.0001520829  0.0006294807
-0.0008391659  0.001000083
-1.109011e-06  0.0006586727
-0.0001454808  0.00139986
-0.0001999222  0.001028005
-0.0001105207  0.000704559
-3.46274e-05  0.0003823256
-0.0002336773  0.001286104
-6.430295999999999e-05  0.0002257993
-0.000758662  0.0006731411
0.0002237955  0.0003915429
0.000201429  0.0002717695
0.0001407397  0.0004987053
0.0002269812  0.001287533
0.0002388441  0.0004546767
9.111512000000001e-05  0.00086026
5.463652e-05  0.001194682
-0.0001169863  0.0006301302
-0.0002136676  0.0003216771
-6.478193e-05  0.00105332
-4.069169e-05  0.0004462911
-1.674175e-05  0.0006372239
-0.0009678086  4.174714e-05
-0.000130604  0.0008280949
-0.00068284  -0.0006521898
0.0005081873  0.0008563857
0.0005564825  0.0007315723
7.631193000000001e-05  0.0007783655
8.441383e-05  0.001016279
0.0003404609  0.0004839077
0.0004299688  0.001241551
0.0009507964  0.001521201
0.0002084464  0.000835529
0.0003878206  0.0007477658
0.0001580924  0.001167739
-0.0008650722  0.001062622
-0.0004370212  0.001284054
-0.0009421405  0.0003567618
-0.0002852187  0.0006996129
-0.0007329714  0.0009645524
-0.0001735924  -8.067968e-05
0.001522011  -6.406246e-05
0.0004559364  -0.0003963702
0.0004217402  0.0009969514
0.0001033175  0.0008153152
1.017551e-05  0.0008094832
0.0001273473  0.0004215172
0.0001094756  0.001199609
-6.761983e-06  0.0009569472000000001
-0.0001240401  0.001428749
-0.0001169869  0.0006780774
-8.150292e-05  0.001108956
-0.0002347086  0.001121419
-0.0002041621  0.0004138729
-0.0004145227  -0.0001862992
0.0001688235  0.0008935
3.973225e-05  0.0006089535
0.001199491  0.0006200541
0.0001755865  0.001097856
0.0004035545  0.0008123411
4.639472e-05  0.0001450032
0.0005314029  0.001138053
0.0001576281  0.0008850541
4.530735e-05  0.001272328
0.001008221  0.001821895
-0.0003372877  0.0007529568
-0.0001672256  0.0001591269
-9.01925e-05  0.000655498
-0.0004380523  0.0008382696
-0.0002553996  0.0007745658
-0.0003643787  0.001059188
0.001225565  -1.488528e-05
0.0003341312  0.0001864125
1.09634e-05  0.001135314
5.537761e-05  0.000200198
0.0001140027  0.001195468
0.0004121058  0.00111271
0.0002037123  0.0006600614
0.0004540566  0.001281993
7.344904e-05  0.0006504606
0.0003697596  0.0005827733
0.0003408069  0.0001815994
0.00037589  0.001196599
0.0002046688  0.0008528168
-1.848863e-05  0.0004474702
-0.0007931441  0.0006255483
-0.0008960074  0.0007219621
-0.0002894856  0.0009807590000000001
-9.833918999999999e-05  -0.0004071637
8.43327e-05  -0.0004116368
0.0001132797  0.0008940786
0.0001810969  0.001133516
0.0003571406  0.0006250814
0.0002004145  0.0009742841
6.656604e-05  0.001685552
0.000759766  0.001413187
0.0004772314  0.002010353
0.0001173843  0.001201983
0.0002852318  0.0002701213
8.309841e-05  0.0003987313
5.964529e-05  0.001105744
-6.223742e-05  0.0006889596
-0.0002104087  0.0004822655
-0.0001531523  0.0002010309
-0.0001736473  0.0008449182
-0.0003170186  0.001374484
-4.86063e-05  0.0008038742
-8.42749e-06  0.0006344165
-0.0001038131  0.001194282
-9.966107e-05  0.00122425
0.0005077971  -0.0003483196
0.0008029231  -0.0001264125
0.0002686212  0.0001215284
0.0004318011  0.0009443632
0.0002783332  0.0004766229
0.001017235  0.001292651
0.0002057309  0.0004338689
0.0005983112  0.0008040219
0.0002420382  0.0008585042
-0.00023812  0.000350977
-0.0002375904  0.0003046878
-0.0001102133  0.0003630689
-4.148395e-05  0.0005392297
0.0003090141  0.001022497
0.0004365445  0.001439833
0.0003322478  0.001403573
0.001511707  0.0006476989
0.0004527259  0.001438116
0.0001465087  0.0006667887
0.0001933207  0.001106732
3.688198e-05  0.001200843
-0.0003355761  9.32639e-05
-5.005353e-05  0.0005921015
-4.842253e-05  0.0007121214
-0.0001187192  0.0008018782
-0.0002316193  -0.0003099463
5.079095e-05  -0.0001993902
4.836756e-05  -0.0001887748
0.0002585018  0.001313834
0.0004305915  0.001478598
0.0002621399  0.0004272346
0.0002031689  0.0005586214
0.0001165446  0.001414752
0.0003512581  0.0008713411
0.001291293  0.0006794518
0.0003723795  0.0005797949
0.0004070455  0.001733691
0.0003029464  0.002064848
0.0001992701  0.001309605
0.0008943267  0.0006867347
6.104089000000001e-05  0.0008430007999999999
0.0002874332  0.0006011927
0.0003608908  0.001796589
-6.026605e-05  0.001216036
-0.0004518091  0.00104935
-0.0003531273  0.001487055
-0.0001333456  0.0003268947
-3.208623e-05  0.001042983
-0.0001832243  0.0004836337
-0.0008592797  0.001441818
-8.358459000000001e-05  0.0005154095
0.0004584675  -0.0007390113
0.001508517  -0.0002484104
9.317745e-05  0.0008394783
0.0002200124  0.0005907048
0.0001493152  0.0004156338
0.0002168261  0.0006062667
0.000955764  0.0004445136
0.0003826432  0.001571478
-0.0007469961  0.0009348205
-0.0002086196  0.0007742841
-0.0002521141  0.0006037821
-3.128022e-05  0.001504302
-0.0001169827  0.000803016
-0.0002266917  0.00187769
-0.000393828  0.0005408859
-0.000328988  0.0009530827
-0.0001653256  0.0001882934
0.0004924079  -5.491619e-05
0.0002560355  0.0001701041
5.049465e-05  0.001371021
0.000108423  0.0003504088
7.583625e-05  0.0006785167
6.00538e-05  0.001050436
0.0004389573  0.0004689209
4.017436e-05  0.001029675
3.937039e-05  0.0004563559
-0.0001357063  0.001069659
-8.052399e-05  0.0004335713
-0.0001851724  0.0008276098
-0.0001565275  0.0006994027
-0.000649455  0.001406324
-0.0002017267  0.00154508
-0.0001491729  0.0004687058
-0.0001845445  0.0005228942000000001
-0.0003915371  -0.0001202275
0.0001334446  0.0004981593
0.0003327283  0.0004105498
0.0002025528  0.0002670585
0.000299256  0.0004630346
0.0001256305  0.0008922095
0.00131071  0.0005211861
0.0002214802  0.0001854119
3.357507e-05  0.0009969541
-5.214212e-05  8.352514999999999e-05
-9.212569e-05  0.0004470606
-0.0003718827  0.0003896963
-0.0001223893  4.030809e-05
-0.000390899  0.001151253
-0.0001344429  0.000953583
-0.0004073927  0.000348682
-0.0001412159  0.0004246674
0.000133292  -0.0005273923
6.233197e-06  0.0008194909
5.558777e-05  0.0008324989
5.132807e-05  0.0003935822
7.348135999999999e-05  0.000808501
0.000243742  0.001482689
2.437686e-05  0.001045389
7.081537e-06  0.0005416663
5.499736e-05  0.000866701
0.000243778  0.001182473
0.0002579143  0.0006053543
-0.000159719  0.0006265903
-0.0008987045  0.001575269
-1.907518e-05  0.0005389771
-7.932738999999999e-05  0.0007966292
-0.0002951876  0.001492349
0.0004946619  -0.000257744
0.0002953531  0.0004392599
0.0004387033  0.0003579708
5.243205e-05  0.0004522503
3.338162e-05  0.0002935157
0.0002840896  0.0008636583
4.285486e-05  0.0009911246999999999
9.288486000000001e-05  0.0006012098
6.888404e-05  0.0003372042
0.0002346107  0.0006592082
7.839679e-05  0.0006092225
-0.000268678  3.81565e-06
-5.807779e-06  0.0006880391
-0.0003018003  0.00185715
-0.0003000212  0.0007929246
-4.048472e-05  0.001000309
-0.0001742024  0.0004455864
-3.539806e-05  0.00102924
-8.317513e-05  0.0003473851
-0.0004133581  0.001705517
-0.0006828625  -0.0005293938999999999
0.0003479258  3.881412e-06
0.000251171  0.0007021042
0.0003529621  0.001082237
0.0001501409  0.0003671793
0.0008450391  0.00130396
0.0001526651  0.000522794
3.897425e-05  0.001457805
