  3.0702E-01  9.9972E-03  7.5627E-03  2.5228E+00  0.0000E+00  9.9843E-01  9.9831E-01 -1.0154E-01 -1.0153E-01
  3.0709E-01  1.9997E-02  1.5131E-02  2.5247E+00  0.0000E+00  9.9843E-01  9.9831E-01 -8.1233E-01 -8.1224E-01
  3.0720E-01  2.9997E-02  2.2711E-02  2.5285E+00  0.0000E+00  9.9842E-01  9.9830E-01 -2.7417E+00 -2.7414E+00
  3.0735E-01  3.9997E-02  3.0308E-02  2.5342E+00  0.0000E+00  9.9839E-01  9.9827E-01 -6.4990E+00 -6.4982E+00
  3.0755E-01  4.9997E-02  3.7928E-02  2.5419E+00  0.0000E+00  9.9834E-01  9.9822E-01 -1.2694E+01 -1.2692E+01
  3.0780E-01  5.9997E-02  4.5576E-02  2.5514E+00  0.0000E+00  9.9824E-01  9.9812E-01 -2.1935E+01 -2.1932E+01
  3.0809E-01  6.9997E-02  5.3259E-02  2.5629E+00  0.0000E+00  9.9808E-01  9.9795E-01 -3.4831E+01 -3.4827E+01
  3.0842E-01  7.9997E-02  6.0982E-02  2.5762E+00  0.0000E+00  9.9782E-01  9.9770E-01 -5.1991E+01 -5.1985E+01
  3.0880E-01  8.9997E-02  6.8750E-02  2.5915E+00  0.0000E+00  9.9746E-01  9.9734E-01 -7.4021E+01 -7.4012E+01
  3.0922E-01  9.9997E-02  7.6571E-02  2.6087E+00  0.0000E+00  9.9695E-01  9.9683E-01 -1.0152E+02 -1.0151E+02
  3.0969E-01  1.1000E-01  8.4448E-02  2.6278E+00  0.0000E+00  9.9627E-01  9.9615E-01 -1.3510E+02 -1.3508E+02
  3.1020E-01  1.2000E-01  9.2389E-02  2.6489E+00  0.0000E+00  9.9538E-01  9.9526E-01 -1.7535E+02 -1.7532E+02
  3.1075E-01  1.3000E-01  1.0040E-01  2.6718E+00  0.0000E+00  9.9423E-01  9.9411E-01 -2.2285E+02 -2.2282E+02
  3.1135E-01  1.4000E-01  1.0848E-01  2.6967E+00  0.0000E+00  9.9280E-01  9.9268E-01 -2.7819E+02 -2.7816E+02
  3.1200E-01  1.5000E-01  1.1665E-01  2.7235E+00  0.0000E+00  9.9102E-01  9.9090E-01 -3.4194E+02 -3.4189E+02
  3.1269E-01  1.6000E-01  1.2490E-01  2.7522E+00  0.0000E+00  9.8887E-01  9.8875E-01 -4.1464E+02 -4.1459E+02
  3.1342E-01  1.7000E-01  1.3324E-01  2.7829E+00  0.0000E+00  9.8628E-01  9.8616E-01 -4.9684E+02 -4.9678E+02
  3.1420E-01  1.8000E-01  1.4168E-01  2.8155E+00  0.0000E+00  9.8321E-01  9.8309E-01 -5.8905E+02 -5.8898E+02
  3.1502E-01  1.9000E-01  1.5022E-01  2.8500E+00  0.0000E+00  9.7960E-01  9.7949E-01 -6.9177E+02 -6.9168E+02
  3.1589E-01  2.0000E-01  1.5887E-01  2.8864E+00  0.0000E+00  9.7541E-01  9.7529E-01 -8.0544E+02 -8.0535E+02
  3.1680E-01  2.1000E-01  1.6764E-01  2.9247E+00  0.0000E+00  9.7056E-01  9.7044E-01 -9.2921E+02 -9.2909E+02
  3.1776E-01  2.2000E-01  1.7652E-01  2.9645E+00  0.0000E+00  9.6505E-01  9.6494E-01 -1.0515E+03 -1.0514E+03
  3.1876E-01  2.3000E-01  1.8553E-01  3.0062E+00  0.0000E+00  9.5891E-01  9.5879E-01 -1.1710E+03 -1.1708E+03
  3.1981E-01  2.4000E-01  1.9467E-01  3.0498E+00  0.0000E+00  9.5215E-01  9.5203E-01 -1.2875E+03 -1.2874E+03
  3.2090E-01  2.5000E-01  2.0395E-01  3.0952E+00  0.0000E+00  9.4480E-01  9.4468E-01 -1.4010E+03 -1.4009E+03
  3.2203E-01  2.6000E-01  2.1337E-01  3.1425E+00  0.0000E+00  9.3689E-01  9.3677E-01 -1.5114E+03 -1.5112E+03
  3.2321E-01  2.7000E-01  2.2294E-01  3.1916E+00  0.0000E+00  9.2844E-01  9.2833E-01 -1.6184E+03 -1.6182E+03
  3.2443E-01  2.8000E-01  2.3266E-01  3.2426E+00  0.0000E+00  9.1949E-01  9.1938E-01 -1.7220E+03 -1.7218E+03
  3.2569E-01  2.9000E-01  2.4253E-01  3.2953E+00  0.0000E+00  9.1006E-01  9.0995E-01 -1.8220E+03 -1.8218E+03
  3.2700E-01  3.0000E-01  2.5252E-01  3.3325E+00  0.0000E+00  9.0019E-01  9.0009E-01 -1.9152E+03 -1.9150E+03
  3.2835E-01  3.1000E-01  2.6258E-01  3.3545E+00  0.0000E+00  8.8994E-01  8.8983E-01 -1.9982E+03 -1.9979E+03
  3.2974E-01  3.2000E-01  2.7270E-01  3.3772E+00  0.0000E+00  8.7936E-01  8.7926E-01 -2.0709E+03 -2.0706E+03
  3.3117E-01  3.3000E-01  2.8289E-01  3.4006E+00  0.0000E+00  8.6852E-01  8.6842E-01 -2.1332E+03 -2.1330E+03
  3.3264E-01  3.4000E-01  2.9316E-01  3.4246E+00  0.0000E+00  8.5748E-01  8.5738E-01 -2.1851E+03 -2.1849E+03
  3.3415E-01  3.5000E-01  3.0350E-01  3.4493E+00  0.0000E+00  8.4630E-01  8.4620E-01 -2.2267E+03 -2.2264E+03
  3.3570E-01  3.6000E-01  3.1391E-01  3.4734E+00  0.0000E+00  8.3504E-01  8.3494E-01 -2.2582E+03 -2.2579E+03
  3.3729E-01  3.7000E-01  3.2436E-01  3.4846E+00  0.0000E+00  8.2374E-01  8.2364E-01 -2.2851E+03 -2.2848E+03
  3.3892E-01  3.8000E-01  3.3483E-01  3.4940E+00  0.0000E+00  8.1241E-01  8.1231E-01 -2.3082E+03 -2.3079E+03
  3.4058E-01  3.9000E-01  3.4534E-01  3.5036E+00  0.0000E+00  8.0109E-01  8.0099E-01 -2.3275E+03 -2.3272E+03
  3.4227E-01  4.0000E-01  3.5587E-01  3.5134E+00  0.0000E+00  7.8979E-01  7.8970E-01 -2.3430E+03 -2.3427E+03
  3.4400E-01  4.1000E-01  3.6643E-01  3.5235E+00  0.0000E+00  7.7854E-01  7.7844E-01 -2.3548E+03 -2.3545E+03
  3.4577E-01  4.2000E-01  3.7703E-01  3.5356E+00  0.0000E+00  7.6734E-01  7.6725E-01 -2.3643E+03 -2.3640E+03
  3.4756E-01  4.3000E-01  3.8768E-01  3.5514E+00  0.0000E+00  7.5621E-01  7.5612E-01 -2.3742E+03 -2.3739E+03
  3.4939E-01  4.4000E-01  3.9837E-01  3.5677E+00  0.0000E+00  7.4515E-01  7.4506E-01 -2.3848E+03 -2.3845E+03
  3.5125E-01  4.5000E-01  4.0912E-01  3.5843E+00  0.0000E+00  7.3415E-01  7.3406E-01 -2.3959E+03 -2.3956E+03
  3.5314E-01  4.6000E-01  4.1991E-01  3.6011E+00  0.0000E+00  7.2320E-01  7.2312E-01 -2.4075E+03 -2.4072E+03
  3.5505E-01  4.7000E-01  4.3077E-01  3.6205E+00  0.0000E+00  7.1232E-01  7.1223E-01 -2.4193E+03 -2.4191E+03
  3.5700E-01  4.8000E-01  4.4170E-01  3.6461E+00  0.0000E+00  7.0150E-01  7.0142E-01 -2.4302E+03 -2.4299E+03
  3.5898E-01  4.9000E-01  4.5271E-01  3.6725E+00  0.0000E+00  6.9075E-01  6.9067E-01 -2.4400E+03 -2.4397E+03
  3.6098E-01  5.0000E-01  4.6380E-01  3.6992E+00  0.0000E+00  6.8007E-01  6.7999E-01 -2.4489E+03 -2.4486E+03
  3.6300E-01  5.1000E-01  4.7497E-01  3.7263E+00  0.0000E+00  6.6947E-01  6.6939E-01 -2.4568E+03 -2.4565E+03
  3.6506E-01  5.2000E-01  4.8620E-01  3.7448E+00  0.0000E+00  6.5896E-01  6.5888E-01 -2.4626E+03 -2.4623E+03
  3.6714E-01  5.3000E-01  4.9745E-01  3.7546E+00  0.0000E+00  6.4855E-01  6.4847E-01 -2.4653E+03 -2.4650E+03
  3.6924E-01  5.4000E-01  5.0874E-01  3.7646E+00  0.0000E+00  6.3824E-01  6.3816E-01 -2.4650E+03 -2.4647E+03
  3.7137E-01  5.5000E-01  5.2005E-01  3.7746E+00  0.0000E+00  6.2805E-01  6.2798E-01 -2.4618E+03 -2.4615E+03
  3.7352E-01  5.6000E-01  5.3134E-01  3.7659E+00  0.0000E+00  6.1800E-01  6.1792E-01 -2.4527E+03 -2.4524E+03
  3.7569E-01  5.7000E-01  5.4224E-01  3.6361E+00  0.0000E+00  6.0814E-01  6.0806E-01 -2.4198E+03 -2.4195E+03
  3.7788E-01  5.8000E-01  5.5272E-01  3.4936E+00  0.0000E+00  5.9856E-01  5.9849E-01 -2.3618E+03 -2.3615E+03
  3.8009E-01  5.9000E-01  5.6276E-01  3.3499E+00  0.0000E+00  5.8935E-01  5.8928E-01 -2.2793E+03 -2.2790E+03
  3.8232E-01  6.0000E-01  5.7237E-01  3.2048E+00  0.0000E+00  5.8061E-01  5.8054E-01 -2.1714E+03 -2.1712E+03
  3.8456E-01  6.1000E-01  5.8154E-01  3.0583E+00  0.0000E+00  5.7244E-01  5.7237E-01 -2.0201E+03 -2.0198E+03
  3.8682E-01  6.2000E-01  5.9027E-01  2.9107E+00  0.0000E+00  5.6502E-01  5.6495E-01 -1.8191E+03 -1.8188E+03
  3.8910E-01  6.3000E-01  5.9855E-01  2.7621E+00  0.0000E+00  5.5853E-01  5.5846E-01 -1.5691E+03 -1.5690E+03
  3.9138E-01  6.4000E-01  6.0636E-01  2.6039E+00  0.0000E+00  5.5312E-01  5.5305E-01 -1.2732E+03 -1.2730E+03
  3.9368E-01  6.5000E-01  6.1311E-01  2.2506E+00  0.0000E+00  5.4888E-01  5.4881E-01 -9.8431E+02 -9.8419E+02
  3.9599E-01  6.6000E-01  6.1845E-01  1.7809E+00  0.0000E+00  5.4567E-01  5.4561E-01 -7.3317E+02 -7.3308E+02
  3.9830E-01  6.7000E-01  6.2238E-01  1.3096E+00  0.0000E+00  5.4335E-01  5.4328E-01 -5.1903E+02 -5.1896E+02
  4.0062E-01  6.8000E-01  6.2491E-01  8.4440E-01  0.0000E+00  5.4176E-01  5.4170E-01 -3.4126E+02 -3.4122E+02
  4.0294E-01  6.9000E-01  6.2666E-01  5.8344E-01  0.0000E+00  5.4077E-01  5.4071E-01 -1.9723E+02 -1.9720E+02
  4.0527E-01  7.0000E-01  6.2804E-01  4.6194E-01  0.0000E+00  5.4026E-01  5.4019E-01 -8.5132E+01 -8.5121E+01
  4.0759E-01  7.1000E-01  6.2906E-01  3.4031E-01  0.0000E+00  5.4010E-01  5.4004E-01 -4.8603E+00 -4.8588E+00
  4.0992E-01  7.2000E-01  6.2972E-01  2.2029E-01  0.0000E+00  5.4018E-01  5.4012E-01  4.4091E+01  4.4087E+01
  4.1225E-01  7.3000E-01  6.3018E-01  1.5384E-01  0.0000E+00  5.4041E-01  5.4034E-01  7.6147E+01  7.6138E+01
  4.1458E-01  7.4000E-01  6.3056E-01  1.2570E-01  0.0000E+00  5.4074E-01  5.4067E-01  1.0161E+02  1.0160E+02
  4.1691E-01  7.5000E-01  6.3085E-01  9.7552E-02  0.0000E+00  5.4115E-01  5.4109E-01  1.2048E+02  1.2046E+02
  4.1924E-01  7.6000E-01  6.3106E-01  6.9731E-02  0.0000E+00  5.4162E-01  5.4155E-01  1.3282E+02  1.3281E+02
  4.2157E-01  7.7000E-01  6.3122E-01  5.3098E-02  0.0000E+00  5.4213E-01  5.4206E-01  1.4147E+02  1.4146E+02
  4.2390E-01  7.8000E-01  6.3135E-01  4.4653E-02  0.0000E+00  5.4266E-01  5.4260E-01  1.4850E+02  1.4848E+02
  4.2623E-01  7.9000E-01  6.3146E-01  3.6207E-02  0.0000E+00  5.4322E-01  5.4316E-01  1.5390E+02  1.5388E+02
  4.2856E-01  8.0000E-01  6.3155E-01  2.7850E-02  0.0000E+00  5.4380E-01  5.4373E-01  1.5769E+02  1.5767E+02
  4.3089E-01  8.1000E-01  6.3161E-01  2.2633E-02  0.0000E+00  5.4438E-01  5.4432E-01  1.6050E+02  1.6048E+02
  4.3322E-01  8.2000E-01  6.3167E-01  1.9752E-02  0.0000E+00  5.4498E-01  5.4491E-01  1.6280E+02  1.6278E+02
  4.3555E-01  8.3000E-01  6.3172E-01  1.6871E-02  0.0000E+00  5.4558E-01  5.4552E-01  1.6459E+02  1.6458E+02
  4.3788E-01  8.4000E-01  6.3177E-01  1.4022E-02  0.0000E+00  5.4619E-01  5.4613E-01  1.6588E+02  1.6586E+02
  4.4021E-01  8.5000E-01  6.3180E-01  1.2339E-02  0.0000E+00  5.4681E-01  5.4674E-01  1.6680E+02  1.6678E+02
  4.4254E-01  8.6000E-01  6.3184E-01  1.1536E-02  0.0000E+00  5.4742E-01  5.4736E-01  1.6745E+02  1.6743E+02
  4.4487E-01  8.7000E-01  6.3187E-01  1.0733E-02  0.0000E+00  5.4804E-01  5.4798E-01  1.6783E+02  1.6781E+02
  4.4700E-01  8.7912E-01  6.3189E-01  8.3649E-03  0.0000E+00  5.4861E-01  5.4854E-01  1.6795E+02  1.6793E+02
