# nurbs mesh created by Denis Andric
#
# 03-Dez-2019
#
 2 2 28 45 1
PATCH 1 
   1   1
   2   2
0.0000000   0.0000000   1.0000000   1.0000000   
0.0000000   0.0000000   1.0000000   1.0000000   
0.000000000000000   2.500000000000000   0.000000000000000   2.500000000000000   
0.000000000000000   0.000000000000000   4.000000000000000   4.000000000000000   
1.000000000000000   1.000000000000000   1.000000000000000   1.000000000000000   
PATCH 2 
   1   1
   2   2
0.0000000   0.0000000   1.0000000   1.0000000   
0.0000000   0.0000000   1.0000000   1.0000000   
2.500000000000000   4.500000000000000   2.500000000000000   4.500000000000000   
0.000000000000000   0.000000000000000   4.000000000000000   4.000000000000000   
1.000000000000000   1.000000000000000   1.000000000000000   1.000000000000000   
PATCH 3 
   1   1
   2   2
0.0000000   0.0000000   1.0000000   1.0000000   
0.0000000   0.0000000   1.0000000   1.0000000   
4.500000000000000   7.000000000000000   4.500000000000000   7.000000000000000   
0.000000000000000   0.000000000000000   4.000000000000000   4.000000000000000   
1.000000000000000   1.000000000000000   1.000000000000000   1.000000000000000   
PATCH 4 
   1   1
   2   2
0.0000000   0.0000000   1.0000000   1.0000000   
0.0000000   0.0000000   1.0000000   1.0000000   
7.000000000000000   10.000000000000000  7.000000000000000   10.000000000000000   
0.000000000000000   0.000000000000000   4.000000000000000   4.000000000000000   
1.000000000000000   1.000000000000000   1.000000000000000   1.000000000000000   
PATCH 5 
   1   1
   2   2
0.0000000   0.0000000   1.0000000   1.0000000   
0.0000000   0.0000000   1.0000000   1.0000000   
0.000000000000000   2.500000000000000   0.000000000000000   2.500000000000000   
4.000000000000000   4.000000000000000   6.000000000000000   6.000000000000000   
1.000000000000000   1.000000000000000   1.000000000000000   1.000000000000000   
PATCH 6 
   1   1
   2   2
0.0000000   0.0000000   1.0000000   1.0000000   
0.0000000   0.0000000   1.0000000   1.0000000   
2.500000000000000   4.500000000000000   2.500000000000000   4.500000000000000   
4.000000000000000   4.000000000000000   6.000000000000000   6.000000000000000   
1.000000000000000   1.000000000000000   1.000000000000000   1.000000000000000  
PATCH 7 
   1   1
   2   2
0.0000000   0.0000000   1.0000000   1.0000000   
0.0000000   0.0000000   1.0000000   1.0000000   
4.500000000000000   7.000000000000000   4.500000000000000   7.000000000000000   
4.000000000000000   4.000000000000000   6.000000000000000   6.000000000000000   
1.000000000000000   1.000000000000000   1.000000000000000   1.000000000000000   
PATCH 8 
   1   1
   2   2
0.0000000   0.0000000   1.0000000   1.0000000   
0.0000000   0.0000000   1.0000000   1.0000000   
7.000000000000000   10.000000000000000  7.000000000000000   10.000000000000000   
4.000000000000000   4.000000000000000   6.000000000000000   6.000000000000000   
1.000000000000000   1.000000000000000   1.000000000000000   1.000000000000000 
PATCH 9 
   1   1
   2   2
0.0000000   0.0000000   1.0000000   1.0000000   
0.0000000   0.0000000   1.0000000   1.0000000   
0.000000000000000   2.500000000000000   0.000000000000000   2.500000000000000  
6.000000000000000   6.000000000000000   7.500000000000000   7.500000000000000   
1.000000000000000   1.000000000000000   1.000000000000000   1.000000000000000   
PATCH 10 
   1   1
   2   2
0.0000000   0.0000000   1.0000000   1.0000000   
0.0000000   0.0000000   1.0000000   1.0000000   
2.500000000000000   4.500000000000000   2.500000000000000   4.500000000000000   
6.000000000000000   6.000000000000000   7.500000000000000   7.500000000000000   
1.000000000000000   1.000000000000000   1.000000000000000   1.000000000000000   
PATCH 11 
   1   1
   2   2
0.0000000   0.0000000   1.0000000   1.0000000   
0.0000000   0.0000000   1.0000000   1.0000000   
4.500000000000000   7.000000000000000   4.500000000000000   7.000000000000000   
6.000000000000000   6.000000000000000   7.500000000000000   7.500000000000000    
1.000000000000000   1.000000000000000   1.000000000000000   1.000000000000000   
PATCH 12 
   1   1
   2   2
0.0000000   0.0000000   1.0000000   1.0000000   
0.0000000   0.0000000   1.0000000   1.0000000   
7.000000000000000   10.000000000000000  7.000000000000000   10.000000000000000   
6.000000000000000   6.000000000000000   7.500000000000000   7.500000000000000   
1.000000000000000   1.000000000000000   1.000000000000000   1.000000000000000   
PATCH 13 
   1   1
   2   2
0.0000000   0.0000000   1.0000000   1.0000000   
0.0000000   0.0000000   1.0000000   1.0000000   
0.000000000000000   2.500000000000000   0.000000000000000   2.500000000000000   
7.500000000000000   7.500000000000000   8.000000000000000   8.000000000000000   
1.000000000000000   1.000000000000000   1.000000000000000   1.000000000000000   
PATCH 14 
   1   1
   2   2
0.0000000   0.0000000   1.0000000   1.0000000   
0.0000000   0.0000000   1.0000000   1.0000000   
2.500000000000000   4.500000000000000   2.500000000000000   4.500000000000000   
7.500000000000000   7.500000000000000   8.000000000000000   8.000000000000000   
1.000000000000000   1.000000000000000   1.000000000000000   1.000000000000000  
PATCH 15 
   1   1
   2   2
0.0000000   0.0000000   1.0000000   1.0000000   
0.0000000   0.0000000   1.0000000   1.0000000   
4.500000000000000   7.000000000000000   4.500000000000000   7.000000000000000   
7.500000000000000   7.500000000000000   8.000000000000000   8.000000000000000
1.000000000000000   1.000000000000000   1.000000000000000   1.000000000000000   
PATCH 16 
   1   1
   2   2
0.0000000   0.0000000   1.0000000   1.0000000   
0.0000000   0.0000000   1.0000000   1.0000000   
7.000000000000000   10.000000000000000  7.000000000000000   10.000000000000000   
7.500000000000000   7.500000000000000   8.000000000000000   8.000000000000000
1.000000000000000   1.000000000000000   1.000000000000000   1.000000000000000 
PATCH 17 
   1   1
   2   2
0.0000000   0.0000000   1.0000000   1.0000000   
0.0000000   0.0000000   1.0000000   1.0000000   
0.000000000000000   2.500000000000000   0.000000000000000   2.500000000000000   
8.000000000000000   8.000000000000000   8.500000000000000   8.500000000000000   
1.000000000000000   1.000000000000000   1.000000000000000   1.000000000000000   
PATCH 18 
   1   1
   2   2
0.0000000   0.0000000   1.0000000   1.0000000   
0.0000000   0.0000000   1.0000000   1.0000000   
2.500000000000000   4.500000000000000   2.500000000000000   4.500000000000000   
8.000000000000000   8.000000000000000   8.500000000000000   8.500000000000000   
1.000000000000000   1.000000000000000   1.000000000000000   1.000000000000000   
PATCH 19 
   1   1
   2   2
0.0000000   0.0000000   1.0000000   1.0000000   
0.0000000   0.0000000   1.0000000   1.0000000   
4.500000000000000   7.000000000000000   4.500000000000000   7.000000000000000   
8.000000000000000   8.000000000000000   8.500000000000000   8.500000000000000   
1.000000000000000   1.000000000000000   1.000000000000000   1.000000000000000   
PATCH 20 
   1   1
   2   2
0.0000000   0.0000000   1.0000000   1.0000000   
0.0000000   0.0000000   1.0000000   1.0000000   
7.000000000000000   10.000000000000000  7.000000000000000   10.000000000000000   
8.000000000000000   8.000000000000000   8.500000000000000   8.500000000000000   
1.000000000000000   1.000000000000000   1.000000000000000   1.000000000000000   
PATCH 21 
   1   1
   2   2
0.0000000   0.0000000   1.0000000   1.0000000   
0.0000000   0.0000000   1.0000000   1.0000000   
0.000000000000000   2.500000000000000   0.000000000000000   2.500000000000000   
8.500000000000000   8.500000000000000   9.000000000000000   9.000000000000000   
1.000000000000000   1.000000000000000   1.000000000000000   1.000000000000000   
PATCH 22 
   1   1
   2   2
0.0000000   0.0000000   1.0000000   1.0000000   
0.0000000   0.0000000   1.0000000   1.0000000   
2.500000000000000   4.500000000000000   2.500000000000000   4.500000000000000   
8.500000000000000   8.500000000000000   9.000000000000000   9.000000000000000   
1.000000000000000   1.000000000000000   1.000000000000000   1.000000000000000  
PATCH 23 
   1   1
   2   2
0.0000000   0.0000000   1.0000000   1.0000000   
0.0000000   0.0000000   1.0000000   1.0000000   
4.500000000000000   7.000000000000000   4.500000000000000   7.000000000000000   
8.500000000000000   8.500000000000000   9.000000000000000   9.000000000000000   
1.000000000000000   1.000000000000000   1.000000000000000   1.000000000000000   
PATCH 24 
   1   1
   2   2
0.0000000   0.0000000   1.0000000   1.0000000   
0.0000000   0.0000000   1.0000000   1.0000000   
7.000000000000000   10.000000000000000  7.000000000000000   10.000000000000000   
8.500000000000000   8.500000000000000   9.000000000000000   9.000000000000000   
1.000000000000000   1.000000000000000   1.000000000000000   1.000000000000000 
PATCH 25 
   1   1
   2   2
0.0000000   0.0000000   1.0000000   1.0000000   
0.0000000   0.0000000   1.0000000   1.0000000   
0.000000000000000   2.500000000000000   0.000000000000000   2.500000000000000   
9.000000000000000   9.000000000000000   10.000000000000000   10.000000000000000   
1.000000000000000   1.000000000000000   1.000000000000000   1.000000000000000   
PATCH 26 
   1   1
   2   2
0.0000000   0.0000000   1.0000000   1.0000000   
0.0000000   0.0000000   1.0000000   1.0000000   
2.500000000000000   4.500000000000000   2.500000000000000   4.500000000000000   
9.000000000000000   9.000000000000000   10.000000000000000   10.000000000000000   
1.000000000000000   1.000000000000000   1.000000000000000   1.000000000000000  
PATCH 27 
   1   1
   2   2
0.0000000   0.0000000   1.0000000   1.0000000   
0.0000000   0.0000000   1.0000000   1.0000000   
4.500000000000000   7.000000000000000   4.500000000000000   7.000000000000000   
9.000000000000000   9.000000000000000   10.000000000000000   10.000000000000000   
1.000000000000000   1.000000000000000   1.000000000000000   1.000000000000000   
PATCH 28 
   1   1
   2   2
0.0000000   0.0000000   1.0000000   1.0000000   
0.0000000   0.0000000   1.0000000   1.0000000   
7.000000000000000   10.000000000000000  7.000000000000000   10.000000000000000   
9.000000000000000   9.000000000000000   10.000000000000000  10.000000000000000   
1.000000000000000   1.000000000000000   1.000000000000000   1.000000000000000 
INTERFACE 1
1 2
2 1
1 
INTERFACE 2
2 2
3 1
1
INTERFACE 3
3 2
4 1
1
INTERFACE 4
5 2
6 1
1
INTERFACE 5
6 2
7 1
1
INTERFACE 6
7 2
8 1
1
INTERFACE 7
9 2
10 1
1
INTERFACE 8
10 2
11 1
1
INTERFACE 9
11 2
12 1
1
INTERFACE 10
13 2
14 1
1
INTERFACE 11
14 2
15 1
1
INTERFACE 12
15 2
16 1
1
INTERFACE 13
17 2
18 1
1
INTERFACE 14
18 2
19 1
1
INTERFACE 15
19 2
20 1
1
INTERFACE 16
21 2
22 1
1
INTERFACE 17
22 2 
23 1
1
INTERFACE 18
23 2
24 1
1
INTERFACE 19
25 2
26 1
1
INTERFACE 20
26 2
27 1
1
INTERFACE 21
27 2
28 1
1
INTERFACE 22
1 4
5 3
1
INTERFACE 23
5 4
9 3
1
INTERFACE 24
9 4
13 3
1
INTERFACE 25
13 4
17 3
1
INTERFACE 26
17 4
21 3
1
INTERFACE 27
21 4
25 3
1
INTERFACE 28
2 4
6 3
1
INTERFACE 29
6 4
10 3
1
INTERFACE 30
10 4
14 3
1
INTERFACE 31
14 4
18 3
1
INTERFACE 32
18 4
22 3
1
INTERFACE 33
22 4
26 3
1
INTERFACE 34
3 4
7 3
1
INTERFACE 35
7 4
11 3
1
INTERFACE 36
11 4
15 3
1
INTERFACE 37
15 4
19 3
1
INTERFACE 38
19 4
23 3
1
INTERFACE 39
23 4
27 3
1
INTERFACE 40
4 4 
8 3
1
INTERFACE 41
8 4
12 3
1
INTERFACE 42
12 4
16 3
1
INTERFACE 43
16 4
20 3
1
INTERFACE 44
20 4
24 3
1
INTERFACE 45
24 4
28 3
1
SUBDOMAIN 1 
1 2 3 4 5 6 7 8 9 10 11 12 13 14 15 16 17 18 19 20 21 22 23 24 25 26 27 28
BOUNDARY 1
22
1 3
2 3
3 3
4 3
4 2
8 2
12 2
16 2
20 2
24 2
28 2
28 4
27 4
26 4
25 4
25 1
21 1
17 1
13 1
9 1
5 1
1 1

