  1.1359E-07  0.0000E+00  2.9830E-04  7.4994E-01  2.7715E-01  1.0000E+00  4.2065E-06
  2.9384E-03  1.0010E-02  2.9865E-04  7.5007E-01  2.9264E-01  1.0160E+00  8.1650E-02
  6.0000E-03  2.0440E-02  2.9859E-04  7.5043E-01  3.3085E-01  1.0562E+00  1.5667E-01
  8.9358E-03  3.0440E-02  2.9818E-04  7.5099E-01  3.7784E-01  1.1146E+00  2.2074E-01
  1.2000E-02  4.0876E-02  2.9746E-04  7.5176E-01  4.3201E-01  1.1928E+00  2.8223E-01
  1.4936E-02  5.0876E-02  2.9661E-04  7.5267E-01  4.8739E-01  1.2810E+00  3.3919E-01
  1.8000E-02  6.1309E-02  2.9568E-04  7.5380E-01  5.4932E-01  1.3839E+00  4.0002E-01
  2.0937E-02  7.1309E-02  2.9487E-04  7.5507E-01  6.1397E-01  1.4904E+00  4.6264E-01
  2.4000E-02  8.1737E-02  2.9417E-04  7.5659E-01  6.8815E-01  1.6072E+00  5.3479E-01
  2.6938E-02  9.1737E-02  2.9370E-04  7.5828E-01  7.6637E-01  1.7217E+00  6.1181E-01
  3.0000E-02  1.0216E-01  2.9342E-04  7.6028E-01  8.5624E-01  1.8445E+00  7.0105E-01
  3.2938E-02  1.1216E-01  2.9337E-04  7.6248E-01  9.5017E-01  1.9645E+00  7.9485E-01
  3.6000E-02  1.2258E-01  2.9351E-04  7.6507E-01  1.0550E+00  2.0910E+00  8.9984E-01
  3.8939E-02  1.3258E-01  2.9374E-04  7.6787E-01  1.1607E+00  2.2131E+00  1.0059E+00
  4.2000E-02  1.4299E-01  2.9400E-04  7.7112E-01  1.2746E+00  2.3409E+00  1.1198E+00
  4.4940E-02  1.5299E-01  2.9422E-04  7.7458E-01  1.3856E+00  2.4642E+00  1.2306E+00
  4.8000E-02  1.6340E-01  2.9436E-04  7.7852E-01  1.5009E+00  2.5918E+00  1.3454E+00
  5.0940E-02  1.7340E-01  2.9436E-04  7.8263E-01  1.6097E+00  2.7130E+00  1.4536E+00
  5.4000E-02  1.8381E-01  2.9418E-04  7.8725E-01  1.7203E+00  2.8392E+00  1.5630E+00
  5.6940E-02  1.9381E-01  2.9382E-04  7.9200E-01  1.8232E+00  2.9606E+00  1.6644E+00
  6.0000E-02  2.0422E-01  2.9322E-04  7.9724E-01  1.9256E+00  3.0844E+00  1.7650E+00
  6.2940E-02  2.1422E-01  2.9230E-04  8.0257E-01  2.0194E+00  3.2010E+00  1.8571E+00
  6.6000E-02  2.2462E-01  2.9099E-04  8.0839E-01  2.1131E+00  3.3222E+00  1.9488E+00
  6.8940E-02  2.3462E-01  2.8940E-04  8.1425E-01  2.1997E+00  3.4385E+00  2.0333E+00
  7.2000E-02  2.4503E-01  2.8740E-04  8.2060E-01  2.2859E+00  3.5560E+00  2.1176E+00
  7.4940E-02  2.5503E-01  2.8505E-04  8.2694E-01  2.3657E+00  3.6667E+00  2.1956E+00
  7.8000E-02  2.6543E-01  2.8218E-04  8.3378E-01  2.4464E+00  3.7816E+00  2.2745E+00
  8.0940E-02  2.7543E-01  2.7902E-04  8.4057E-01  2.5220E+00  3.8916E+00  2.3485E+00
  8.4000E-02  2.8584E-01  2.7533E-04  8.4787E-01  2.5987E+00  4.0026E+00  2.4236E+00
  8.6940E-02  2.9584E-01  2.7143E-04  8.5510E-01  2.6708E+00  4.1077E+00  2.4946E+00
  9.0000E-02  3.0624E-01  2.6701E-04  8.6285E-01  2.7448E+00  4.2166E+00  2.5675E+00
  9.2940E-02  3.1624E-01  2.6243E-04  8.7050E-01  2.8150E+00  4.3207E+00  2.6368E+00
  9.6000E-02  3.2665E-01  2.5729E-04  8.7867E-01  2.8861E+00  4.4242E+00  2.7074E+00
  9.8940E-02  3.3665E-01  2.5194E-04  8.8673E-01  2.9536E+00  4.5220E+00  2.7746E+00
  1.0200E-01  3.4705E-01  2.4595E-04  8.9532E-01  3.0231E+00  4.6234E+00  2.8439E+00
  1.0494E-01  3.5705E-01  2.3980E-04  9.0378E-01  3.0893E+00  4.7202E+00  2.9100E+00
  1.0800E-01  3.6746E-01  2.3304E-04  9.1279E-01  3.1567E+00  4.8164E+00  2.9777E+00
  1.1094E-01  3.7746E-01  2.2626E-04  9.2164E-01  3.2207E+00  4.9078E+00  3.0422E+00
  1.1400E-01  3.8786E-01  2.1891E-04  9.3105E-01  3.2868E+00  5.0024E+00  3.1088E+00
  1.1694E-01  3.9786E-01  2.1157E-04  9.4028E-01  3.3497E+00  5.0927E+00  3.1724E+00
  1.2000E-01  4.0827E-01  2.0368E-04  9.5008E-01  3.4136E+00  5.1816E+00  3.2373E+00
  1.2294E-01  4.1827E-01  1.9586E-04  9.5969E-01  3.4745E+00  5.2663E+00  3.2993E+00
  1.2600E-01  4.2867E-01  1.8748E-04  9.6988E-01  3.5373E+00  5.3539E+00  3.3632E+00
  1.2894E-01  4.3867E-01  1.7922E-04  9.7986E-01  3.5969E+00  5.4370E+00  3.4240E+00
  1.3200E-01  4.4908E-01  1.7028E-04  9.9043E-01  3.6573E+00  5.5183E+00  3.4859E+00
  1.3494E-01  4.5908E-01  1.6132E-04  1.0008E+00  3.7147E+00  5.5957E+00  3.5449E+00
  1.3800E-01  4.6948E-01  1.5162E-04  1.0117E+00  3.7739E+00  5.6757E+00  3.6058E+00
  1.4094E-01  4.7948E-01  1.4194E-04  1.0224E+00  3.8300E+00  5.7506E+00  3.6635E+00
  1.4400E-01  4.8989E-01  1.3151E-04  1.0337E+00  3.8866E+00  5.8222E+00  3.7222E+00
  1.4694E-01  4.9989E-01  1.2114E-04  1.0447E+00  3.9405E+00  5.8905E+00  3.7781E+00
  1.5000E-01  5.1029E-01  1.1002E-04  1.0564E+00  3.9960E+00  5.9608E+00  3.8357E+00
  1.5294E-01  5.2029E-01  9.9017E-05  1.0677E+00  4.0485E+00  6.0265E+00  3.8903E+00
  1.5600E-01  5.3070E-01  8.7352E-05  1.0797E+00  4.1021E+00  6.0908E+00  3.9463E+00
  1.5894E-01  5.4070E-01  7.5971E-05  1.0914E+00  4.1531E+00  6.1520E+00  3.9994E+00
  1.6200E-01  5.5110E-01  6.3960E-05  1.1037E+00  4.2055E+00  6.2150E+00  4.0542E+00
  1.6494E-01  5.6110E-01  5.2256E-05  1.1157E+00  4.2552E+00  6.2736E+00  4.1062E+00
  1.6800E-01  5.7151E-01  3.9890E-05  1.1283E+00  4.3060E+00  6.3317E+00  4.1594E+00
  1.7094E-01  5.8151E-01  2.7824E-05  1.1406E+00  4.3543E+00  6.3869E+00  4.2100E+00
  1.7400E-01  5.9191E-01  1.5085E-05  1.1536E+00  4.4039E+00  6.4437E+00  4.2620E+00
  1.7694E-01  6.0191E-01  2.6663E-06  1.1662E+00  4.4510E+00  6.4964E+00  4.3114E+00
  1.8000E-01  6.1232E-01 -1.0440E-05  1.1795E+00  4.4992E+00  6.5493E+00  4.3621E+00
  1.8294E-01  6.2232E-01 -2.3209E-05  1.1924E+00  4.5451E+00  6.5995E+00  4.4103E+00
  1.8600E-01  6.3272E-01 -3.6670E-05  1.2059E+00  4.5923E+00  6.6511E+00  4.4599E+00
  1.8894E-01  6.4272E-01 -4.9787E-05  1.2191E+00  4.6369E+00  6.6971E+00  4.5068E+00
  1.9200E-01  6.5313E-01 -6.3683E-05  1.2330E+00  4.6826E+00  6.7422E+00  4.5551E+00
  1.9494E-01  6.6313E-01 -7.7278E-05  1.2464E+00  4.7261E+00  6.7851E+00  4.6009E+00
  1.9800E-01  6.7353E-01 -9.1665E-05  1.2606E+00  4.7709E+00  6.8292E+00  4.6481E+00
  2.0094E-01  6.8353E-01 -1.0572E-04  1.2743E+00  4.8129E+00  6.8686E+00  4.6925E+00
  2.0400E-01  6.9394E-01 -1.2058E-04  1.2887E+00  4.8561E+00  6.9081E+00  4.7380E+00
  2.0694E-01  7.0394E-01 -1.3507E-04  1.3027E+00  4.8970E+00  6.9455E+00  4.7813E+00
  2.1000E-01  7.1434E-01 -1.5037E-04  1.3174E+00  4.9392E+00  6.9839E+00  4.8258E+00
  2.1294E-01  7.2434E-01 -1.6530E-04  1.3317E+00  4.9789E+00  7.0184E+00  4.8678E+00
  2.1600E-01  7.3475E-01 -1.8113E-04  1.3466E+00  5.0198E+00  7.0531E+00  4.9109E+00
  2.1894E-01  7.4475E-01 -1.9662E-04  1.3611E+00  5.0586E+00  7.0861E+00  4.9519E+00
  2.2200E-01  7.5515E-01 -2.1303E-04  1.3763E+00  5.0985E+00  7.1198E+00  4.9940E+00
  2.2494E-01  7.6515E-01 -2.2902E-04  1.3911E+00  5.1358E+00  7.1491E+00  5.0335E+00
  2.2800E-01  7.7556E-01 -2.4585E-04  1.4065E+00  5.1741E+00  7.1788E+00  5.0740E+00
  2.3094E-01  7.8556E-01 -2.6220E-04  1.4215E+00  5.2106E+00  7.2068E+00  5.1125E+00
  2.3400E-01  7.9596E-01 -2.7938E-04  1.4372E+00  5.2481E+00  7.2356E+00  5.1521E+00
  2.3694E-01  8.0596E-01 -2.9608E-04  1.4524E+00  5.2831E+00  7.2603E+00  5.1891E+00
  2.4000E-01  8.1637E-01 -3.1367E-04  1.4683E+00  5.3192E+00  7.2856E+00  5.2272E+00
  2.4294E-01  8.2637E-01 -3.3077E-04  1.4838E+00  5.3535E+00  7.3096E+00  5.2634E+00
  2.4600E-01  8.3677E-01 -3.4876E-04  1.4999E+00  5.3887E+00  7.3340E+00  5.3006E+00
  2.4894E-01  8.4677E-01 -3.6624E-04  1.5156E+00  5.4221E+00  7.3550E+00  5.3359E+00
  2.5200E-01  8.5718E-01 -3.8462E-04  1.5319E+00  5.4565E+00  7.3766E+00  5.3721E+00
  2.5494E-01  8.6718E-01 -4.0247E-04  1.5478E+00  5.4891E+00  7.3969E+00  5.4065E+00
  2.5800E-01  8.7758E-01 -4.2122E-04  1.5644E+00  5.5226E+00  7.4174E+00  5.4419E+00
  2.6094E-01  8.8758E-01 -4.3942E-04  1.5804E+00  5.5543E+00  7.4351E+00  5.4752E+00
  2.6400E-01  8.9799E-01 -4.5856E-04  1.5972E+00  5.5868E+00  7.4530E+00  5.5096E+00
  2.6694E-01  9.0799E-01 -4.7712E-04  1.6135E+00  5.6178E+00  7.4700E+00  5.5422E+00
  2.7000E-01  9.1839E-01 -4.9663E-04  1.6305E+00  5.6496E+00  7.4869E+00  5.5756E+00
  2.7294E-01  9.2839E-01 -5.1559E-04  1.6469E+00  5.6796E+00  7.5014E+00  5.6072E+00
  2.7600E-01  9.3880E-01 -5.3556E-04  1.6641E+00  5.7106E+00  7.5162E+00  5.6398E+00
  2.7894E-01  9.4880E-01 -5.5500E-04  1.6807E+00  5.7399E+00  7.5302E+00  5.6707E+00
  2.8200E-01  9.5920E-01 -5.7546E-04  1.6981E+00  5.7700E+00  7.5433E+00  5.7023E+00
  2.8494E-01  9.6920E-01 -5.9535E-04  1.7149E+00  5.7984E+00  7.5537E+00  5.7322E+00
  2.8800E-01  9.7961E-01 -6.1628E-04  1.7325E+00  5.8276E+00  7.5642E+00  5.7628E+00
  2.9094E-01  9.8961E-01 -6.3662E-04  1.7495E+00  5.8554E+00  7.5741E+00  5.7920E+00
  2.9400E-01  1.0000E+00 -6.5801E-04  1.7673E+00  5.8839E+00  7.5836E+00  5.8219E+00
  2.9694E-01  1.0100E+00 -6.7881E-04  1.7844E+00  5.9109E+00  7.5917E+00  5.8503E+00
  3.0000E-01  1.0204E+00 -7.0068E-04  1.8024E+00  5.9387E+00  7.6000E+00  5.8795E+00
  3.0294E-01  1.0304E+00 -7.2192E-04  1.8197E+00  5.9652E+00  7.6077E+00  5.9072E+00
  3.0600E-01  1.0408E+00 -7.4426E-04  1.8378E+00  5.9923E+00  7.6148E+00  5.9356E+00
  3.0894E-01  1.0508E+00 -7.6595E-04  1.8553E+00  6.0179E+00  7.6207E+00  5.9625E+00
  3.1200E-01  1.0612E+00 -7.8874E-04  1.8736E+00  6.0443E+00  7.6266E+00  5.9901E+00
  3.1494E-01  1.0712E+00 -8.1086E-04  1.8912E+00  6.0694E+00  7.6321E+00  6.0163E+00
  3.1800E-01  1.0816E+00 -8.3409E-04  1.9097E+00  6.0950E+00  7.6358E+00  6.0431E+00
  3.2094E-01  1.0916E+00 -8.5660E-04  1.9275E+00  6.1191E+00  7.6381E+00  6.0684E+00
  3.2400E-01  1.1020E+00 -8.8020E-04  1.9461E+00  6.1441E+00  7.6403E+00  6.0945E+00
  3.2694E-01  1.1120E+00 -9.0305E-04  1.9640E+00  6.1677E+00  7.6423E+00  6.1192E+00
  3.3000E-01  1.1224E+00 -9.2700E-04  1.9828E+00  6.1919E+00  7.6435E+00  6.1445E+00
  3.3294E-01  1.1324E+00 -9.5017E-04  2.0009E+00  6.2149E+00  7.6442E+00  6.1684E+00
  3.3600E-01  1.1428E+00 -9.7444E-04  2.0198E+00  6.2385E+00  7.6449E+00  6.1931E+00
  3.3894E-01  1.1528E+00 -9.9790E-04  2.0380E+00  6.2609E+00  7.6453E+00  6.2165E+00
  3.4200E-01  1.1633E+00 -1.0225E-03  2.0571E+00  6.2839E+00  7.6443E+00  6.2405E+00
  3.4494E-01  1.1733E+00 -1.0463E-03  2.0755E+00  6.3058E+00  7.6429E+00  6.2633E+00
  3.4800E-01  1.1837E+00 -1.0712E-03  2.0947E+00  6.3283E+00  7.6413E+00  6.2867E+00
  3.5094E-01  1.1937E+00 -1.0953E-03  2.1132E+00  6.3497E+00  7.6397E+00  6.3090E+00
  3.5400E-01  1.2041E+00 -1.1206E-03  2.1325E+00  6.3717E+00  7.6378E+00  6.3319E+00
  3.5694E-01  1.2141E+00 -1.1451E-03  2.1512E+00  6.3926E+00  7.6358E+00  6.3537E+00
  3.6000E-01  1.2245E+00 -1.1707E-03  2.1706E+00  6.4142E+00  7.6338E+00  6.3761E+00
  3.6294E-01  1.2345E+00 -1.1955E-03  2.1894E+00  6.4347E+00  7.6317E+00  6.3974E+00
  3.6600E-01  1.2449E+00 -1.2215E-03  2.2090E+00  6.4556E+00  7.6275E+00  6.4192E+00
  3.6894E-01  1.2549E+00 -1.2466E-03  2.2279E+00  6.4756E+00  7.6233E+00  6.4399E+00
  3.7200E-01  1.2653E+00 -1.2730E-03  2.2476E+00  6.4961E+00  7.6190E+00  6.4612E+00
  3.7494E-01  1.2753E+00 -1.2984E-03  2.2667E+00  6.5156E+00  7.6146E+00  6.4814E+00
  3.7800E-01  1.2857E+00 -1.3251E-03  2.2865E+00  6.5356E+00  7.6086E+00  6.5022E+00
  3.8094E-01  1.2957E+00 -1.3509E-03  2.3057E+00  6.5546E+00  7.6028E+00  6.5219E+00
  3.8400E-01  1.3061E+00 -1.3779E-03  2.3257E+00  6.5742E+00  7.5967E+00  6.5422E+00
  3.8694E-01  1.3161E+00 -1.4039E-03  2.3449E+00  6.5929E+00  7.5908E+00  6.5615E+00
  3.9000E-01  1.3265E+00 -1.4312E-03  2.3650E+00  6.6120E+00  7.5843E+00  6.5813E+00
  3.9294E-01  1.3365E+00 -1.4577E-03  2.3844E+00  6.6302E+00  7.5781E+00  6.6002E+00
  3.9600E-01  1.3469E+00 -1.4854E-03  2.4046E+00  6.6490E+00  7.5715E+00  6.6196E+00
  3.9894E-01  1.3569E+00 -1.5123E-03  2.4241E+00  6.6668E+00  7.5649E+00  6.6380E+00
  4.0200E-01  1.3673E+00 -1.5404E-03  2.4444E+00  6.6850E+00  7.5570E+00  6.6568E+00
  4.0494E-01  1.3773E+00 -1.5677E-03  2.4640E+00  6.7023E+00  7.5494E+00  6.6746E+00
  4.0800E-01  1.3877E+00 -1.5963E-03  2.4845E+00  6.7201E+00  7.5415E+00  6.6930E+00
  4.1094E-01  1.3977E+00 -1.6239E-03  2.5042E+00  6.7370E+00  7.5337E+00  6.7105E+00
  4.1400E-01  1.4081E+00 -1.6529E-03  2.5247E+00  6.7544E+00  7.5253E+00  6.7285E+00
  4.1694E-01  1.4181E+00 -1.6810E-03  2.5445E+00  6.7710E+00  7.5172E+00  6.7456E+00
  4.2000E-01  1.4285E+00 -1.7106E-03  2.5652E+00  6.7881E+00  7.5089E+00  6.7632E+00
  4.2294E-01  1.4385E+00 -1.7392E-03  2.5851E+00  6.8043E+00  7.5004E+00  6.7799E+00
  4.2600E-01  1.4489E+00 -1.7693E-03  2.6059E+00  6.8210E+00  7.4911E+00  6.7971E+00
  4.2894E-01  1.4589E+00 -1.7985E-03  2.6259E+00  6.8368E+00  7.4822E+00  6.8134E+00
  4.3200E-01  1.4693E+00 -1.8291E-03  2.6468E+00  6.8531E+00  7.4729E+00  6.8302E+00
  4.3494E-01  1.4793E+00 -1.8588E-03  2.6669E+00  6.8686E+00  7.4638E+00  6.8461E+00
  4.3800E-01  1.4897E+00 -1.8899E-03  2.6878E+00  6.8845E+00  7.4540E+00  6.8625E+00
  4.4094E-01  1.4997E+00 -1.9200E-03  2.7080E+00  6.8997E+00  7.4448E+00  6.8781E+00
  4.4400E-01  1.5101E+00 -1.9516E-03  2.7291E+00  6.9152E+00  7.4351E+00  6.8941E+00
  4.4694E-01  1.5201E+00 -1.9823E-03  2.7494E+00  6.9301E+00  7.4255E+00  6.9093E+00
  4.5000E-01  1.5305E+00 -2.0143E-03  2.7705E+00  6.9453E+00  7.4152E+00  6.9250E+00
  4.5294E-01  1.5405E+00 -2.0454E-03  2.7909E+00  6.9599E+00  7.4054E+00  6.9399E+00
  4.5600E-01  1.5510E+00 -2.0779E-03  2.8122E+00  6.9748E+00  7.3953E+00  6.9553E+00
  4.5894E-01  1.5610E+00 -2.1093E-03  2.8326E+00  6.9890E+00  7.3853E+00  6.9699E+00
  4.6200E-01  1.5714E+00 -2.1422E-03  2.8540E+00  7.0037E+00  7.3749E+00  6.9849E+00
  4.6494E-01  1.5814E+00 -2.1740E-03  2.8745E+00  7.0176E+00  7.3650E+00  6.9991E+00
  4.6800E-01  1.5918E+00 -2.2073E-03  2.8960E+00  7.0319E+00  7.3547E+00  7.0138E+00
  4.7094E-01  1.6018E+00 -2.2395E-03  2.9166E+00  7.0455E+00  7.3448E+00  7.0278E+00
  4.7400E-01  1.6122E+00 -2.2732E-03  2.9381E+00  7.0595E+00  7.3346E+00  7.0421E+00
  4.7694E-01  1.6222E+00 -2.3057E-03  2.9589E+00  7.0729E+00  7.3248E+00  7.0558E+00
  4.8000E-01  1.6326E+00 -2.3397E-03  2.9805E+00  7.0866E+00  7.3148E+00  7.0699E+00
  4.8294E-01  1.6426E+00 -2.3725E-03  3.0013E+00  7.0996E+00  7.3042E+00  7.0832E+00
  4.8600E-01  1.6530E+00 -2.4069E-03  3.0230E+00  7.1130E+00  7.2933E+00  7.0969E+00
  4.8894E-01  1.6630E+00 -2.4401E-03  3.0438E+00  7.1257E+00  7.2829E+00  7.1099E+00
  4.9200E-01  1.6734E+00 -2.4749E-03  3.0656E+00  7.1389E+00  7.2721E+00  7.1234E+00
  4.9494E-01  1.6834E+00 -2.5084E-03  3.0866E+00  7.1514E+00  7.2615E+00  7.1361E+00
  4.9800E-01  1.6938E+00 -2.5436E-03  3.1084E+00  7.1642E+00  7.2506E+00  7.1492E+00
  5.0094E-01  1.7038E+00 -2.5775E-03  3.1295E+00  7.1764E+00  7.2402E+00  7.1618E+00
  5.0400E-01  1.7142E+00 -2.6130E-03  3.1514E+00  7.1890E+00  7.2293E+00  7.1746E+00
  5.0694E-01  1.7242E+00 -2.6474E-03  3.1725E+00  7.2010E+00  7.2183E+00  7.1869E+00
  5.1000E-01  1.7346E+00 -2.6833E-03  3.1945E+00  7.2134E+00  7.2070E+00  7.1995E+00
  5.1294E-01  1.7446E+00 -2.7180E-03  3.2157E+00  7.2251E+00  7.1962E+00  7.2115E+00
  5.1600E-01  1.7550E+00 -2.7543E-03  3.2378E+00  7.2372E+00  7.1851E+00  7.2238E+00
  5.1894E-01  1.7650E+00 -2.7893E-03  3.2590E+00  7.2488E+00  7.1745E+00  7.2356E+00
  5.2200E-01  1.7754E+00 -2.8260E-03  3.2812E+00  7.2607E+00  7.1636E+00  7.2477E+00
  5.2494E-01  1.7854E+00 -2.8615E-03  3.3025E+00  7.2720E+00  7.1533E+00  7.2593E+00
  5.2800E-01  1.7958E+00 -2.8985E-03  3.3247E+00  7.2837E+00  7.1426E+00  7.2712E+00
  5.3094E-01  1.8058E+00 -2.9344E-03  3.3461E+00  7.2948E+00  7.1322E+00  7.2826E+00
  5.3400E-01  1.8162E+00 -2.9718E-03  3.3684E+00  7.3063E+00  7.1215E+00  7.2942E+00
  5.3694E-01  1.8262E+00 -3.0080E-03  3.3899E+00  7.3172E+00  7.1114E+00  7.3054E+00
  5.4000E-01  1.8366E+00 -3.0458E-03  3.4122E+00  7.3285E+00  7.1009E+00  7.3168E+00
  5.4294E-01  1.8466E+00 -3.0823E-03  3.4338E+00  7.3392E+00  7.0909E+00  7.3277E+00
  5.4600E-01  1.8570E+00 -3.1205E-03  3.4562E+00  7.3502E+00  7.0806E+00  7.3390E+00
  5.4894E-01  1.8670E+00 -3.1574E-03  3.4778E+00  7.3607E+00  7.0708E+00  7.3497E+00
  5.5200E-01  1.8774E+00 -3.1959E-03  3.5003E+00  7.3715E+00  7.0605E+00  7.3607E+00
  5.5494E-01  1.8874E+00 -3.2331E-03  3.5219E+00  7.3818E+00  7.0504E+00  7.3711E+00
  5.5800E-01  1.8978E+00 -3.2719E-03  3.5445E+00  7.3924E+00  7.0401E+00  7.3819E+00
  5.6094E-01  1.9078E+00 -3.3094E-03  3.5662E+00  7.4025E+00  7.0303E+00  7.3922E+00
  5.6400E-01  1.9182E+00 -3.3486E-03  3.5889E+00  7.4129E+00  7.0202E+00  7.4028E+00
  5.6694E-01  1.9282E+00 -3.3864E-03  3.6106E+00  7.4229E+00  7.0108E+00  7.4129E+00
  5.7000E-01  1.9387E+00 -3.4258E-03  3.6333E+00  7.4331E+00  7.0010E+00  7.4233E+00
  5.7294E-01  1.9487E+00 -3.4639E-03  3.6552E+00  7.4428E+00  6.9918E+00  7.4332E+00
  5.7600E-01  1.9591E+00 -3.5037E-03  3.6779E+00  7.4529E+00  6.9822E+00  7.4434E+00
  5.7894E-01  1.9691E+00 -3.5420E-03  3.6998E+00  7.4625E+00  6.9731E+00  7.4531E+00
  5.8200E-01  1.9795E+00 -3.5821E-03  3.7226E+00  7.4724E+00  6.9638E+00  7.4631E+00
  5.8494E-01  1.9895E+00 -3.6207E-03  3.7446E+00  7.4818E+00  6.9549E+00  7.4727E+00
  5.8800E-01  1.9999E+00 -3.6610E-03  3.7675E+00  7.4914E+00  6.9457E+00  7.4825E+00
  5.9094E-01  2.0099E+00 -3.6999E-03  3.7895E+00  7.5007E+00  6.9369E+00  7.4919E+00
  5.9400E-01  2.0203E+00 -3.7405E-03  3.8124E+00  7.5102E+00  6.9279E+00  7.5015E+00
  5.9694E-01  2.0303E+00 -3.7796E-03  3.8345E+00  7.5193E+00  6.9193E+00  7.5107E+00
  6.0000E-01  2.0407E+00 -3.8205E-03  3.8575E+00  7.5286E+00  6.9110E+00  7.5202E+00
  6.0294E-01  2.0507E+00 -3.8599E-03  3.8796E+00  7.5385E+00  7.1971E+00  7.5296E+00
  6.0600E-01  2.0611E+00 -3.9009E-03  3.9026E+00  7.5477E+00  7.1893E+00  7.5389E+00
  6.0894E-01  2.0711E+00 -3.9404E-03  3.9248E+00  7.5565E+00  7.1817E+00  7.5478E+00
  6.1200E-01  2.0815E+00 -3.9817E-03  3.9479E+00  7.5655E+00  7.1740E+00  7.5569E+00
  6.1494E-01  2.0915E+00 -4.0214E-03  3.9702E+00  7.5740E+00  7.1670E+00  7.5656E+00
  6.1800E-01  2.1019E+00 -4.0628E-03  3.9933E+00  7.5829E+00  7.1597E+00  7.5745E+00
  6.2094E-01  2.1119E+00 -4.1027E-03  4.0156E+00  7.5913E+00  7.1527E+00  7.5831E+00
  6.2400E-01  2.1223E+00 -4.1443E-03  4.0388E+00  7.6000E+00  7.1457E+00  7.5919E+00
  6.2694E-01  2.1323E+00 -4.1844E-03  4.0611E+00  7.6083E+00  7.1392E+00  7.6003E+00
  6.3000E-01  2.1427E+00 -4.2262E-03  4.0844E+00  7.6169E+00  7.1325E+00  7.6090E+00
  6.3294E-01  2.1527E+00 -4.2664E-03  4.1068E+00  7.6251E+00  7.1260E+00  7.6173E+00
  6.3600E-01  2.1631E+00 -4.3084E-03  4.1301E+00  7.6335E+00  7.1190E+00  7.6258E+00
  6.3894E-01  2.1731E+00 -4.3488E-03  4.1525E+00  7.6415E+00  7.1125E+00  7.6339E+00
  6.4200E-01  2.1835E+00 -4.3909E-03  4.1759E+00  7.6498E+00  7.1055E+00  7.6423E+00
  6.4494E-01  2.1935E+00 -4.4315E-03  4.1984E+00  7.6576E+00  7.0991E+00  7.6503E+00
  6.4800E-01  2.2039E+00 -4.4738E-03  4.2218E+00  7.6658E+00  7.0925E+00  7.6585E+00
  6.5094E-01  2.2139E+00 -4.5144E-03  4.2443E+00  7.6735E+00  7.0860E+00  7.6664E+00
  6.5400E-01  2.2243E+00 -4.5568E-03  4.2678E+00  7.6815E+00  7.0794E+00  7.6745E+00
  6.5694E-01  2.2343E+00 -4.5977E-03  4.2903E+00  7.6892E+00  7.0735E+00  7.6822E+00
  6.6000E-01  2.2447E+00 -4.6402E-03  4.3139E+00  7.6970E+00  7.0676E+00  7.6901E+00
  6.6294E-01  2.2547E+00 -4.6811E-03  4.3365E+00  7.7045E+00  7.0618E+00  7.6977E+00
  6.6600E-01  2.2651E+00 -4.7237E-03  4.3600E+00  7.7122E+00  7.0562E+00  7.7055E+00
  6.6894E-01  2.2751E+00 -4.7648E-03  4.3827E+00  7.7196E+00  7.0510E+00  7.7130E+00
  6.7200E-01  2.2855E+00 -4.8075E-03  4.4063E+00  7.7272E+00  7.0452E+00  7.7206E+00
  6.7494E-01  2.2955E+00 -4.8487E-03  4.4290E+00  7.7344E+00  7.0398E+00  7.7280E+00
  6.7800E-01  2.3060E+00 -4.8916E-03  4.4527E+00  7.7419E+00  7.0348E+00  7.7355E+00
  6.8094E-01  2.3160E+00 -4.9328E-03  4.4754E+00  7.7490E+00  7.0299E+00  7.7427E+00
  6.8400E-01  2.3264E+00 -4.9758E-03  4.4991E+00  7.7563E+00  7.0246E+00  7.7502E+00
  6.8694E-01  2.3364E+00 -5.0172E-03  4.5219E+00  7.7634E+00  7.0202E+00  7.7573E+00
  6.9000E-01  2.3468E+00 -5.0603E-03  4.5456E+00  7.7706E+00  7.0159E+00  7.7646E+00
  6.9294E-01  2.3568E+00 -5.1017E-03  4.5685E+00  7.7775E+00  7.0112E+00  7.7715E+00
  6.9600E-01  2.3672E+00 -5.1449E-03  4.5923E+00  7.7846E+00  7.0066E+00  7.7787E+00
  6.9894E-01  2.3772E+00 -5.1864E-03  4.6151E+00  7.7914E+00  7.0030E+00  7.7856E+00
  7.0200E-01  2.3876E+00 -5.2296E-03  4.6390E+00  7.7984E+00  6.9987E+00  7.7926E+00
  7.0494E-01  2.3976E+00 -5.2711E-03  4.6619E+00  7.8050E+00  6.9943E+00  7.7994E+00
  7.0800E-01  2.4080E+00 -5.3143E-03  4.6857E+00  7.8119E+00  6.9908E+00  7.8063E+00
  7.1094E-01  2.4180E+00 -5.3559E-03  4.7087E+00  7.8185E+00  6.9875E+00  7.8129E+00
  7.1400E-01  2.4284E+00 -5.3992E-03  4.7326E+00  7.8252E+00  6.9834E+00  7.8197E+00
  7.1694E-01  2.4384E+00 -5.4407E-03  4.7556E+00  7.8316E+00  6.9802E+00  7.8262E+00
  7.2000E-01  2.4488E+00 -5.4840E-03  4.7796E+00  7.8383E+00  6.9778E+00  7.8329E+00
  7.2294E-01  2.4588E+00 -5.5255E-03  4.8026E+00  7.8446E+00  6.9746E+00  7.8393E+00
  7.2600E-01  2.4692E+00 -5.5687E-03  4.8266E+00  7.8511E+00  6.9714E+00  7.8459E+00
  7.2894E-01  2.4792E+00 -5.6102E-03  4.8497E+00  7.8573E+00  6.9697E+00  7.8521E+00
  7.3200E-01  2.4896E+00 -5.6534E-03  4.8737E+00  7.8637E+00  6.9674E+00  7.8586E+00
  7.3494E-01  2.4996E+00 -5.6949E-03  4.8968E+00  7.8698E+00  6.9645E+00  7.8647E+00
  7.3800E-01  2.5100E+00 -5.7381E-03  4.9209E+00  7.8761E+00  6.9631E+00  7.8711E+00
  7.4094E-01  2.5200E+00 -5.7795E-03  4.9440E+00  7.8820E+00  6.9620E+00  7.8771E+00
  7.4400E-01  2.5304E+00 -5.8226E-03  4.9681E+00  7.8882E+00  6.9594E+00  7.8833E+00
  7.4694E-01  2.5404E+00 -5.8640E-03  4.9913E+00  7.8940E+00  6.9579E+00  7.8892E+00
  7.5000E-01  2.5508E+00 -5.9070E-03  5.0154E+00  7.9001E+00  6.9578E+00  7.8953E+00
  7.5294E-01  2.5608E+00 -5.9482E-03  5.0386E+00  7.9058E+00  6.9560E+00  7.9011E+00
  7.5600E-01  2.5712E+00 -5.9911E-03  5.0628E+00  7.9117E+00  6.9541E+00  7.9070E+00
  7.5894E-01  2.5812E+00 -6.0322E-03  5.0861E+00  7.9173E+00  6.9546E+00  7.9127E+00
  7.6200E-01  2.5916E+00 -6.0749E-03  5.1103E+00  7.9231E+00  6.9542E+00  7.9185E+00
  7.6494E-01  2.6016E+00 -6.1159E-03  5.1336E+00  7.9286E+00  6.9523E+00  7.9240E+00
  7.6800E-01  2.6120E+00 -6.1584E-03  5.1578E+00  7.9343E+00  6.9529E+00  7.9297E+00
  7.7094E-01  2.6220E+00 -6.1991E-03  5.1811E+00  7.9396E+00  6.9540E+00  7.9352E+00
  7.7400E-01  2.6324E+00 -6.2414E-03  5.2054E+00  7.9452E+00  6.9528E+00  7.9407E+00
  7.7694E-01  2.6424E+00 -6.2820E-03  5.2287E+00  7.9504E+00  6.9532E+00  7.9460E+00
  7.8000E-01  2.6528E+00 -6.3240E-03  5.2530E+00  7.9558E+00  6.9557E+00  7.9515E+00
  7.8294E-01  2.6628E+00 -6.3643E-03  5.2764E+00  7.9609E+00  6.9557E+00  7.9566E+00
  7.8600E-01  2.6732E+00 -6.4060E-03  5.3008E+00  7.9662E+00  6.9557E+00  7.9619E+00
  7.8894E-01  2.6832E+00 -6.4460E-03  5.3242E+00  7.9711E+00  6.9589E+00  7.9669E+00
  7.9200E-01  2.6937E+00 -6.4874E-03  5.3485E+00  7.9762E+00  6.9604E+00  7.9721E+00
  7.9494E-01  2.7037E+00 -6.5270E-03  5.3720E+00  7.9811E+00  6.9602E+00  7.9769E+00
  7.9800E-01  2.7141E+00 -6.5680E-03  5.3964E+00  7.9860E+00  6.9643E+00  7.9819E+00
  8.0094E-01  2.7241E+00 -6.6073E-03  5.4198E+00  7.9907E+00  6.9680E+00  7.9866E+00
  8.0400E-01  2.7345E+00 -6.6478E-03  5.4443E+00  7.9955E+00  6.9683E+00  7.9914E+00
  8.0694E-01  2.7445E+00 -6.6865E-03  5.4678E+00  8.0000E+00  6.9719E+00  7.9960E+00
  8.1000E-01  2.7549E+00 -6.7266E-03  5.4922E+00  8.0046E+00  6.9781E+00  8.0006E+00
  8.1294E-01  2.7649E+00 -6.7648E-03  5.5157E+00  8.0089E+00  6.9795E+00  8.0050E+00
  8.1600E-01  2.7753E+00 -6.8043E-03  5.5402E+00  8.0134E+00  6.9830E+00  8.0095E+00
  8.1894E-01  2.7853E+00 -6.8419E-03  5.5638E+00  8.0175E+00  6.9910E+00  8.0137E+00
  8.2200E-01  2.7957E+00 -6.8808E-03  5.5883E+00  8.0218E+00  6.9946E+00  8.0179E+00
  8.2494E-01  2.8057E+00 -6.9178E-03  5.6118E+00  8.0257E+00  6.9974E+00  8.0219E+00
  8.2800E-01  2.8161E+00 -6.9560E-03  5.6364E+00  8.0298E+00  7.0074E+00  8.0260E+00
  8.3094E-01  2.8261E+00 -6.9923E-03  5.6600E+00  8.0335E+00  7.0139E+00  8.0297E+00
  8.3400E-01  2.8365E+00 -7.0297E-03  5.6845E+00  8.0373E+00  7.0165E+00  8.0335E+00
  8.3694E-01  2.8465E+00 -7.0653E-03  5.7081E+00  8.0408E+00  7.0268E+00  8.0371E+00
  8.4000E-01  2.8569E+00 -7.1018E-03  5.7327E+00  8.0443E+00  7.0373E+00  8.0406E+00
  8.4294E-01  2.8669E+00 -7.1365E-03  5.7563E+00  8.0475E+00  7.0402E+00  8.0438E+00
  8.4600E-01  2.8773E+00 -7.1722E-03  5.7809E+00  8.0507E+00  7.0510E+00  8.0471E+00
  8.4894E-01  2.8873E+00 -7.2059E-03  5.8046E+00  8.0537E+00  7.0654E+00  8.0500E+00
  8.5200E-01  2.8977E+00 -7.2406E-03  5.8292E+00  8.0565E+00  7.0704E+00  8.0529E+00
  8.5494E-01  2.9077E+00 -7.2733E-03  5.8528E+00  8.0591E+00  7.0795E+00  8.0555E+00
  8.5800E-01  2.9181E+00 -7.3068E-03  5.8774E+00  8.0616E+00  7.0980E+00  8.0581E+00
  8.6094E-01  2.9281E+00 -7.3384E-03  5.9011E+00  8.0638E+00  7.1059E+00  8.0603E+00
  8.6400E-01  2.9385E+00 -7.3707E-03  5.9258E+00  8.0659E+00  7.1156E+00  8.0624E+00
  8.6694E-01  2.9485E+00 -7.4010E-03  5.9494E+00  8.0677E+00  7.1378E+00  8.0642E+00
  8.7000E-01  2.9589E+00 -7.4320E-03  5.9741E+00  8.0693E+00  7.1509E+00  8.0658E+00
  8.7294E-01  2.9689E+00 -7.4609E-03  5.9978E+00  8.0706E+00  7.1596E+00  8.0671E+00
  8.7600E-01  2.9793E+00 -7.4904E-03  6.0224E+00  8.0717E+00  7.1862E+00  8.0682E+00
  8.7894E-01  2.9893E+00 -7.5179E-03  6.0461E+00  8.0724E+00  7.2058E+00  8.0690E+00
  8.8200E-01  2.9997E+00 -7.5457E-03  6.0708E+00  8.0729E+00  7.2159E+00  8.0694E+00
  8.8494E-01  3.0097E+00 -7.5715E-03  6.0945E+00  8.0730E+00  7.2464E+00  8.0695E+00
  8.8800E-01  3.0201E+00 -7.5975E-03  6.1191E+00  8.0727E+00  7.2771E+00  8.0693E+00
  8.9094E-01  3.0301E+00 -7.6216E-03  6.1428E+00  8.0720E+00  7.2877E+00  8.0686E+00
  8.9400E-01  3.0405E+00 -7.6456E-03  6.1674E+00  8.0710E+00  7.3213E+00  8.0675E+00
  8.9694E-01  3.0505E+00 -7.6676E-03  6.1911E+00  8.0695E+00  7.3618E+00  8.0660E+00
  9.0000E-01  3.0610E+00 -7.6894E-03  6.2157E+00  8.0674E+00  7.3777E+00  8.0639E+00
  9.0294E-01  3.0710E+00 -7.7092E-03  6.2394E+00  8.0649E+00  7.4108E+00  8.0615E+00
  9.0600E-01  3.0814E+00 -7.7286E-03  6.2640E+00  8.0617E+00  7.4654E+00  8.0583E+00
  9.0894E-01  3.0914E+00 -7.7460E-03  6.2877E+00  8.0580E+00  7.4876E+00  8.0546E+00
  9.1200E-01  3.1018E+00 -7.7627E-03  6.3122E+00  8.0536E+00  7.5218E+00  8.0501E+00
  9.1494E-01  3.1118E+00 -7.7774E-03  6.3358E+00  8.0486E+00  7.5861E+00  8.0451E+00
  9.1800E-01  3.1222E+00 -7.7912E-03  6.3604E+00  8.0425E+00  7.6209E+00  8.0390E+00
  9.2094E-01  3.1322E+00 -7.8030E-03  6.3840E+00  8.0360E+00  7.6580E+00  8.0324E+00
  9.2400E-01  3.1426E+00 -7.8136E-03  6.4085E+00  8.0282E+00  7.7415E+00  8.0246E+00
  9.2694E-01  3.1526E+00 -7.8222E-03  6.4320E+00  8.0198E+00  7.7978E+00  8.0162E+00
  9.3000E-01  3.1630E+00 -7.8293E-03  6.4564E+00  8.0100E+00  7.8823E+00  8.0064E+00
  9.3294E-01  3.1730E+00 -7.8344E-03  6.4799E+00  7.9996E+00  8.0428E+00  7.9958E+00
  9.3600E-01  3.1834E+00 -7.8376E-03  6.5042E+00  7.9873E+00  8.1351E+00  7.9834E+00
  9.3894E-01  3.1934E+00 -7.8383E-03  6.5276E+00  7.9740E+00  8.1641E+00  7.9702E+00
  9.4200E-01  3.2038E+00 -7.8368E-03  6.5519E+00  7.9588E+00  8.2797E+00  7.9549E+00
  9.4494E-01  3.2138E+00 -7.8331E-03  6.5752E+00  7.9424E+00  8.3721E+00  7.9384E+00
  9.4800E-01  3.2242E+00 -7.8266E-03  6.5993E+00  7.9235E+00  8.4074E+00  7.9195E+00
  9.5094E-01  3.2342E+00 -7.8179E-03  6.6225E+00  7.9035E+00  8.5090E+00  7.8994E+00
  9.5400E-01  3.2446E+00 -7.8062E-03  6.6465E+00  7.8806E+00  8.6245E+00  7.8764E+00
  9.5694E-01  3.2546E+00 -7.7923E-03  6.6695E+00  7.8564E+00  8.7491E+00  7.8521E+00
  9.6000E-01  3.2650E+00 -7.7751E-03  6.6934E+00  7.8289E+00  9.0441E+00  7.8243E+00
  9.6294E-01  3.2750E+00 -7.7554E-03  6.7163E+00  7.7997E+00  9.2698E+00  7.7949E+00
  9.6600E-01  3.2854E+00 -7.7312E-03  6.7399E+00  7.7661E+00  9.3169E+00  7.7612E+00
  9.6894E-01  3.2954E+00 -7.7047E-03  6.7626E+00  7.7307E+00  9.4363E+00  7.7258E+00
  9.7200E-01  3.3058E+00 -7.6734E-03  6.7860E+00  7.6904E+00  9.6047E+00  7.6853E+00
  9.7494E-01  3.3158E+00 -7.6398E-03  6.8084E+00  7.6481E+00  9.7750E+00  7.6428E+00
  9.7800E-01  3.3262E+00 -7.6011E-03  6.8316E+00  7.6004E+00  1.0236E+01  7.5946E+00
  9.8094E-01  3.3362E+00 -7.5597E-03  6.8537E+00  7.5501E+00  1.0642E+01  7.5438E+00
  9.8400E-01  3.3466E+00 -7.5118E-03  6.8765E+00  7.4927E+00  1.0909E+01  7.4861E+00
  9.8694E-01  3.3566E+00 -7.4613E-03  6.8982E+00  7.4331E+00  1.1568E+01  7.4256E+00
  9.9000E-01  3.3671E+00 -7.4032E-03  6.9206E+00  7.3645E+00  1.2214E+01  7.3562E+00
  9.9294E-01  3.3771E+00 -7.3413E-03  6.9420E+00  7.2909E+00  1.2285E+01  7.2824E+00
  9.9600E-01  3.3875E+00 -7.2708E-03  6.9639E+00  7.2067E+00  1.2396E+01  7.1980E+00
  9.9894E-01  3.3975E+00 -7.1974E-03  6.9847E+00  7.1180E+00  1.2680E+01  7.1089E+00
  1.0020E+00  3.4079E+00 -7.1148E-03  7.0061E+00  7.0172E+00  1.3076E+01  7.0074E+00
  1.0049E+00  3.4179E+00 -7.0295E-03  7.0263E+00  6.9124E+00  1.4028E+01  6.9010E+00
  1.0080E+00  3.4283E+00 -6.9332E-03  7.0470E+00  6.7921E+00  1.4917E+01  6.7792E+00
  1.0109E+00  3.4383E+00 -6.8328E-03  7.0664E+00  6.6638E+00  1.5111E+01  6.6503E+00
  1.0140E+00  3.4487E+00 -6.7201E-03  7.0863E+00  6.5173E+00  1.5456E+01  6.5029E+00
  1.0169E+00  3.4587E+00 -6.6041E-03  7.1048E+00  6.3630E+00  1.5957E+01  6.3474E+00
  1.0200E+00  3.4691E+00 -6.4747E-03  7.1237E+00  6.1873E+00  1.6458E+01  6.1704E+00
  1.0229E+00  3.4791E+00 -6.3421E-03  7.1412E+00  6.0046E+00  1.7597E+01  5.9847E+00
  1.0260E+00  3.4895E+00 -6.1940E-03  7.1588E+00  5.7955E+00  1.8652E+01  5.7725E+00
  1.0289E+00  3.4995E+00 -6.0416E-03  7.1751E+00  5.5740E+00  1.9073E+01  5.5490E+00
  1.0320E+00  3.5099E+00 -5.8722E-03  7.1913E+00  5.3229E+00  2.0062E+01  5.2940E+00
  1.0349E+00  3.5199E+00 -5.6986E-03  7.2060E+00  5.0584E+00  2.1006E+01  5.0252E+00
  1.0380E+00  3.5304E+00 -5.5056E-03  7.2205E+00  4.7549E+00  2.1491E+01  4.7181E+00
  1.0409E+00  3.5404E+00 -5.3088E-03  7.2334E+00  4.4387E+00  2.2513E+01  4.3955E+00
  1.0440E+00  3.5508E+00 -5.0908E-03  7.2458E+00  4.0785E+00  2.3534E+01  4.0273E+00
  1.0469E+00  3.5608E+00 -4.8687E-03  7.2565E+00  3.7023E+00  2.4442E+01  3.6414E+00
  1.0500E+00  3.5712E+00 -4.6235E-03  7.2664E+00  3.2828E+00  2.6465E+01  3.2022E+00
  1.0529E+00  3.5812E+00 -4.3733E-03  7.2746E+00  2.8433E+00  2.7833E+01  2.7400E+00
  1.0560E+00  3.5916E+00 -4.0963E-03  7.2815E+00  2.3430E+00  2.8420E+01  2.2112E+00
  1.0589E+00  3.6016E+00 -3.8154E-03  7.2866E+00  1.8430E+00  2.9700E+01  1.6558E+00
  1.0620E+00  3.6121E+00 -3.5054E-03  7.2900E+00  1.3208E+00  3.0768E+01  1.0207E+00
  1.0649E+00  3.6221E+00 -3.1921E-03  7.2913E+00  9.3301E-01  3.1665E+01  3.5569E-01
  1.0680E+00  3.6325E+00 -2.8476E-03  7.2904E+00  9.9849E-01  3.3538E+01 -4.0241E-01
  1.0709E+00  3.6425E+00 -2.4999E-03  7.2873E+00  1.5244E+00  3.4664E+01 -1.1961E+00
  1.0740E+00  3.6530E+00 -2.1182E-03  7.2814E+00  2.3154E+00  3.5678E+01 -2.1008E+00
  1.0769E+00  3.6630E+00 -1.7349E-03  7.2730E+00  3.2122E+00  3.7459E+01 -3.0447E+00
  1.0800E+00  3.6734E+00 -1.3147E-03  7.2611E+00  4.2535E+00  3.8500E+01 -4.1208E+00
  1.0829E+00  3.6834E+00 -8.9457E-04  7.2465E+00  5.3521E+00  3.9558E+01 -5.2409E+00
  1.0860E+00  3.6939E+00 -4.3572E-04  7.2275E+00  6.6136E+00  4.1348E+01 -6.5150E+00
  1.0889E+00  3.7039E+00  2.1148E-05  7.2055E+00  7.9244E+00  4.2153E+01 -7.8384E+00
  1.0920E+00  3.7143E+00  5.1807E-04  7.1781E+00  9.4184E+00  4.3196E+01 -9.3419E+00
  1.0949E+00  3.7243E+00  1.0098E-03  7.1474E+00  1.0967E+01  4.4600E+01 -1.0896E+01
  1.0980E+00  3.7348E+00  1.5427E-03  7.1102E+00  1.2723E+01  4.5213E+01 -1.2660E+01
  1.1009E+00  3.7448E+00  2.0658E-03  7.0694E+00  1.4533E+01  4.6104E+01 -1.4475E+01
  1.1040E+00  3.7553E+00  2.6300E-03  7.0207E+00  1.6582E+01  4.7157E+01 -1.6528E+01
  1.1069E+00  3.7653E+00  3.1793E-03  6.9682E+00  1.8681E+01  4.7454E+01 -1.8631E+01
  1.1100E+00  3.7759E+00  3.7676E-03  6.9061E+00  2.1049E+01  4.8082E+01 -2.1003E+01
  1.1129E+00  3.7859E+00  4.3347E-03  6.8402E+00  2.3460E+01  4.8586E+01 -2.3417E+01
  1.1160E+00  3.7964E+00  4.9370E-03  6.7628E+00  2.6171E+01  4.8743E+01 -2.6131E+01
  1.1189E+00  3.8064E+00  5.5108E-03  6.6816E+00  2.8911E+01  4.9328E+01 -2.8874E+01
  1.1220E+00  3.8169E+00  6.1143E-03  6.5869E+00  3.1987E+01  4.9350E+01 -3.1952E+01
  1.1249E+00  3.8269E+00  6.6790E-03  6.4883E+00  3.5078E+01  4.7924E+01 -3.5047E+01
  1.1280E+00  3.8375E+00  7.2626E-03  6.3741E+00  3.8529E+01  4.5796E+01 -3.8502E+01
  1.1310E+00  3.8478E+00  7.8132E-03  6.2525E+00  4.2053E+01  4.4481E+01 -4.2029E+01
  1.1339E+00  3.8578E+00  8.3266E-03  6.1242E+00  4.5617E+01  4.4147E+01 -4.5594E+01
  1.1370E+00  3.8684E+00  8.8416E-03  5.9768E+00  4.9542E+01  4.3771E+01 -4.9520E+01
  1.1399E+00  3.8784E+00  9.2926E-03  5.8267E+00  5.3379E+01  4.2614E+01 -5.3359E+01
  1.1430E+00  3.8890E+00  9.7267E-03  5.6550E+00  5.7589E+01  4.0707E+01 -5.7571E+01
  1.1460E+00  3.8994E+00  1.0097E-02  5.4758E+00  6.1793E+01  3.8792E+01 -6.1777E+01
  1.1490E+00  3.9097E+00  1.0410E-02  5.2841E+00  6.6085E+01  3.6811E+01 -6.6071E+01
  1.1520E+00  3.9200E+00  1.0657E-02  5.0793E+00  7.0448E+01  3.4539E+01 -7.0435E+01
  1.1550E+00  3.9303E+00  1.0830E-02  4.8616E+00  7.4850E+01  3.2257E+01 -7.4838E+01
  1.1580E+00  3.9407E+00  1.0923E-02  4.6312E+00  7.9250E+01  2.9791E+01 -7.9240E+01
  1.1610E+00  3.9510E+00  1.0927E-02  4.3870E+00  8.3636E+01  2.7206E+01 -8.3627E+01
  1.1639E+00  3.9610E+00  1.0841E-02  4.1388E+00  8.7801E+01  2.5239E+01 -8.7792E+01
  1.1670E+00  3.9717E+00  1.0647E-02  3.8609E+00  9.2127E+01  2.3712E+01 -9.2119E+01
  1.1700E+00  3.9819E+00  1.0356E-02  3.5831E+00  9.6105E+01  2.2824E+01 -9.6096E+01
  1.1730E+00  3.9923E+00  9.9514E-03  3.2878E+00  9.9969E+01  2.2724E+01 -9.9959E+01
  1.1760E+00  4.0027E+00  9.4345E-03  2.9811E+00  1.0359E+02  2.3423E+01 -1.0358E+02
  1.1790E+00  4.0131E+00  8.8104E-03  2.6664E+00  1.0692E+02  2.4887E+01 -1.0690E+02
  1.1820E+00  4.0234E+00  8.0764E-03  2.3419E+00  1.0994E+02  2.7037E+01 -1.0992E+02
  1.1850E+00  4.0338E+00  7.2366E-03  2.0088E+00  1.1262E+02  2.9743E+01 -1.1258E+02
  1.1880E+00  4.0441E+00  6.2967E-03  1.6684E+00  1.1493E+02  3.2891E+01 -1.1486E+02
  1.1909E+00  4.0542E+00  5.2932E-03  1.3311E+00  1.1678E+02  3.6266E+01 -1.1665E+02
  1.1940E+00  4.0648E+00  4.1491E-03  9.7032E-01  1.1830E+02  4.0062E+01 -1.1800E+02
  1.1969E+00  4.0748E+00  2.9993E-03  6.2686E-01  1.1929E+02  4.3805E+01 -1.1846E+02
  1.1999E+00  4.0852E+00  1.7501E-03  2.7409E-01  1.1984E+02  4.7768E+01 -1.1458E+02
  1.2029E+00  4.0956E+00  4.5772E-04  1.3003E-01  1.1992E+02  5.1845E+01  8.9025E+01
  1.2059E+00  4.1060E+00 -8.7419E-04  4.6777E-01  1.1970E+02  5.6013E+01  1.1724E+02
  1.2090E+00  4.1164E+00 -2.2115E-03  8.2574E-01  1.1895E+02  6.0276E+01  1.1804E+02
  1.2120E+00  4.1267E+00 -3.5188E-03  1.1798E+00  1.1775E+02  6.4591E+01  1.1723E+02
  1.2150E+00  4.1372E+00 -4.8069E-03  1.5356E+00  1.1607E+02  6.9069E+01  1.1572E+02
  1.2179E+00  4.1474E+00 -5.9902E-03  1.8730E+00  1.1405E+02  7.3485E+01  1.1378E+02
  1.2210E+00  4.1579E+00 -7.1498E-03  2.2193E+00  1.1154E+02  7.8246E+01  1.1131E+02
  1.2240E+00  4.1683E+00 -8.1872E-03  2.5499E+00  1.0871E+02  8.3065E+01  1.0852E+02
  1.2270E+00  4.1786E+00 -9.1125E-03  2.8715E+00  1.0557E+02  8.8067E+01  1.0538E+02
  1.2299E+00  4.1888E+00 -9.8952E-03  3.1761E+00  1.0221E+02  9.3166E+01  1.0203E+02
  1.2330E+00  4.1993E+00 -1.0573E-02  3.4836E+00  9.8432E+01  9.8757E+01  9.8267E+01
  1.2360E+00  4.2097E+00 -1.1089E-02  3.7730E+00  9.4519E+01  1.0455E+02  9.4354E+01
  1.2390E+00  4.2199E+00 -1.1447E-02  4.0469E+00  9.0481E+01  1.1062E+02  9.0314E+01
  1.2420E+00  4.2304E+00 -1.1657E-02  4.3145E+00  8.6213E+01  1.1726E+02  8.6040E+01
  1.2450E+00  4.2407E+00 -1.1707E-02  4.5659E+00  8.1902E+01  1.2429E+02  8.1719E+01
  1.2480E+00  4.2509E+00 -1.1604E-02  4.8011E+00  7.7600E+01  1.3146E+02  7.7405E+01
  1.2509E+00  4.2612E+00 -1.1352E-02  5.0245E+00  7.3271E+01  1.3886E+02  7.3061E+01
  1.2540E+00  4.2717E+00 -1.0946E-02  5.2404E+00  6.8852E+01  1.4670E+02  6.8622E+01
  1.2570E+00  4.2820E+00 -1.0411E-02  5.4387E+00  6.4580E+01  1.5446E+02  6.4328E+01
  1.2600E+00  4.2922E+00 -9.7577E-03  5.6223E+00  6.0437E+01  1.6224E+02  6.0160E+01
  1.2630E+00  4.3027E+00 -8.9723E-03  5.7971E+00  5.6312E+01  1.7016E+02  5.6004E+01
  1.2659E+00  4.3126E+00 -8.1189E-03  5.9529E+00  5.2483E+01  1.7741E+02  5.2142E+01
  1.2690E+00  4.3233E+00 -7.1145E-03  6.1064E+00  4.8558E+01  1.8489E+02  4.8178E+01
  1.2719E+00  4.3333E+00 -6.0898E-03  6.2398E+00  4.5008E+01  1.9215E+02  4.4584E+01
  1.2750E+00  4.3439E+00 -4.9331E-03  6.3699E+00  4.1405E+01  2.0035E+02  4.0925E+01
  1.2779E+00  4.3539E+00 -3.7859E-03  6.4825E+00  3.8168E+01  2.0810E+02  3.7625E+01
  1.2810E+00  4.3644E+00 -2.5244E-03  6.5915E+00  3.4931E+01  2.1544E+02  3.4315E+01
  1.2839E+00  4.3744E+00 -1.2959E-03  6.6854E+00  3.2056E+01  2.2149E+02  3.1365E+01
  1.2870E+00  4.3850E+00  2.8040E-05  6.7755E+00  2.9219E+01  2.2769E+02  2.8438E+01
  1.2899E+00  4.3950E+00  1.2980E-03  6.8528E+00  2.6715E+01  2.3358E+02  2.5834E+01
  1.2930E+00  4.4055E+00  2.6467E-03  6.9263E+00  2.4264E+01  2.3934E+02  2.3265E+01
  1.2959E+00  4.4155E+00  3.9287E-03  6.9890E+00  2.2117E+01  2.4456E+02  2.0988E+01
  1.2990E+00  4.4261E+00  5.2713E-03  7.0481E+00  2.0043E+01  2.4979E+02  1.8757E+01
  1.3019E+00  4.4361E+00  6.5400E-03  7.0982E+00  1.8240E+01  2.5423E+02  1.6786E+01
  1.3050E+00  4.4466E+00  7.8593E-03  7.1449E+00  1.6522E+01  2.5876E+02  1.4864E+01
  1.3079E+00  4.4566E+00  9.0949E-03  7.1841E+00  1.5052E+01  2.6280E+02  1.3173E+01
  1.3110E+00  4.4671E+00  1.0370E-02  7.2202E+00  1.3676E+01  2.6652E+02  1.1535E+01
  1.3139E+00  4.4771E+00  1.1561E-02  7.2502E+00  1.2523E+01  2.7002E+02  1.0095E+01
  1.3170E+00  4.4875E+00  1.2781E-02  7.2773E+00  1.1473E+01  2.7334E+02  8.7068E+00
  1.3199E+00  4.4975E+00  1.3919E-02  7.2994E+00  1.0615E+01  2.7610E+02  7.4901E+00
  1.3230E+00  4.5080E+00  1.5079E-02  7.3190E+00  9.8686E+00  2.7901E+02  6.3206E+00
  1.3259E+00  4.5180E+00  1.6157E-02  7.3345E+00  9.2864E+00  2.8147E+02  5.2966E+00
  1.3290E+00  4.5285E+00  1.7255E-02  7.3477E+00  8.8043E+00  2.8373E+02  4.3168E+00
  1.3319E+00  4.5385E+00  1.8273E-02  7.3577E+00  8.4605E+00  2.8592E+02  3.4594E+00
  1.3350E+00  4.5489E+00  1.9305E-02  7.3657E+00  8.2007E+00  2.8787E+02  2.6413E+00
  1.3379E+00  4.5589E+00  2.0265E-02  7.3711E+00  8.0362E+00  2.8954E+02  1.9270E+00
  1.3410E+00  4.5694E+00  2.1235E-02  7.3747E+00  7.9439E+00  2.9135E+02  1.2461E+00
  1.3439E+00  4.5794E+00  2.2134E-02  7.3763E+00  7.9093E+00  2.9283E+02  6.5251E-01
  1.3470E+00  4.5898E+00  2.3045E-02  7.3763E+00  7.9196E+00  2.9423E+02  8.9343E-02
  1.3499E+00  4.5998E+00  2.3888E-02  7.3747E+00  7.9643E+00  2.9551E+02 -4.0058E-01
  1.3530E+00  4.6102E+00  2.4741E-02  7.3717E+00  8.0298E+00  2.9649E+02 -8.6358E-01
  1.3559E+00  4.6202E+00  2.5535E-02  7.3676E+00  8.1113E+00  2.9742E+02 -1.2666E+00
  1.3590E+00  4.6306E+00  2.6337E-02  7.3621E+00  8.2127E+00  2.9847E+02 -1.6488E+00
  1.3619E+00  4.6406E+00  2.7081E-02  7.3558E+00  8.3141E+00  2.9932E+02 -1.9815E+00
  1.3650E+00  4.6511E+00  2.7834E-02  7.3483E+00  8.4237E+00  3.0016E+02 -2.2960E+00
  1.3679E+00  4.6611E+00  2.8534E-02  7.3403E+00  8.5297E+00  3.0092E+02 -2.5689E+00
  1.3710E+00  4.6715E+00  2.9242E-02  7.3312E+00  8.6354E+00  3.0154E+02 -2.8255E+00
  1.3739E+00  4.6815E+00  2.9903E-02  7.3218E+00  8.7351E+00  3.0213E+02 -3.0475E+00
  1.3770E+00  4.6919E+00  3.0569E-02  7.3113E+00  8.8351E+00  3.0272E+02 -3.2557E+00
  1.3799E+00  4.7019E+00  3.1193E-02  7.3007E+00  8.9238E+00  3.0313E+02 -3.4353E+00
  1.3830E+00  4.7123E+00  3.1825E-02  7.2892E+00  9.0127E+00  3.0357E+02 -3.6038E+00
  1.3859E+00  4.7223E+00  3.2415E-02  7.2777E+00  9.0948E+00  3.0403E+02 -3.7492E+00
  1.3890E+00  4.7327E+00  3.3013E-02  7.2653E+00  9.1740E+00  3.0443E+02 -3.8847E+00
  1.3919E+00  4.7427E+00  3.3572E-02  7.2530E+00  9.2452E+00  3.0480E+02 -4.0006E+00
  1.3950E+00  4.7532E+00  3.4138E-02  7.2400E+00  9.3128E+00  3.0512E+02 -4.1073E+00
  1.3979E+00  4.7632E+00  3.4670E-02  7.2271E+00  9.3712E+00  3.0532E+02 -4.1979E+00
  1.4010E+00  4.7736E+00  3.5213E-02  7.2135E+00  9.4288E+00  3.0556E+02 -4.2813E+00
  1.4039E+00  4.7836E+00  3.5721E-02  7.2002E+00  9.4810E+00  3.0582E+02 -4.3520E+00
  1.4070E+00  4.7940E+00  3.6237E-02  7.1862E+00  9.5309E+00  3.0606E+02 -4.4163E+00
  1.4099E+00  4.8040E+00  3.6722E-02  7.1726E+00  9.5750E+00  3.0627E+02 -4.4696E+00
  1.4130E+00  4.8144E+00  3.7215E-02  7.1582E+00  9.6161E+00  3.0644E+02 -4.5168E+00
  1.4159E+00  4.8244E+00  3.7681E-02  7.1443E+00  9.6511E+00  3.0654E+02 -4.5552E+00
  1.4190E+00  4.8348E+00  3.8158E-02  7.1298E+00  9.6853E+00  3.0667E+02 -4.5888E+00
  1.4219E+00  4.8448E+00  3.8606E-02  7.1157E+00  9.7158E+00  3.0680E+02 -4.6154E+00
  1.4250E+00  4.8552E+00  3.9065E-02  7.1010E+00  9.7443E+00  3.0689E+02 -4.6381E+00
  1.4279E+00  4.8652E+00  3.9499E-02  7.0869E+00  9.7698E+00  3.0698E+02 -4.6555E+00
  1.4310E+00  4.8756E+00  3.9943E-02  7.0721E+00  9.7945E+00  3.0708E+02 -4.6691E+00
  1.4339E+00  4.8856E+00  4.0362E-02  7.0578E+00  9.8161E+00  3.0716E+02 -4.6784E+00
  1.4370E+00  4.8960E+00  4.0791E-02  7.0430E+00  9.8368E+00  3.0724E+02 -4.6841E+00
  1.4399E+00  4.9060E+00  4.1197E-02  7.0287E+00  9.8548E+00  3.0730E+02 -4.6862E+00
  1.4430E+00  4.9164E+00  4.1614E-02  7.0139E+00  9.8714E+00  3.0735E+02 -4.6851E+00
  1.4459E+00  4.9264E+00  4.2010E-02  6.9996E+00  9.8862E+00  3.0739E+02 -4.6813E+00
  1.4490E+00  4.9368E+00  4.2417E-02  6.9848E+00  9.9004E+00  3.0744E+02 -4.6745E+00
  1.4519E+00  4.9468E+00  4.2802E-02  6.9706E+00  9.9127E+00  3.0747E+02 -4.6657E+00
  1.4550E+00  4.9572E+00  4.3198E-02  6.9559E+00  9.9245E+00  3.0751E+02 -4.6540E+00
  1.4579E+00  4.9672E+00  4.3573E-02  6.9418E+00  9.9347E+00  3.0754E+02 -4.6407E+00
  1.4610E+00  4.9777E+00  4.3960E-02  6.9271E+00  9.9442E+00  3.0756E+02 -4.6247E+00
  1.4639E+00  4.9877E+00  4.4328E-02  6.9131E+00  9.9524E+00  3.0757E+02 -4.6075E+00
  1.4670E+00  4.9981E+00  4.4706E-02  6.8986E+00  9.9602E+00  3.0759E+02 -4.5877E+00
  1.4699E+00  5.0081E+00  4.5066E-02  6.8847E+00  9.9667E+00  3.0759E+02 -4.5673E+00
  1.4730E+00  5.0185E+00  4.5437E-02  6.8703E+00  9.9728E+00  3.0760E+02 -4.5445E+00
  1.4759E+00  5.0285E+00  4.5791E-02  6.8565E+00  9.9781E+00  3.0760E+02 -4.5211E+00
  1.4790E+00  5.0389E+00  4.6155E-02  6.8423E+00  9.9829E+00  3.0759E+02 -4.4956E+00
  1.4819E+00  5.0489E+00  4.6503E-02  6.8287E+00  9.9871E+00  3.0759E+02 -4.4699E+00
  1.4850E+00  5.0593E+00  4.6862E-02  6.8146E+00  9.9910E+00  3.0758E+02 -4.4421E+00
  1.4879E+00  5.0693E+00  4.7204E-02  6.8012E+00  9.9942E+00  3.0757E+02 -4.4143E+00
  1.4910E+00  5.0797E+00  4.7557E-02  6.7873E+00  9.9972E+00  3.0755E+02 -4.3844E+00
  1.4939E+00  5.0897E+00  4.7894E-02  6.7740E+00  9.9997E+00  3.0754E+02 -4.3547E+00
  1.5000E+00  5.1103E+00  4.8582E-02  6.7470E+00  1.0004E+01  3.0750E+02 -4.2910E+00
