  3.0832E-01  7.4976E-02  5.9523E-05  3.9968E-01  5.7721E-01  8.9072E-03 -5.4494E-01
  3.0970E-01  1.0769E-01  6.0990E-05  3.9841E-01  1.2940E+00  1.5713E-02 -1.2727E+00
  3.1112E-01  1.3308E-01  6.2372E-05  3.9617E-01  1.8981E+00  2.0278E-02 -1.8823E+00
  3.1250E-01  1.5408E-01  6.3562E-05  3.9320E-01  2.3800E+00  2.2989E-02 -2.3678E+00
  3.1394E-01  1.7312E-01  6.4572E-05  3.8952E-01  2.7622E+00  2.4791E-02 -2.7525E+00
  3.1532E-01  1.8972E-01  6.5342E-05  3.8551E-01  3.0385E+00  2.5548E-02 -3.0306E+00
  3.1674E-01  2.0535E-01  6.5928E-05  3.8107E-01  3.2448E+00  2.5854E-02 -3.2383E+00
  3.1811E-01  2.1951E-01  6.6320E-05  3.7650E-01  3.3851E+00  2.5876E-02 -3.3796E+00
  3.1953E-01  2.3318E-01  6.6559E-05  3.7165E-01  3.4811E+00  2.5735E-02 -3.4764E+00
  3.2092E-01  2.4587E-01  6.6654E-05  3.6677E-01  3.5384E+00  2.5528E-02 -3.5342E+00
  3.2232E-01  2.5808E-01  6.6626E-05  3.6179E-01  3.5671E+00  2.5278E-02 -3.5634E+00
  3.2373E-01  2.6980E-01  6.6491E-05  3.5676E-01  3.5726E+00  2.5010E-02 -3.5692E+00
  3.2514E-01  2.8103E-01  6.6262E-05  3.5175E-01  3.5597E+00  2.4756E-02 -3.5566E+00
  3.2653E-01  2.9177E-01  6.5954E-05  3.4680E-01  3.5326E+00  2.4532E-02 -3.5296E+00
  3.2791E-01  3.0203E-01  6.5584E-05  3.4196E-01  3.4949E+00  2.4354E-02 -3.4921E+00
  3.2933E-01  3.1228E-01  6.5143E-05  3.3703E-01  3.4475E+00  2.4216E-02 -3.4448E+00
  3.3073E-01  3.2205E-01  6.4663E-05  3.3226E-01  3.3947E+00  2.4128E-02 -3.3921E+00
  3.3216E-01  3.3181E-01  6.4130E-05  3.2743E-01  3.3357E+00  2.4079E-02 -3.3333E+00
  3.3356E-01  3.4109E-01  6.3579E-05  3.2282E-01  3.2752E+00  2.4064E-02 -3.2728E+00
  3.3492E-01  3.4988E-01  6.3021E-05  3.1842E-01  3.2146E+00  2.4078E-02 -3.2122E+00
  3.3630E-01  3.5867E-01  6.2431E-05  3.1402E-01  3.1516E+00  2.4117E-02 -3.1492E+00
  3.3772E-01  3.6746E-01  6.1815E-05  3.0961E-01  3.0867E+00  2.4178E-02 -3.0844E+00
  3.3916E-01  3.7625E-01  6.1174E-05  3.0521E-01  3.0208E+00  2.4261E-02 -3.0184E+00
  3.4055E-01  3.8455E-01  6.0552E-05  3.0106E-01  2.9579E+00  2.4357E-02 -2.9555E+00
  3.4196E-01  3.9285E-01  5.9915E-05  2.9693E-01  2.8950E+00  2.4467E-02 -2.8926E+00
  3.4331E-01  4.0066E-01  5.9305E-05  2.9306E-01  2.8360E+00  2.4581E-02 -2.8336E+00
  3.4477E-01  4.0896E-01  5.8649E-05  2.8897E-01  2.7740E+00  2.4711E-02 -2.7716E+00
  3.4616E-01  4.1677E-01  5.8025E-05  2.8514E-01  2.7166E+00  2.4840E-02 -2.7141E+00
  3.4758E-01  4.2459E-01  5.7397E-05  2.8135E-01  2.6601E+00  2.4974E-02 -2.6576E+00
  3.4892E-01  4.3191E-01  5.6806E-05  2.7781E-01  2.6083E+00  2.5102E-02 -2.6058E+00
  3.5037E-01  4.3972E-01  5.6174E-05  2.7407E-01  2.5544E+00  2.5241E-02 -2.5518E+00
  3.5175E-01  4.4705E-01  5.5582E-05  2.7059E-01  2.5052E+00  2.5373E-02 -2.5025E+00
  3.5314E-01  4.5437E-01  5.4991E-05  2.6714E-01  2.4573E+00  2.5505E-02 -2.4546E+00
  3.5455E-01  4.6169E-01  5.4402E-05  2.6371E-01  2.4109E+00  2.5638E-02 -2.4081E+00
  3.5597E-01  4.6902E-01  5.3815E-05  2.6032E-01  2.3659E+00  2.5770E-02 -2.3631E+00
  3.5731E-01  4.7585E-01  5.3269E-05  2.5717E-01  2.3253E+00  2.5892E-02 -2.3225E+00
  3.5877E-01  4.8318E-01  5.2689E-05  2.5383E-01  2.2833E+00  2.6019E-02 -2.2804E+00
  3.6013E-01  4.9001E-01  5.2150E-05  2.5074E-01  2.2453E+00  2.6133E-02 -2.2423E+00
  3.6152E-01  4.9685E-01  5.1614E-05  2.4767E-01  2.2084E+00  2.6242E-02 -2.2054E+00
  3.6291E-01  5.0369E-01  5.1081E-05  2.4462E-01  2.1726E+00  2.6346E-02 -2.1695E+00
  3.6431E-01  5.1052E-01  5.0550E-05  2.4160E-01  2.1377E+00  2.6447E-02 -2.1346E+00
  3.6573E-01  5.1736E-01  5.0021E-05  2.3861E-01  2.1036E+00  2.6542E-02 -2.1004E+00
  3.6715E-01  5.2419E-01  4.9493E-05  2.3563E-01  2.0702E+00  2.6629E-02 -2.0669E+00
  3.6859E-01  5.3103E-01  4.8965E-05  2.3269E-01  2.0372E+00  2.6707E-02 -2.0339E+00
  3.6993E-01  5.3738E-01  4.8475E-05  2.2997E-01  2.0067E+00  2.6764E-02 -2.0033E+00
  3.7139E-01  5.4421E-01  4.7943E-05  2.2708E-01  1.9735E+00  2.6813E-02 -1.9701E+00
  3.7275E-01  5.5056E-01  4.7444E-05  2.2442E-01  1.9420E+00  2.6845E-02 -1.9386E+00
  3.7412E-01  5.5691E-01  4.6937E-05  2.2178E-01  1.9093E+00  2.6867E-02 -1.9058E+00
  3.7550E-01  5.6326E-01  4.6421E-05  2.1918E-01  1.8748E+00  2.6886E-02 -1.8712E+00
  3.7699E-01  5.7009E-01  4.5848E-05  2.1641E-01  1.8348E+00  2.6909E-02 -1.8312E+00
  3.7839E-01  5.7644E-01  4.5297E-05  2.1388E-01  1.7942E+00  2.6939E-02 -1.7905E+00
  3.7979E-01  5.8279E-01  4.4721E-05  2.1140E-01  1.7492E+00  2.7006E-02 -1.7454E+00
  3.8120E-01  5.8911E-01  4.4117E-05  2.0898E-01  1.6986E+00  2.7147E-02 -1.6946E+00
  3.8251E-01  5.9497E-01  4.3524E-05  2.0680E-01  1.6452E+00  2.7408E-02 -1.6409E+00
  3.8393E-01  6.0132E-01  4.2838E-05  2.0451E-01  1.5786E+00  2.7898E-02 -1.5741E+00
  3.8536E-01  6.0767E-01  4.2102E-05  2.0231E-01  1.5018E+00  2.8658E-02 -1.4967E+00
  3.8680E-01  6.1401E-01  4.1312E-05  2.0022E-01  1.4139E+00  2.9702E-02 -1.4081E+00
  3.8813E-01  6.1987E-01  4.0538E-05  1.9840E-01  1.3225E+00  3.0871E-02 -1.3158E+00
  3.8958E-01  6.2622E-01  3.9659E-05  1.9658E-01  1.2134E+00  3.2221E-02 -1.2054E+00
  3.9092E-01  6.3208E-01  3.8823E-05  1.9503E-01  1.1053E+00  3.3310E-02 -1.0959E+00
  3.9238E-01  6.3843E-01  3.7913E-05  1.9353E-01  9.8422E-01  3.4066E-02 -9.7310E-01
  3.9372E-01  6.4429E-01  3.7092E-05  1.9229E-01  8.7315E-01  3.4222E-02 -8.6045E-01
  3.9519E-01  6.5063E-01  3.6253E-05  1.9112E-01  7.5872E-01  3.3820E-02 -7.4439E-01
  3.9654E-01  6.5649E-01  3.5546E-05  1.9018E-01  6.6248E-01  3.3075E-02 -6.4671E-01
  3.9800E-01  6.6280E-01  3.4874E-05  1.8930E-01  5.7178E-01  3.2086E-02 -5.5448E-01
  3.9936E-01  6.6866E-01  3.4339E-05  1.8860E-01  5.0068E-01  3.1197E-02 -4.8189E-01
  4.0071E-01  6.7452E-01  3.3890E-05  1.8799E-01  4.4193E-01  3.0444E-02 -4.2151E-01
  4.0219E-01  6.8087E-01  3.3491E-05  1.8741E-01  3.9085E-01  2.9836E-02 -3.6850E-01
  4.0355E-01  6.8673E-01  3.3192E-05  1.8694E-01  3.5358E-01  2.9446E-02 -3.2932E-01
  4.0491E-01  6.9259E-01  3.2949E-05  1.8651E-01  3.2406E-01  2.9192E-02 -2.9781E-01
  4.0638E-01  6.9894E-01  3.2735E-05  1.8609E-01  2.9901E-01  2.9027E-02 -2.7061E-01
  4.0774E-01  7.0480E-01  3.2575E-05  1.8574E-01  2.8089E-01  2.8943E-02 -2.5055E-01
  4.0910E-01  7.1066E-01  3.2443E-05  1.8541E-01  2.6649E-01  2.8906E-02 -2.3429E-01
  4.1058E-01  7.1700E-01  3.2323E-05  1.8507E-01  2.5411E-01  2.8898E-02 -2.2005E-01
  4.1194E-01  7.2286E-01  3.2231E-05  1.8478E-01  2.4500E-01  2.8911E-02 -2.0933E-01
  4.1331E-01  7.2872E-01  3.2152E-05  1.8450E-01  2.3761E-01  2.8938E-02 -2.0046E-01
  4.1478E-01  7.3507E-01  3.2078E-05  1.8421E-01  2.3111E-01  2.8977E-02 -1.9250E-01
  4.1615E-01  7.4093E-01  3.2019E-05  1.8395E-01  2.2622E-01  2.9018E-02 -1.8636E-01
  4.1751E-01  7.4679E-01  3.1966E-05  1.8370E-01  2.2215E-01  2.9064E-02 -1.8116E-01
  4.1899E-01  7.5314E-01  3.1915E-05  1.8344E-01  2.1849E-01  2.9116E-02 -1.7637E-01
  4.2035E-01  7.5900E-01  3.1872E-05  1.8320E-01  2.1566E-01  2.9167E-02 -1.7258E-01
  4.2171E-01  7.6486E-01  3.1831E-05  1.8297E-01  2.1326E-01  2.9218E-02 -1.6928E-01
  4.2319E-01  7.7120E-01  3.1790E-05  1.8272E-01  2.1104E-01  2.9275E-02 -1.6615E-01
  4.2455E-01  7.7706E-01  3.1754E-05  1.8250E-01  2.0928E-01  2.9328E-02 -1.6360E-01
  4.2592E-01  7.8292E-01  3.1719E-05  1.8227E-01  2.0774E-01  2.9381E-02 -1.6132E-01
  4.2739E-01  7.8927E-01  3.1682E-05  1.8204E-01  2.0628E-01  2.9439E-02 -1.5910E-01
  4.2876E-01  7.9513E-01  3.1649E-05  1.8182E-01  2.0510E-01  2.9493E-02 -1.5724E-01
  4.3012E-01  8.0099E-01  3.1616E-05  1.8161E-01  2.0405E-01  2.9547E-02 -1.5553E-01
  4.3160E-01  8.0734E-01  3.1580E-05  1.8138E-01  2.0303E-01  2.9606E-02 -1.5383E-01
  4.3296E-01  8.1319E-01  3.1547E-05  1.8117E-01  2.0218E-01  2.9661E-02 -1.5237E-01
  4.3433E-01  8.1905E-01  3.1514E-05  1.8096E-01  2.0142E-01  2.9715E-02 -1.5101E-01
  4.3580E-01  8.2539E-01  3.1478E-05  1.8074E-01  2.0067E-01  2.9773E-02 -1.4964E-01
  4.3716E-01  8.3125E-01  3.1444E-05  1.8054E-01  2.0004E-01  2.9827E-02 -1.4844E-01
  4.3853E-01  8.3710E-01  3.1410E-05  1.8034E-01  1.9946E-01  2.9880E-02 -1.4732E-01
  4.4000E-01  8.4343E-01  3.1372E-05  1.8012E-01  1.9890E-01  2.9938E-02 -1.4617E-01
  4.4136E-01  8.4929E-01  3.1336E-05  1.7992E-01  1.9842E-01  2.9990E-02 -1.4517E-01
  4.4273E-01  8.5515E-01  3.1300E-05  1.7973E-01  1.9798E-01  3.0043E-02 -1.4421E-01
  4.4420E-01  8.6147E-01  3.1260E-05  1.7951E-01  1.9756E-01  3.0100E-02 -1.4324E-01
  4.4700E-01  8.7350E-01  3.1183E-05  1.7912E-01  1.9686E-01  3.0206E-02 -1.4152E-01
