x y
0.406  0.02
0.4061  0.02
0.4062000000000001  0.02
0.4063  0.02
0.4064  0.02
0.4065  0.02
0.4066  0.02
0.4067000000000001  0.02
0.4068000000000001  0.02
0.4069  0.02
0.407  0.02
0.4071  0.02
0.4072000000000001  0.02
0.4073  0.02
0.4074  0.02
0.4075  0.02
0.4076  0.02
0.4077  0.02
0.4077999999999999  0.02
0.4079  0.02
0.408  0.02
0.4081000000000001  0.02
0.4082  0.02
0.4083  0.02
0.4084  0.02
0.4085  0.02
0.4086  0.02
0.4087  0.02
0.4088  0.02
0.4089  0.02
0.409  0.02
0.4091  0.02
0.4092  0.02
0.4093000000000001  0.02
0.4094  0.02
0.4095  0.02
0.4096  0.02
0.4097  0.02
0.4097999999999999  0.02
0.4099  0.02
0.41  0.02
0.4101  0.02
0.4102  0.02
0.4102999999999999  0.02
0.4104  0.02
0.4105  0.02
0.4106  0.02
0.4107  0.02
0.4108  0.02
0.4108999999999999  0.02
0.411  0.02
0.4111  0.02
0.4112  0.02
0.4113  0.02
0.4114  0.02
0.4115  0.02
0.4116  0.02
0.4117  0.02
0.4118000000000001  0.02
0.4119  0.02
0.412  0.02
0.4121  0.02
0.4122  0.02
0.4123  0.02
0.4124  0.02
0.4125  0.02
0.4126  0.02
0.4127  0.02
0.4128  0.02
0.4129  0.02
0.413  0.02
0.4131  0.02
0.4132  0.02
0.4132999999999999  0.02
0.4134  0.02
0.4135  0.02
0.4136  0.02
0.4137  0.02
0.4137999999999999  0.02
0.4139  0.02
0.414  0.02
0.4141  0.02
0.4142  0.02
0.4142999999999999  0.02
0.4144  0.02
0.4144999999999999  0.02
0.4146  0.02
0.4147  0.02
0.4148  0.02
0.4149  0.02
0.4149999999999999  0.02
0.4151  0.02
0.4152  0.02
0.4153  0.02
0.4154  0.02
0.4154999999999999  0.02
0.4156  0.02
0.4157  0.02
0.4157999999999999  0.02
0.4159  0.02
0.416  0.02
