  3.0830E-01  7.5405E-02  7.6516E-05  3.9958E-01  6.7350E-01  9.7260E-03 -6.3952E-01
  3.0970E-01  1.0885E-01  7.6921E-05  3.9816E-01  1.4008E+00  1.6432E-02 -1.3788E+00
  3.1111E-01  1.3449E-01  7.7436E-05  3.9576E-01  2.0126E+00  2.0937E-02 -1.9963E+00
  3.1250E-01  1.5573E-01  7.7811E-05  3.9263E-01  2.4934E+00  2.3768E-02 -2.4807E+00
  3.1390E-01  1.7453E-01  7.7877E-05  3.8889E-01  2.8674E+00  2.5446E-02 -2.8573E+00
  3.1531E-01  1.9162E-01  7.7515E-05  3.8466E-01  3.1499E+00  2.6326E-02 -3.1416E+00
  3.1671E-01  2.0724E-01  7.6667E-05  3.8011E-01  3.3541E+00  2.6702E-02 -3.3472E+00
  3.1812E-01  2.2189E-01  7.5343E-05  3.7528E-01  3.4981E+00  2.6817E-02 -3.4922E+00
  3.1952E-01  2.3556E-01  7.3601E-05  3.7031E-01  3.5937E+00  2.6802E-02 -3.5886E+00
  3.2092E-01  2.4850E-01  7.1479E-05  3.6523E-01  3.6527E+00  2.6708E-02 -3.6481E+00
  3.2232E-01  2.6071E-01  6.9050E-05  3.6013E-01  3.6828E+00  2.6570E-02 -3.6786E+00
  3.2371E-01  2.7243E-01  6.6330E-05  3.5499E-01  3.6903E+00  2.6414E-02 -3.6865E+00
  3.2510E-01  2.8366E-01  6.3371E-05  3.4985E-01  3.6800E+00  2.6258E-02 -3.6765E+00
  3.2652E-01  2.9464E-01  6.0154E-05  3.4467E-01  3.6551E+00  2.6118E-02 -3.6518E+00
  3.2792E-01  3.0514E-01  5.6797E-05  3.3958E-01  3.6193E+00  2.6009E-02 -3.6161E+00
  3.2933E-01  3.1540E-01  5.3269E-05  3.3450E-01  3.5746E+00  2.5935E-02 -3.5716E+00
  3.3071E-01  3.2516E-01  4.9695E-05  3.2959E-01  3.5246E+00  2.5898E-02 -3.5216E+00
  3.3210E-01  3.3468E-01  4.6021E-05  3.2475E-01  3.4700E+00  2.5891E-02 -3.4671E+00
  3.3352E-01  3.4420E-01  4.2167E-05  3.1985E-01  3.4106E+00  2.5911E-02 -3.4078E+00
  3.3491E-01  3.5324E-01  3.8353E-05  3.1518E-01  3.3508E+00  2.5954E-02 -3.3480E+00
  3.3632E-01  3.6227E-01  3.4396E-05  3.1049E-01  3.2883E+00  2.6018E-02 -3.2855E+00
  3.3773E-01  3.7106E-01  3.0424E-05  3.0591E-01  3.2255E+00  2.6099E-02 -3.2227E+00
  3.3912E-01  3.7960E-01  2.6456E-05  3.0146E-01  3.1632E+00  2.6193E-02 -3.1604E+00
  3.4050E-01  3.8791E-01  2.2504E-05  2.9714E-01  3.1019E+00  2.6298E-02 -3.0992E+00
  3.4191E-01  3.9621E-01  1.8467E-05  2.9283E-01  3.0404E+00  2.6415E-02 -3.0376E+00
  3.4333E-01  4.0451E-01  1.4354E-05  2.8854E-01  2.9790E+00  2.6542E-02 -2.9762E+00
  3.4474E-01  4.1256E-01  1.0303E-05  2.8439E-01  2.9198E+00  2.6672E-02 -2.9169E+00
  3.4613E-01  4.2038E-01  6.3320E-06  2.8038E-01  2.8630E+00  2.6804E-02 -2.8601E+00
  3.4754E-01  4.2819E-01  2.3239E-06  2.7640E-01  2.8071E+00  2.6940E-02 -2.8042E+00
  3.4892E-01  4.3576E-01 -1.5932E-06  2.7256E-01  2.7539E+00  2.7075E-02 -2.7510E+00
  3.5032E-01  4.4333E-01 -5.5410E-06  2.6875E-01  2.7019E+00  2.7211E-02 -2.6988E+00
  3.5173E-01  4.5089E-01 -9.5154E-06  2.6496E-01  2.6510E+00  2.7348E-02 -2.6479E+00
  3.5312E-01  4.5822E-01 -1.3382E-05  2.6132E-01  2.6029E+00  2.7481E-02 -2.5998E+00
  3.5452E-01  4.6554E-01 -1.7264E-05  2.5770E-01  2.5562E+00  2.7615E-02 -2.5530E+00
  3.5594E-01  4.7287E-01 -2.1158E-05  2.5411E-01  2.5108E+00  2.7748E-02 -2.5075E+00
  3.5733E-01  4.7995E-01 -2.4929E-05  2.5067E-01  2.4681E+00  2.7875E-02 -2.4648E+00
  3.5873E-01  4.8703E-01 -2.8702E-05  2.4725E-01  2.4268E+00  2.7999E-02 -2.4234E+00
  3.6014E-01  4.9411E-01 -3.2481E-05  2.4385E-01  2.3867E+00  2.8119E-02 -2.3832E+00
  3.6152E-01  5.0094E-01 -3.6133E-05  2.4059E-01  2.3490E+00  2.8231E-02 -2.3455E+00
  3.6290E-01  5.0778E-01 -3.9792E-05  2.3736E-01  2.3122E+00  2.8339E-02 -2.3087E+00
  3.6430E-01  5.1461E-01 -4.3460E-05  2.3415E-01  2.2763E+00  2.8443E-02 -2.2727E+00
  3.6572E-01  5.2145E-01 -4.7140E-05  2.3097E-01  2.2411E+00  2.8543E-02 -2.2374E+00
  3.6714E-01  5.2829E-01 -5.0833E-05  2.2781E-01  2.2066E+00  2.8634E-02 -2.2028E+00
  3.6852E-01  5.3488E-01 -5.4407E-05  2.2479E-01  2.1736E+00  2.8712E-02 -2.1698E+00
  3.6991E-01  5.4147E-01 -5.8000E-05  2.2179E-01  2.1409E+00  2.8777E-02 -2.1369E+00
  3.7132E-01  5.4806E-01 -6.1618E-05  2.1881E-01  2.1078E+00  2.8827E-02 -2.1038E+00
  3.7273E-01  5.5465E-01 -6.5270E-05  2.1586E-01  2.0741E+00  2.8865E-02 -2.0700E+00
  3.7415E-01  5.6125E-01 -6.8966E-05  2.1295E-01  2.0391E+00  2.8892E-02 -2.0350E+00
  3.7553E-01  5.6759E-01 -7.2581E-05  2.1017E-01  2.0037E+00  2.8912E-02 -1.9994E+00
  3.7691E-01  5.7394E-01 -7.6267E-05  2.0742E-01  1.9658E+00  2.8930E-02 -1.9615E+00
  3.7831E-01  5.8029E-01 -8.0043E-05  2.0471E-01  1.9249E+00  2.8952E-02 -1.9205E+00
  3.7971E-01  5.8664E-01 -8.3928E-05  2.0205E-01  1.8799E+00  2.8993E-02 -1.8753E+00
  3.8112E-01  5.9298E-01 -8.7956E-05  1.9944E-01  1.8295E+00  2.9088E-02 -1.8247E+00
  3.8253E-01  5.9933E-01 -9.2170E-05  1.9690E-01  1.7721E+00  2.9294E-02 -1.7672E+00
  3.8390E-01  6.0543E-01 -9.6443E-05  1.9452E-01  1.7090E+00  2.9662E-02 -1.7036E+00
  3.8533E-01  6.1178E-01 -1.0117E-04  1.9214E-01  1.6336E+00  3.0266E-02 -1.6278E+00
  3.8671E-01  6.1789E-01 -1.0603E-04  1.8994E-01  1.5511E+00  3.1072E-02 -1.5446E+00
  3.8810E-01  6.2399E-01 -1.1123E-04  1.8787E-01  1.4584E+00  3.2078E-02 -1.4510E+00
  3.8955E-01  6.3034E-01 -1.1701E-04  1.8584E-01  1.3520E+00  3.3228E-02 -1.3434E+00
  3.9094E-01  6.3644E-01 -1.2293E-04  1.8404E-01  1.2420E+00  3.4220E-02 -1.2320E+00
  3.9234E-01  6.4254E-01 -1.2914E-04  1.8240E-01  1.1282E+00  3.4870E-02 -1.1167E+00
  3.9375E-01  6.4865E-01 -1.3555E-04  1.8091E-01  1.0152E+00  3.5039E-02 -1.0023E+00
  3.9515E-01  6.5475E-01 -1.4204E-04  1.7958E-01  9.0795E-01  3.4744E-02 -8.9364E-01
  3.9651E-01  6.6061E-01 -1.4823E-04  1.7843E-01  8.1414E-01  3.4148E-02 -7.9862E-01
  3.9792E-01  6.6671E-01 -1.5454E-04  1.7737E-01  7.2858E-01  3.3388E-02 -7.1189E-01
  3.9933E-01  6.7282E-01 -1.6066E-04  1.7642E-01  6.5648E-01  3.2655E-02 -6.3862E-01
  4.0075E-01  6.7892E-01 -1.6655E-04  1.7556E-01  5.9741E-01  3.2050E-02 -5.7835E-01
  4.0211E-01  6.8478E-01 -1.7201E-04  1.7480E-01  5.5167E-01  3.1619E-02 -5.3143E-01
  4.0352E-01  6.9088E-01 -1.7752E-04  1.7408E-01  5.1367E-01  3.1312E-02 -4.9219E-01
  4.0494E-01  6.9699E-01 -1.8287E-04  1.7341E-01  4.8368E-01  3.1119E-02 -4.6096E-01
  4.0636E-01  7.0309E-01 -1.8810E-04  1.7277E-01  4.6001E-01  3.1008E-02 -4.3610E-01
  4.0772E-01  7.0895E-01 -1.9303E-04  1.7219E-01  4.4193E-01  3.0954E-02 -4.1694E-01
  4.0914E-01  7.1505E-01 -1.9810E-04  1.7161E-01  4.2686E-01  3.0935E-02 -4.0082E-01
  4.1056E-01  7.2116E-01 -2.0312E-04  1.7105E-01  4.1477E-01  3.0941E-02 -3.8776E-01
  4.1192E-01  7.2702E-01 -2.0790E-04  1.7053E-01  4.0536E-01  3.0963E-02 -3.7747E-01
  4.1334E-01  7.3312E-01 -2.1286E-04  1.7000E-01  3.9733E-01  3.0997E-02 -3.6861E-01
  4.1470E-01  7.3898E-01 -2.1760E-04  1.6950E-01  3.9097E-01  3.1036E-02 -3.6152E-01
  4.1612E-01  7.4508E-01 -2.2253E-04  1.6900E-01  3.8547E-01  3.1082E-02 -3.5529E-01
  4.1754E-01  7.5119E-01 -2.2745E-04  1.6849E-01  3.8087E-01  3.1132E-02 -3.5002E-01
  4.1890E-01  7.5705E-01 -2.3218E-04  1.6802E-01  3.7714E-01  3.1182E-02 -3.4568E-01
  4.2032E-01  7.6315E-01 -2.3710E-04  1.6753E-01  3.7383E-01  3.1236E-02 -3.4177E-01
  4.2174E-01  7.6925E-01 -2.4204E-04  1.6705E-01  3.7099E-01  3.1292E-02 -3.3835E-01
  4.2311E-01  7.7511E-01 -2.4678E-04  1.6659E-01  3.6862E-01  3.1347E-02 -3.3545E-01
  4.2453E-01  7.8122E-01 -2.5172E-04  1.6612E-01  3.6646E-01  3.1404E-02 -3.3275E-01
  4.2595E-01  7.8732E-01 -2.5667E-04  1.6564E-01  3.6456E-01  3.1462E-02 -3.3033E-01
  4.2731E-01  7.9318E-01 -2.6143E-04  1.6520E-01  3.6293E-01  3.1518E-02 -3.2821E-01
  4.2873E-01  7.9928E-01 -2.6639E-04  1.6473E-01  3.6140E-01  3.1576E-02 -3.2618E-01
  4.3015E-01  8.0539E-01 -2.7137E-04  1.6427E-01  3.6002E-01  3.1633E-02 -3.2431E-01
  4.3152E-01  8.1125E-01 -2.7615E-04  1.6383E-01  3.5881E-01  3.1688E-02 -3.2263E-01
  4.3294E-01  8.1735E-01 -2.8114E-04  1.6337E-01  3.5765E-01  3.1744E-02 -3.2099E-01
  4.3430E-01  8.2321E-01 -2.8593E-04  1.6293E-01  3.5663E-01  3.1798E-02 -3.1951E-01
  4.3572E-01  8.2931E-01 -2.9093E-04  1.6248E-01  3.5564E-01  3.1853E-02 -3.1805E-01
  4.3714E-01  8.3542E-01 -2.9595E-04  1.6203E-01  3.5472E-01  3.1909E-02 -3.1666E-01
  4.3851E-01  8.4127E-01 -3.0077E-04  1.6160E-01  3.5389E-01  3.1962E-02 -3.1539E-01
  4.3993E-01  8.4738E-01 -3.0581E-04  1.6115E-01  3.5309E-01  3.2018E-02 -3.1412E-01
  4.4135E-01  8.5348E-01 -3.1085E-04  1.6071E-01  3.5234E-01  3.2074E-02 -3.1291E-01
  4.4271E-01  8.5934E-01 -3.1571E-04  1.6028E-01  3.5166E-01  3.2127E-02 -3.1178E-01
  4.4413E-01  8.6544E-01 -3.2077E-04  1.5984E-01  3.5100E-01  3.2182E-02 -3.1066E-01
  4.4700E-01  8.7776E-01 -3.3102E-04  1.5895E-01  3.4979E-01  3.2290E-02 -3.0852E-01
