  3.0831E-01  7.5492E-02 -5.5424E-05  3.9965E-01  6.7820E-01  9.4976E-03 -6.4616E-01
  3.0971E-01  1.0894E-01 -5.4716E-05  3.9821E-01  1.4079E+00  1.6133E-02 -1.3868E+00
  3.1110E-01  1.3433E-01 -5.3830E-05  3.9583E-01  2.0143E+00  2.0551E-02 -1.9986E+00
  3.1251E-01  1.5581E-01 -5.2846E-05  3.9266E-01  2.5007E+00  2.3386E-02 -2.4885E+00
  3.1391E-01  1.7461E-01 -5.1820E-05  3.8891E-01  2.8743E+00  2.5038E-02 -2.8645E+00
  3.1532E-01  1.9170E-01 -5.0770E-05  3.8467E-01  3.1561E+00  2.5892E-02 -3.1482E+00
  3.1672E-01  2.0733E-01 -4.9731E-05  3.8010E-01  3.3597E+00  2.6239E-02 -3.3531E+00
  3.1810E-01  2.2173E-01 -4.8719E-05  3.7535E-01  3.5011E+00  2.6321E-02 -3.4954E+00
  3.1951E-01  2.3540E-01 -4.7721E-05  3.7038E-01  3.5968E+00  2.6274E-02 -3.5919E+00
  3.2091E-01  2.4834E-01 -4.6751E-05  3.6530E-01  3.6559E+00  2.6149E-02 -3.6515E+00
  3.2233E-01  2.6080E-01 -4.5802E-05  3.6009E-01  3.6863E+00  2.5976E-02 -3.6823E+00
  3.2372E-01  2.7251E-01 -4.4900E-05  3.5494E-01  3.6935E+00  2.5787E-02 -3.6898E+00
  3.2512E-01  2.8374E-01 -4.4030E-05  3.4981E-01  3.6827E+00  2.5601E-02 -3.6794E+00
  3.2653E-01  2.9473E-01 -4.3179E-05  3.4461E-01  3.6575E+00  2.5433E-02 -3.6543E+00
  3.2793E-01  3.0523E-01 -4.2367E-05  3.3952E-01  3.6213E+00  2.5301E-02 -3.6183E+00
  3.2931E-01  3.1524E-01 -4.1597E-05  3.3457E-01  3.5776E+00  2.5208E-02 -3.5747E+00
  3.3073E-01  3.2525E-01 -4.0831E-05  3.2953E-01  3.5261E+00  2.5150E-02 -3.5234E+00
  3.3211E-01  3.3477E-01 -4.0109E-05  3.2468E-01  3.4713E+00  2.5124E-02 -3.4686E+00
  3.3350E-01  3.4405E-01 -3.9411E-05  3.1991E-01  3.4134E+00  2.5126E-02 -3.4107E+00
  3.3492E-01  3.5332E-01 -3.8721E-05  3.1511E-01  3.3518E+00  2.5153E-02 -3.3492E+00
  3.3634E-01  3.6236E-01 -3.8055E-05  3.1041E-01  3.2892E+00  2.5201E-02 -3.2866E+00
  3.3770E-01  3.7090E-01 -3.7434E-05  3.0596E-01  3.2280E+00  2.5266E-02 -3.2255E+00
  3.3914E-01  3.7969E-01 -3.6802E-05  3.0138E-01  3.1639E+00  2.5350E-02 -3.1613E+00
  3.4052E-01  3.8799E-01 -3.6214E-05  2.9706E-01  3.1025E+00  2.5446E-02 -3.0999E+00
  3.4192E-01  3.9629E-01 -3.5633E-05  2.9275E-01  3.0409E+00  2.5553E-02 -3.0383E+00
  3.4331E-01  4.0435E-01 -3.5077E-05  2.8858E-01  2.9813E+00  2.5667E-02 -2.9786E+00
  3.4471E-01  4.1241E-01 -3.4528E-05  2.8443E-01  2.9220E+00  2.5789E-02 -2.9193E+00
  3.4610E-01  4.2022E-01 -3.4002E-05  2.8042E-01  2.8652E+00  2.5913E-02 -2.8625E+00
  3.4751E-01  4.2803E-01 -3.3482E-05  2.7643E-01  2.8092E+00  2.6042E-02 -2.8065E+00
  3.4893E-01  4.3584E-01 -3.2968E-05  2.7247E-01  2.7543E+00  2.6174E-02 -2.7515E+00
  3.5033E-01  4.4341E-01 -3.2476E-05  2.6866E-01  2.7021E+00  2.6303E-02 -2.6993E+00
  3.5170E-01  4.5074E-01 -3.2005E-05  2.6499E-01  2.6529E+00  2.6430E-02 -2.6500E+00
  3.5314E-01  4.5831E-01 -3.1524E-05  2.6123E-01  2.6032E+00  2.6563E-02 -2.6003E+00
  3.5454E-01  4.6563E-01 -3.1064E-05  2.5761E-01  2.5564E+00  2.6691E-02 -2.5534E+00
  3.5591E-01  4.7271E-01 -3.0625E-05  2.5414E-01  2.5125E+00  2.6815E-02 -2.5095E+00
  3.5734E-01  4.8003E-01 -3.0176E-05  2.5057E-01  2.4684E+00  2.6941E-02 -2.4653E+00
  3.5874E-01  4.8711E-01 -2.9747E-05  2.4715E-01  2.4270E+00  2.7060E-02 -2.4239E+00
  3.6011E-01  4.9395E-01 -2.9337E-05  2.4387E-01  2.3883E+00  2.7171E-02 -2.3850E+00
  3.6153E-01  5.0103E-01 -2.8918E-05  2.4050E-01  2.3492E+00  2.7280E-02 -2.3459E+00
  3.6292E-01  5.0787E-01 -2.8518E-05  2.3727E-01  2.3125E+00  2.7381E-02 -2.3091E+00
  3.6432E-01  5.1470E-01 -2.8123E-05  2.3406E-01  2.2765E+00  2.7478E-02 -2.2731E+00
  3.6573E-01  5.2154E-01 -2.7732E-05  2.3087E-01  2.2414E+00  2.7571E-02 -2.2379E+00
  3.6711E-01  5.2813E-01 -2.7361E-05  2.2783E-01  2.2080E+00  2.7654E-02 -2.2045E+00
  3.6854E-01  5.3497E-01 -2.6981E-05  2.2469E-01  2.1738E+00  2.7728E-02 -2.1702E+00
  3.6993E-01  5.4156E-01 -2.6622E-05  2.2169E-01  2.1410E+00  2.7787E-02 -2.1374E+00
  3.7134E-01  5.4815E-01 -2.6269E-05  2.1871E-01  2.1080E+00  2.7833E-02 -2.1042E+00
  3.7275E-01  5.5474E-01 -2.5924E-05  2.1577E-01  2.0742E+00  2.7864E-02 -2.0704E+00
  3.7412E-01  5.6109E-01 -2.5601E-05  2.1295E-01  2.0405E+00  2.7883E-02 -2.0366E+00
  3.7555E-01  5.6768E-01 -2.5276E-05  2.1007E-01  2.0036E+00  2.7897E-02 -1.9997E+00
  3.7693E-01  5.7403E-01 -2.4976E-05  2.0732E-01  1.9657E+00  2.7909E-02 -1.9617E+00
  3.7833E-01  5.8038E-01 -2.4692E-05  2.0461E-01  1.9246E+00  2.7924E-02 -1.9205E+00
  3.7973E-01  5.8672E-01 -2.4426E-05  2.0195E-01  1.8795E+00  2.7958E-02 -1.8752E+00
  3.8114E-01  5.9307E-01 -2.4183E-05  1.9934E-01  1.8289E+00  2.8044E-02 -1.8245E+00
  3.8255E-01  5.9942E-01 -2.3966E-05  1.9680E-01  1.7713E+00  2.8240E-02 -1.7666E+00
  3.8392E-01  6.0552E-01 -2.3787E-05  1.9442E-01  1.7078E+00  2.8598E-02 -1.7028E+00
  3.8535E-01  6.1187E-01 -2.3636E-05  1.9204E-01  1.6321E+00  2.9192E-02 -1.6267E+00
  3.8673E-01  6.1797E-01 -2.3529E-05  1.8985E-01  1.5492E+00  2.9992E-02 -1.5431E+00
  3.8812E-01  6.2408E-01 -2.3459E-05  1.8777E-01  1.4561E+00  3.0992E-02 -1.4492E+00
  3.8951E-01  6.3018E-01 -2.3426E-05  1.8583E-01  1.3536E+00  3.2095E-02 -1.3456E+00
  3.9091E-01  6.3628E-01 -2.3426E-05  1.8403E-01  1.2435E+00  3.3098E-02 -1.2342E+00
  3.9231E-01  6.4239E-01 -2.3455E-05  1.8238E-01  1.1296E+00  3.3770E-02 -1.1189E+00
  3.9371E-01  6.4849E-01 -2.3505E-05  1.8089E-01  1.0166E+00  3.3965E-02 -1.0044E+00
  3.9512E-01  6.5459E-01 -2.3566E-05  1.7955E-01  9.0913E-01  3.3691E-02 -8.9569E-01
  3.9653E-01  6.6070E-01 -2.3630E-05  1.7836E-01  8.1146E-01  3.3078E-02 -7.9685E-01
  3.9794E-01  6.6680E-01 -2.3690E-05  1.7730E-01  7.2624E-01  3.2315E-02 -7.1054E-01
  3.9935E-01  6.7291E-01 -2.3741E-05  1.7635E-01  6.5446E-01  3.1577E-02 -6.3771E-01
  4.0071E-01  6.7876E-01 -2.3778E-05  1.7552E-01  5.9780E-01  3.0987E-02 -5.8001E-01
  4.0213E-01  6.8487E-01 -2.3805E-05  1.7474E-01  5.5018E-01  3.0530E-02 -5.3127E-01
  4.0354E-01  6.9097E-01 -2.3821E-05  1.7401E-01  5.1237E-01  3.0220E-02 -4.9232E-01
  4.0490E-01  6.9683E-01 -2.3827E-05  1.7336E-01  4.8357E-01  3.0030E-02 -4.6243E-01
  4.0632E-01  7.0293E-01 -2.3825E-05  1.7273E-01  4.5977E-01  2.9913E-02 -4.3754E-01
  4.0774E-01  7.0904E-01 -2.3817E-05  1.7212E-01  4.4091E-01  2.9854E-02 -4.1764E-01
  4.0910E-01  7.1490E-01 -2.3805E-05  1.7156E-01  4.2642E-01  2.9833E-02 -4.0222E-01
  4.1052E-01  7.2100E-01 -2.3789E-05  1.7100E-01  4.1425E-01  2.9837E-02 -3.8914E-01
  4.1194E-01  7.2710E-01 -2.3770E-05  1.7046E-01  4.0441E-01  2.9857E-02 -3.7847E-01
  4.1330E-01  7.3296E-01 -2.3749E-05  1.6995E-01  3.9668E-01  2.9888E-02 -3.6999E-01
  4.1472E-01  7.3907E-01 -2.3726E-05  1.6943E-01  3.9003E-01  2.9927E-02 -3.6263E-01
  4.1614E-01  7.4517E-01 -2.3703E-05  1.6892E-01  3.8453E-01  2.9972E-02 -3.5645E-01
  4.1750E-01  7.5103E-01 -2.3679E-05  1.6843E-01  3.8009E-01  3.0017E-02 -3.5141E-01
  4.1892E-01  7.5713E-01 -2.3653E-05  1.6794E-01  3.7618E-01  3.0068E-02 -3.4691E-01
  4.2034E-01  7.6324E-01 -2.3628E-05  1.6745E-01  3.7286E-01  3.0120E-02 -3.4303E-01
  4.2171E-01  7.6910E-01 -2.3602E-05  1.6698E-01  3.7011E-01  3.0170E-02 -3.3977E-01
  4.2313E-01  7.7520E-01 -2.3576E-05  1.6650E-01  3.6762E-01  3.0224E-02 -3.3677E-01
  4.2455E-01  7.8130E-01 -2.3550E-05  1.6603E-01  3.6545E-01  3.0279E-02 -3.3409E-01
  4.2591E-01  7.8716E-01 -2.3525E-05  1.6557E-01  3.6360E-01  3.0331E-02 -3.3178E-01
  4.2733E-01  7.9327E-01 -2.3499E-05  1.6510E-01  3.6188E-01  3.0386E-02 -3.2959E-01
  4.2875E-01  7.9937E-01 -2.3473E-05  1.6464E-01  3.6034E-01  3.0441E-02 -3.2758E-01
  4.3012E-01  8.0523E-01 -2.3449E-05  1.6419E-01  3.5899E-01  3.0493E-02 -3.2580E-01
  4.3154E-01  8.1133E-01 -2.3424E-05  1.6373E-01  3.5771E-01  3.0548E-02 -3.2407E-01
  4.3290E-01  8.1719E-01 -2.3401E-05  1.6329E-01  3.5658E-01  3.0600E-02 -3.2251E-01
  4.3432E-01  8.2330E-01 -2.3377E-05  1.6283E-01  3.5550E-01  3.0654E-02 -3.2098E-01
  4.3574E-01  8.2940E-01 -2.3353E-05  1.6238E-01  3.5449E-01  3.0708E-02 -3.1954E-01
  4.3711E-01  8.3526E-01 -2.3330E-05  1.6194E-01  3.5360E-01  3.0760E-02 -3.1822E-01
  4.3853E-01  8.4136E-01 -2.3307E-05  1.6149E-01  3.5272E-01  3.0813E-02 -3.1691E-01
  4.3995E-01  8.4747E-01 -2.3283E-05  1.6104E-01  3.5190E-01  3.0866E-02 -3.1566E-01
  4.4131E-01  8.5333E-01 -2.3261E-05  1.6061E-01  3.5116E-01  3.0917E-02 -3.1450E-01
  4.4273E-01  8.5943E-01 -2.3238E-05  1.6016E-01  3.5044E-01  3.0969E-02 -3.1335E-01
  4.4415E-01  8.6553E-01 -2.3214E-05  1.5972E-01  3.4977E-01  3.1021E-02 -3.1225E-01
  4.4700E-01  8.7776E-01 -2.3168E-05  1.5883E-01  3.4853E-01  3.1123E-02 -3.1015E-01
