  3.0831E-01  7.5540E-02  4.8713E-06  3.9962E-01  6.7817E-01  9.4711E-03 -6.4635E-01
  3.0971E-01  1.0899E-01  4.9248E-06  3.9818E-01  1.4077E+00  1.6086E-02 -1.3868E+00
  3.1111E-01  1.3438E-01  5.1666E-06  3.9580E-01  2.0141E+00  2.0487E-02 -1.9985E+00
  3.1251E-01  1.5586E-01  5.4641E-06  3.9263E-01  2.5004E+00  2.3308E-02 -2.4883E+00
  3.1391E-01  1.7466E-01  5.7272E-06  3.8887E-01  2.8739E+00  2.4946E-02 -2.8642E+00
  3.1532E-01  1.9175E-01  5.9229E-06  3.8463E-01  3.1557E+00  2.5786E-02 -3.1477E+00
  3.1672E-01  2.0738E-01  6.0250E-06  3.8007E-01  3.3591E+00  2.6123E-02 -3.3525E+00
  3.1811E-01  2.2178E-01  6.0283E-06  3.7531E-01  3.5005E+00  2.6196E-02 -3.4948E+00
  3.1951E-01  2.3545E-01  5.9421E-06  3.7034E-01  3.5961E+00  2.6141E-02 -3.5912E+00
  3.2091E-01  2.4839E-01  5.7714E-06  3.6526E-01  3.6551E+00  2.6007E-02 -3.6507E+00
  3.2230E-01  2.6060E-01  5.5229E-06  3.6016E-01  3.6851E+00  2.5830E-02 -3.6812E+00
  3.2373E-01  2.7256E-01  5.1962E-06  3.5491E-01  3.6926E+00  2.5628E-02 -3.6890E+00
  3.2512E-01  2.8379E-01  4.8124E-06  3.4977E-01  3.6819E+00  2.5435E-02 -3.6785E+00
  3.2651E-01  2.9453E-01  4.3721E-06  3.4469E-01  3.6573E+00  2.5263E-02 -3.6541E+00
  3.2790E-01  3.0503E-01  3.8735E-06  3.3960E-01  3.6214E+00  2.5122E-02 -3.6184E+00
  3.2932E-01  3.1529E-01  3.3242E-06  3.3453E-01  3.5766E+00  2.5020E-02 -3.5738E+00
  3.3073E-01  3.2530E-01  2.7318E-06  3.2949E-01  3.5252E+00  2.4955E-02 -3.5225E+00
  3.3212E-01  3.3482E-01  2.1211E-06  3.2464E-01  3.4704E+00  2.4925E-02 -3.4677E+00
  3.3351E-01  3.4410E-01  1.4851E-06  3.1987E-01  3.4125E+00  2.4922E-02 -3.4098E+00
  3.3493E-01  3.5337E-01  8.1154E-07  3.1507E-01  3.3509E+00  2.4945E-02 -3.3483E+00
  3.3630E-01  3.6216E-01  1.4227E-07  3.1051E-01  3.2900E+00  2.4987E-02 -3.2874E+00
  3.3771E-01  3.7095E-01 -5.5373E-07  3.0593E-01  3.2271E+00  2.5050E-02 -3.2246E+00
  3.3910E-01  3.7950E-01 -1.2534E-06  3.0148E-01  3.1648E+00  2.5129E-02 -3.1622E+00
  3.4052E-01  3.8804E-01 -1.9724E-06  2.9703E-01  3.1017E+00  2.5223E-02 -3.0991E+00
  3.4193E-01  3.9634E-01 -2.6868E-06  2.9272E-01  3.0401E+00  2.5328E-02 -3.0375E+00
  3.4331E-01  4.0440E-01 -3.3931E-06  2.8855E-01  2.9804E+00  2.5440E-02 -2.9778E+00
  3.4472E-01  4.1245E-01 -4.1102E-06  2.8440E-01  2.9212E+00  2.5560E-02 -2.9185E+00
  3.4611E-01  4.2027E-01 -4.8139E-06  2.8039E-01  2.8643E+00  2.5684E-02 -2.8617E+00
  3.4752E-01  4.2808E-01 -5.5241E-06  2.7641E-01  2.8084E+00  2.5812E-02 -2.8057E+00
  3.4894E-01  4.3589E-01 -6.2397E-06  2.7245E-01  2.7535E+00  2.5943E-02 -2.7507E+00
  3.5034E-01  4.4346E-01 -6.9368E-06  2.6863E-01  2.7014E+00  2.6071E-02 -2.6986E+00
  3.5171E-01  4.5078E-01 -7.6139E-06  2.6496E-01  2.6521E+00  2.6197E-02 -2.6493E+00
  3.5315E-01  4.5835E-01 -8.3154E-06  2.6120E-01  2.6025E+00  2.6329E-02 -2.5996E+00
  3.5450E-01  4.6543E-01 -8.9730E-06  2.5771E-01  2.5572E+00  2.6453E-02 -2.5543E+00
  3.5592E-01  4.7276E-01 -9.6542E-06  2.5412E-01  2.5118E+00  2.6581E-02 -2.5088E+00
  3.5731E-01  4.7984E-01 -1.0313E-05  2.5067E-01  2.4691E+00  2.6703E-02 -2.4661E+00
  3.5870E-01  4.8692E-01 -1.0972E-05  2.4725E-01  2.4278E+00  2.6821E-02 -2.4247E+00
  3.6012E-01  4.9400E-01 -1.1631E-05  2.4385E-01  2.3876E+00  2.6936E-02 -2.3844E+00
  3.6154E-01  5.0108E-01 -1.2290E-05  2.4048E-01  2.3486E+00  2.7045E-02 -2.3453E+00
  3.6293E-01  5.0791E-01 -1.2927E-05  2.3725E-01  2.3118E+00  2.7146E-02 -2.3085E+00
  3.6433E-01  5.1475E-01 -1.3565E-05  2.3404E-01  2.2759E+00  2.7243E-02 -2.2726E+00
  3.6574E-01  5.2159E-01 -1.4203E-05  2.3085E-01  2.2407E+00  2.7335E-02 -2.2373E+00
  3.6712E-01  5.2818E-01 -1.4820E-05  2.2781E-01  2.2074E+00  2.7416E-02 -2.2039E+00
  3.6855E-01  5.3501E-01 -1.5462E-05  2.2467E-01  2.1732E+00  2.7490E-02 -2.1697E+00
  3.6994E-01  5.4161E-01 -1.6084E-05  2.2167E-01  2.1404E+00  2.7548E-02 -2.1368E+00
  3.7135E-01  5.4820E-01 -1.6711E-05  2.1870E-01  2.1074E+00  2.7591E-02 -2.1037E+00
  3.7271E-01  5.5454E-01 -1.7321E-05  2.1586E-01  2.0749E+00  2.7620E-02 -2.0711E+00
  3.7413E-01  5.6114E-01 -1.7964E-05  2.1294E-01  2.0399E+00  2.7638E-02 -2.0361E+00
  3.7550E-01  5.6748E-01 -1.8598E-05  2.1016E-01  2.0044E+00  2.7649E-02 -2.0005E+00
  3.7694E-01  5.7408E-01 -1.9275E-05  2.0731E-01  1.9651E+00  2.7658E-02 -1.9611E+00
  3.7834E-01  5.8042E-01 -1.9949E-05  2.0460E-01  1.9240E+00  2.7670E-02 -1.9199E+00
  3.7974E-01  5.8677E-01 -2.0652E-05  2.0194E-01  1.8788E+00  2.7701E-02 -1.8746E+00
  3.8115E-01  5.9312E-01 -2.1390E-05  1.9933E-01  1.8282E+00  2.7785E-02 -1.8238E+00
  3.8251E-01  5.9922E-01 -2.2145E-05  1.9688E-01  1.7729E+00  2.7970E-02 -1.7684E+00
  3.8393E-01  6.0557E-01 -2.2988E-05  1.9441E-01  1.7070E+00  2.8340E-02 -1.7021E+00
  3.8531E-01  6.1167E-01 -2.3869E-05  1.9212E-01  1.6343E+00  2.8910E-02 -1.6290E+00
  3.8675E-01  6.1802E-01 -2.4868E-05  1.8984E-01  1.5483E+00  2.9742E-02 -1.5423E+00
  3.8813E-01  6.2412E-01 -2.5920E-05  1.8777E-01  1.4552E+00  3.0748E-02 -1.4484E+00
  3.8952E-01  6.3023E-01 -2.7065E-05  1.8582E-01  1.3526E+00  3.1854E-02 -1.3447E+00
  3.9092E-01  6.3633E-01 -2.8305E-05  1.8402E-01  1.2425E+00  3.2854E-02 -1.2333E+00
  3.9232E-01  6.4244E-01 -2.9626E-05  1.8237E-01  1.1286E+00  3.3519E-02 -1.1180E+00
  3.9372E-01  6.4854E-01 -3.1007E-05  1.8088E-01  1.0155E+00  3.3703E-02 -1.0035E+00
  3.9513E-01  6.5464E-01 -3.2416E-05  1.7955E-01  9.0807E-01  3.3420E-02 -8.9484E-01
  3.9654E-01  6.6075E-01 -3.3822E-05  1.7836E-01  8.1044E-01  3.2800E-02 -7.9606E-01
  3.9795E-01  6.6685E-01 -3.5197E-05  1.7730E-01  7.2526E-01  3.2035E-02 -7.0983E-01
  3.9931E-01  6.7271E-01 -3.6471E-05  1.7638E-01  6.5616E-01  3.1325E-02 -6.3972E-01
  4.0072E-01  6.7881E-01 -3.7740E-05  1.7552E-01  5.9693E-01  3.0711E-02 -5.7944E-01
  4.0214E-01  6.8492E-01 -3.8951E-05  1.7474E-01  5.4935E-01  3.0258E-02 -5.3076E-01
  4.0355E-01  6.9102E-01 -4.0110E-05  1.7402E-01  5.1158E-01  2.9950E-02 -4.9186E-01
  4.0491E-01  6.9688E-01 -4.1181E-05  1.7337E-01  4.8281E-01  2.9763E-02 -4.6202E-01
  4.0633E-01  7.0298E-01 -4.2264E-05  1.7273E-01  4.5903E-01  2.9649E-02 -4.3716E-01
  4.0775E-01  7.0909E-01 -4.3320E-05  1.7212E-01  4.4019E-01  2.9592E-02 -4.1729E-01
  4.0911E-01  7.1495E-01 -4.4314E-05  1.7157E-01  4.2571E-01  2.9572E-02 -4.0189E-01
  4.1053E-01  7.2105E-01 -4.5336E-05  1.7101E-01  4.1354E-01  2.9577E-02 -3.8884E-01
  4.1195E-01  7.2715E-01 -4.6348E-05  1.7046E-01  4.0371E-01  2.9598E-02 -3.7818E-01
  4.1331E-01  7.3301E-01 -4.7312E-05  1.6995E-01  3.9598E-01  2.9629E-02 -3.6972E-01
  4.1473E-01  7.3912E-01 -4.8312E-05  1.6943E-01  3.8933E-01  2.9668E-02 -3.6236E-01
  4.1615E-01  7.4522E-01 -4.9309E-05  1.6892E-01  3.8382E-01  2.9713E-02 -3.5619E-01
  4.1751E-01  7.5108E-01 -5.0265E-05  1.6844E-01  3.7938E-01  2.9759E-02 -3.5116E-01
  4.1893E-01  7.5718E-01 -5.1261E-05  1.6795E-01  3.7548E-01  2.9809E-02 -3.4667E-01
  4.2036E-01  7.6329E-01 -5.2259E-05  1.6746E-01  3.7215E-01  2.9861E-02 -3.4279E-01
  4.2172E-01  7.6914E-01 -5.3219E-05  1.6699E-01  3.6940E-01  2.9912E-02 -3.3954E-01
  4.2314E-01  7.7525E-01 -5.4222E-05  1.6651E-01  3.6691E-01  2.9965E-02 -3.3654E-01
  4.2450E-01  7.8111E-01 -5.5186E-05  1.6605E-01  3.6481E-01  3.0017E-02 -3.3397E-01
  4.2592E-01  7.8721E-01 -5.6194E-05  1.6558E-01  3.6288E-01  3.0072E-02 -3.3156E-01
  4.2734E-01  7.9331E-01 -5.7205E-05  1.6511E-01  3.6116E-01  3.0126E-02 -3.2938E-01
  4.2871E-01  7.9917E-01 -5.8179E-05  1.6466E-01  3.5967E-01  3.0179E-02 -3.2745E-01
  4.3013E-01  8.0528E-01 -5.9198E-05  1.6420E-01  3.5827E-01  3.0233E-02 -3.2559E-01
  4.3155E-01  8.1138E-01 -6.0220E-05  1.6374E-01  3.5699E-01  3.0287E-02 -3.2387E-01
  4.3291E-01  8.1724E-01 -6.1205E-05  1.6330E-01  3.5585E-01  3.0339E-02 -3.2232E-01
  4.3433E-01  8.2334E-01 -6.2235E-05  1.6284E-01  3.5477E-01  3.0393E-02 -3.2079E-01
  4.3575E-01  8.2945E-01 -6.3270E-05  1.6239E-01  3.5376E-01  3.0447E-02 -3.1935E-01
  4.3712E-01  8.3531E-01 -6.4267E-05  1.6195E-01  3.5286E-01  3.0499E-02 -3.1804E-01
  4.3854E-01  8.4141E-01 -6.5311E-05  1.6150E-01  3.5198E-01  3.0552E-02 -3.1673E-01
  4.3990E-01  8.4727E-01 -6.6316E-05  1.6107E-01  3.5119E-01  3.0602E-02 -3.1553E-01
  4.4132E-01  8.5337E-01 -6.7368E-05  1.6062E-01  3.5042E-01  3.0655E-02 -3.1434E-01
  4.4274E-01  8.5948E-01 -6.8423E-05  1.6018E-01  3.4970E-01  3.0707E-02 -3.1319E-01
  4.4411E-01  8.6534E-01 -6.9440E-05  1.5975E-01  3.4904E-01  3.0757E-02 -3.1213E-01
  4.4700E-01  8.7776E-01 -7.1607E-05  1.5885E-01  3.4779E-01  3.0860E-02 -3.1001E-01
