 -8.0211E-06 -1.7063E-06  1.5026E+00  6.3306E+00 -6.6405E+00  2.5725E+06  5.1103E+00 -2.0000E-03   1   5
  1.9264E-03  7.0993E-03  5.7437E-04 -8.7636E+03  9.6001E+03  5.6827E+04  0.0000E+00 -2.0000E-03   1   3
 -5.1315E-03  4.9100E-04 -2.3236E-03  1.9812E+04 -9.8193E+03 -4.0177E+04  0.0000E+00 -2.0000E-03   1   3
  3.3802E-03  1.0001E-02  1.1136E-03 -7.8814E+03  2.5520E+04  9.8634E+04  0.0000E+00 -2.0000E-03   1   3
 -5.5516E-03  3.5906E-05 -4.6586E-03  4.9274E+04 -8.9500E+03 -8.6425E+04  0.0000E+00 -2.0000E-03   1   3
  3.5173E-03  9.4787E-03  2.0462E-03 -5.0140E+03  2.9061E+04  1.1644E+05  0.0000E+00 -2.0000E-03   1   3
 -4.1719E-03 -1.0187E-04 -4.9494E-03  4.8938E+04 -5.2431E+03 -1.1074E+05  0.0000E+00 -2.0000E-03   1   3
 -7.0348E-03  1.3632E-02 -2.0057E-03 -2.5931E+04 -9.7606E+02  7.8435E+04  0.0000E+00 -2.0000E-03   1   5
 -7.3434E-03  1.2292E-02 -4.5535E-03 -7.4308E+03 -3.1524E+04  2.9765E+04  0.0000E+00 -2.0000E-03   1   5
 -5.2003E-03  8.2550E-03 -4.2177E-03  7.9430E+03 -4.1236E+04 -1.9725E+04  0.0000E+00 -2.0000E-03   1   5
 -3.0708E-03  5.0001E-03 -4.0282E-03  1.3487E+04 -3.9340E+04 -6.8591E+04  0.0000E+00 -2.0000E-03   1   5
  5.8137E-05  2.6939E-03  3.6905E-03 -3.6435E+03  8.0643E+03  1.3341E+05  0.0000E+00 -2.0000E-03   1   5
  1.2585E-03  5.3438E-03  1.5670E-03 -5.7844E+03  1.0625E+04  7.6824E+04  0.0000E+00 -2.0000E-03   1   5
  7.9524E-04  2.2374E-03  2.5357E-04 -3.8239E+03  8.0421E+01  1.3673E+04  0.0000E+00 -2.0000E-03   1   5
  3.6979E-03 -2.8652E-04 -1.3893E-03 -1.0080E+04  6.4128E+03 -2.9513E+04  0.0000E+00 -2.0000E-03   1   5
  2.8499E-03 -1.0643E-03 -3.1129E-03 -1.9018E+04  1.1983E+04 -8.0404E+04  0.0000E+00 -2.0000E-03   1   5
  6.0022E-03 -6.2353E-03  2.3857E-03  2.5341E+04 -8.2054E+03  1.1826E+05  0.0000E+00 -2.0000E-03   1   5
  1.1063E-02 -6.1567E-03 -1.2172E-03  1.6106E+04  1.3176E+04  6.4397E+04  0.0000E+00 -2.0000E-03   1   5
  1.1586E-02 -5.7568E-03 -4.8899E-03 -2.1916E+04  3.3806E+04  1.0274E+04  0.0000E+00 -2.0000E-03   1   5
 -9.3691E-03 -2.1116E-03 -5.9058E-03  6.4890E+04 -9.0087E+02 -4.5033E+04  0.0000E+00 -2.0000E-03   1   5
 -5.0495E-03 -3.1859E-03 -5.9446E-03  6.3272E+04  2.9140E+04 -9.8497E+04  0.0000E+00 -2.0000E-03   1   5
 -1.0861E-02 -6.3637E-03  5.6586E-04 -1.1554E+04 -2.8404E+04  9.9532E+04  0.0000E+00 -2.0000E-03   1   5
 -9.0543E-03 -1.1952E-02 -3.2598E-03  2.0796E+04 -1.1047E+04  5.6628E+04  0.0000E+00 -2.0000E-03   1   5
 -7.4489E-04  1.2271E-02 -5.4163E-03 -1.6727E+04 -4.6510E+04 -2.2236E+03  0.0000E+00 -2.0000E-03   1   5
 -1.1531E-03  8.6964E-03 -6.1362E-03 -4.7717E+03 -7.0014E+04 -6.2797E+04  0.0000E+00 -2.0000E-03   1   5
 -8.5332E-05  3.6015E-03 -4.4961E-03 -4.5089E+03 -4.0584E+04 -1.1105E+05  0.0000E+00 -2.0000E-03   1   5
  5.3269E-03  8.0480E-03  1.4048E-03 -4.6065E+02  2.5000E+04  1.0031E+05  0.0000E+00 -2.0000E-03   1   5
  5.1298E-03  7.0704E-03 -4.4126E-04 -9.9066E+03  8.8298E+03  4.0612E+04  0.0000E+00 -2.0000E-03   1   5
  6.5278E-03  5.9849E-03 -2.7716E-03 -2.6280E+04 -5.4142E+03 -7.5159E+03  0.0000E+00 -2.0000E-03   1   5
  5.8591E-03  2.7769E-03 -4.1045E-03 -4.2849E+04 -9.0371E+03 -6.1647E+04  0.0000E+00 -2.0000E-03   1   5
  2.6335E-03  7.5100E-04 -4.4870E-03 -3.3256E+04 -4.9215E+03 -1.2013E+05  0.0000E+00 -2.0000E-03   1   5
  1.4134E-02 -3.3308E-03 -1.2873E-03  2.0507E+04  1.7884E+04  8.1242E+04  0.0000E+00 -2.0000E-03   1   5
 -1.3949E-02  1.6880E-03 -4.6722E-03  2.3881E+04 -2.5163E+04  2.6883E+04  0.0000E+00 -2.0000E-03   1   5
 -9.6531E-03 -1.0692E-03 -4.3566E-03  4.2593E+04 -1.0592E+04 -2.1914E+04  0.0000E+00 -2.0000E-03   1   5
 -6.1440E-03 -2.4754E-03 -5.2021E-03  5.8025E+04  1.2242E+04 -7.9797E+04  0.0000E+00 -2.0000E-03   1   5
 -7.5467E-03 -2.4786E-03  2.8790E-03 -1.8416E+04 -1.8160E+04  1.2625E+05  0.0000E+00 -2.0000E-03   1   5
 -8.4056E-03 -8.0750E-03 -2.6357E-04  2.4587E+03 -2.1927E+04  7.4083E+04  0.0000E+00 -2.0000E-03   1   5
 -4.4675E-03 -1.0779E-02 -3.2667E-03  2.4505E+04  1.1813E+04  1.6437E+04  0.0000E+00 -2.0000E-03   1   5
 -9.6225E-04 -9.9797E-03 -5.1865E-03  2.0619E+04  4.8691E+04 -3.0365E+04  0.0000E+00 -2.0000E-03   1   5
  9.0466E-04 -6.1636E-03 -5.5566E-03  5.2269E+02  6.4397E+04 -8.9590E+04  0.0000E+00 -2.0000E-03   1   5
  6.3383E-03  1.1036E-02  6.1638E-04 -4.7825E+03  2.9395E+04  1.0212E+05  0.0000E+00 -2.0000E-03   1   5
  7.4704E-03  1.2623E-02 -2.6761E-03 -1.9074E+04  1.2413E+04  6.1070E+04  0.0000E+00 -2.0000E-03   1   5
  8.2310E-03  9.2451E-03 -4.3556E-03 -3.4833E+04 -9.7961E+03  1.0674E+04  0.0000E+00 -2.0000E-03   1   5
  7.3152E-03  5.4912E-03 -5.8036E-03 -5.8988E+04 -2.6083E+04 -5.2569E+04  0.0000E+00 -2.0000E-03   1   5
  5.1953E-03  2.3593E-03 -5.6763E-03 -6.2326E+04 -1.8490E+04 -9.9177E+04  0.0000E+00 -2.0000E-03   1   5
 -1.1775E-02  6.8689E-03 -1.8399E-04 -2.8396E+04 -7.1219E+03  9.3171E+04  0.0000E+00 -2.0000E-03   1   5
 -1.2216E-02  6.1570E-03 -2.3424E-03 -9.6951E+03 -1.8688E+04  5.5777E+04  0.0000E+00 -2.0000E-03   1   5
 -8.7258E-03  2.7799E-03 -2.5706E-03  1.4969E+04 -1.9585E+04 -6.2225E+01  0.0000E+00 -2.0000E-03   1   5
 -6.3374E-03  2.0229E-04 -3.3329E-03  3.2174E+04 -1.0883E+04 -4.8422E+04  0.0000E+00 -2.0000E-03   1   5
 -1.6761E-03 -9.1481E-04 -3.9395E-03  2.1184E+04  8.0836E+03 -1.1982E+05  0.0000E+00 -2.0000E-03   1   5
 -4.6050E-03 -1.5119E-03  2.2792E-03 -8.0138E+03 -1.0029E+04  9.7137E+04  0.0000E+00 -2.0000E-03   1   5
 -1.6273E-03 -5.2057E-03  4.0456E-04  7.1760E+03 -4.2966E+03  3.6680E+04  0.0000E+00 -2.0000E-03   1   5
  1.3391E-03 -7.2245E-03 -2.0643E-03  7.8328E+03  1.9559E+04 -1.1011E+04  0.0000E+00 -2.0000E-03   1   5
  2.8389E-03 -5.6416E-03 -4.1441E-03 -1.0574E+04  4.2999E+04 -6.4873E+04  0.0000E+00 -2.0000E-03   1   5
  1.7828E-03 -1.9941E-03 -4.4461E-03 -1.7576E+04  2.6420E+04 -1.1719E+05  0.0000E+00 -2.0000E-03   1   5
  2.6057E-03 -1.3565E-02 -9.8887E-04  2.3333E+04 -1.1247E+04  7.9840E+04  0.0000E+00 -2.0000E-03   1   5
  5.5047E-03 -1.2985E-02 -4.8823E-03  9.1437E+03  3.5294E+04  2.3938E+04  0.0000E+00 -2.0000E-03   1   5
  6.7186E-03  8.3160E-03 -5.7593E-03 -4.9069E+04 -3.3668E+04 -2.6979E+04  0.0000E+00 -2.0000E-03   1   5
 -6.1208E-03  4.3654E-03 -6.0761E-03  5.0321E+04 -5.0598E+04 -7.6564E+04  0.0000E+00 -2.0000E-03   1   5
 -5.0171E-03  8.4063E-03  2.1798E-03 -2.4936E+04  1.3746E+04  1.1652E+05  0.0000E+00 -2.0000E-03   1   5
 -7.0745E-03  1.0686E-02 -9.1910E-04 -2.2665E+04 -1.0008E+03  7.2014E+04  0.0000E+00 -2.0000E-03   1   5
 -5.1844E-03  9.5133E-03 -2.7174E-03 -6.5790E+03 -2.2707E+04  1.6073E+04  0.0000E+00 -2.0000E-03   1   5
 -4.6978E-03  5.9802E-03 -3.1415E-03  8.9166E+03 -3.0451E+04 -2.9367E+04  0.0000E+00 -2.0000E-03   1   5
 -1.3294E-03  1.8569E-03 -3.0631E-03  7.4689E+03 -1.6501E+04 -8.5406E+04  0.0000E+00 -2.0000E-03   1   5
  3.3979E-04  2.5138E-03  3.0513E-03 -2.7496E+03  7.2931E+03  1.1362E+05  0.0000E+00 -2.0000E-03   1   5
  3.0271E-03 -4.1664E-04  1.3600E-03  4.1318E+03  4.0006E+03  5.6966E+04  0.0000E+00 -2.0000E-03   1   5
  5.1256E-03 -2.8737E-03 -7.7299E-04 -1.3230E+03  1.0924E+04  5.1725E+03  0.0000E+00 -2.0000E-03   1   5
  5.6431E-03 -3.2586E-03 -3.1207E-03 -2.1207E+04  2.3861E+04 -4.2107E+04  0.0000E+00 -2.0000E-03   1   5
  3.8667E-03 -1.9118E-03 -4.5750E-03 -3.7010E+04  2.5762E+04 -1.0286E+05  0.0000E+00 -2.0000E-03   1   5
  6.9718E-03 -8.7121E-03  9.6453E-04  2.6665E+04 -6.9991E+03  9.8459E+04  0.0000E+00 -2.0000E-03   1   5
  1.1298E-02 -9.7897E-03 -3.4766E-03  1.0261E+04  2.1782E+04  5.3421E+04  0.0000E+00 -2.0000E-03   1   5
 -1.1076E-02 -5.2229E-03 -6.1607E-03  5.8501E+04  5.8375E+03 -1.3851E+04  0.0000E+00 -2.0000E-03   1   5
 -6.3895E-03 -5.7728E-03 -6.3046E-03  6.2289E+04  3.8035E+04 -6.6483E+04  0.0000E+00 -2.0000E-03   1   5
 -2.0020E-03 -3.8941E-03 -5.0336E-03  2.9061E+04  4.1913E+04 -1.0729E+05  0.0000E+00 -2.0000E-03   1   5
  4.9137E-04  1.4868E-02 -1.3368E-03 -2.2023E+04  1.6425E+04  8.4978E+04  0.0000E+00 -2.0000E-03   1   5
 -4.4692E-04  1.4153E-02 -3.8606E-03 -2.1569E+04 -1.6274E+04  3.8621E+04  0.0000E+00 -2.0000E-03   1   5
 -1.3155E-03  9.8595E-03 -3.8400E-03 -1.1036E+04 -3.5300E+04 -1.1800E+04  0.0000E+00 -2.0000E-03   1   5
 -9.7128E-05  6.1314E-03 -4.0726E-03 -8.9368E+03 -4.2114E+04 -6.6045E+04  0.0000E+00 -2.0000E-03   1   5
  2.6241E-04  1.2194E-03 -4.0848E-03 -5.0840E+03 -1.4102E+04 -1.1927E+05  0.0000E+00 -2.0000E-03   1   5
  1.5948E-03  6.5391E-04  3.8538E-03  3.2617E+03  3.9466E+03  1.2834E+05  0.0000E+00 -2.0000E-03   1   5
  9.1113E-03  8.8607E-04  8.9277E-04  1.3248E+04  1.4914E+04  8.1645E+04  0.0000E+00 -2.0000E-03   1   5
  1.0832E-02 -8.7488E-04 -2.2269E-03 -9.5882E+03  1.7470E+04  2.5534E+04  0.0000E+00 -2.0000E-03   1   5
  9.8798E-03 -1.6459E-03 -4.7593E-03 -4.1801E+04  2.2835E+04 -2.4006E+04  0.0000E+00 -2.0000E-03   1   5
  6.7522E-03 -1.0136E-04 -5.8375E-03 -6.7992E+04  1.1831E+04 -8.5100E+04  0.0000E+00 -2.0000E-03   1   5
 -1.0343E-02  2.6496E-03  1.8083E-03 -2.8228E+04 -8.8263E+03  1.1345E+05  0.0000E+00 -2.0000E-03   1   5
 -1.3647E-02 -9.6025E-04 -1.6287E-03 -6.4579E+03 -2.1343E+04  6.7098E+04  0.0000E+00 -2.0000E-03   1   5
 -1.0455E-02 -4.8448E-03 -3.0204E-03  2.3236E+04 -8.8706E+03  1.9115E+04  0.0000E+00 -2.0000E-03   1   5
 -5.5602E-03 -6.3593E-03 -4.0390E-03  3.6132E+04  2.1316E+04 -3.3942E+04  0.0000E+00 -2.0000E-03   1   5
 -1.5901E-03 -5.0424E-03 -4.8119E-03  2.3215E+04  4.6060E+04 -9.3270E+04  0.0000E+00 -2.0000E-03   1   5
 -4.0295E-03 -1.0024E-02  1.4468E-03  5.7230E+03 -2.8694E+04  1.0762E+05  0.0000E+00 -2.0000E-03   1   5
 -3.9437E-03 -1.4536E-02 -3.1289E-03  2.2994E+04 -4.1188E+03  5.9009E+04  0.0000E+00 -2.0000E-03   1   5
  2.4370E-03  1.2354E-02 -5.5004E-03 -2.8351E+04 -4.0024E+04 -1.4982E+03  0.0000E+00 -2.0000E-03   1   5
  2.8970E-03  8.4120E-03 -5.6488E-03 -3.3247E+04 -5.3255E+04 -5.3497E+04  0.0000E+00 -2.0000E-03   1   5
  2.2741E-03  3.4163E-03 -4.6033E-03 -2.9844E+04 -3.3629E+04 -1.0601E+05  0.0000E+00 -2.0000E-03   1   5
  1.1127E-02  5.6759E-03  6.1362E-04  1.4322E+04  2.8229E+04  1.0140E+05  0.0000E+00 -2.0000E-03   1   5
  1.3847E-02  4.2111E-03 -3.4067E-03 -1.4456E+04  1.9174E+04  4.8551E+04  0.0000E+00 -2.0000E-03   1   5
  1.1982E-02  2.0706E-03 -6.2142E-03 -5.8819E+04  9.6049E+03 -1.6316E+04  0.0000E+00 -2.0000E-03   1   5
 -8.4034E-03  1.5921E-03 -6.9671E-03  7.7472E+04 -2.8559E+04 -7.0482E+04  0.0000E+00 -2.0000E-03   1   5
 -3.4095E-03  3.4512E-04 -4.6736E-03  4.0269E+04 -9.3541E+03 -1.1675E+05  0.0000E+00 -2.0000E-03   1   5
 -9.6461E-03  3.0485E-03  9.5068E-04 -2.2159E+04 -8.7307E+03  9.0588E+04  0.0000E+00 -2.0000E-03   1   5
 -8.1444E-03 -4.4564E-04 -4.5567E-04  7.5608E+02 -1.2272E+04  3.4546E+04  0.0000E+00 -2.0000E-03   1   5
 -4.9760E-03 -3.6295E-03 -1.8596E-03  1.9179E+04  2.3303E+03 -2.0169E+04  0.0000E+00 -2.0000E-03   1   5
 -1.1162E-03 -3.8873E-03 -2.7363E-03  1.2088E+04  1.9408E+04 -6.0279E+04  0.0000E+00 -2.0000E-03   1   5
 -1.0894E-04 -3.7819E-03  3.6709E-03  5.2826E+03 -1.1384E+04  1.3164E+05  0.0000E+00 -2.0000E-03   1   5
 -2.3049E-03 -1.1419E-02 -3.4892E-05  1.3889E+04 -1.8870E+04  7.9085E+04  0.0000E+00 -2.0000E-03   1   5
  2.1970E-03 -1.1322E-02 -2.7744E-03  1.4645E+04  1.7888E+04  2.3195E+04  0.0000E+00 -2.0000E-03   1   5
  3.5839E-03 -9.3345E-03 -4.8651E-03 -1.9781E+03  4.9025E+04 -2.5315E+04  0.0000E+00 -2.0000E-03   1   5
  3.1899E-03 -6.0989E-03 -6.0623E-03 -2.3441E+04  6.8198E+04 -8.5542E+04  0.0000E+00 -2.0000E-03   1   5
  8.9390E-03  7.3369E-03  1.2549E-03  7.2917E+03  2.8074E+04  1.0660E+05  0.0000E+00 -2.0000E-03   1   5
  1.3700E-02  5.9728E-03 -3.0363E-03 -1.1878E+04  2.0059E+04  5.9963E+04  0.0000E+00 -2.0000E-03   1   5
 -9.9534E-03  8.8194E-03 -5.1162E-03  1.2883E+04 -3.9494E+04  1.1785E+04  0.0000E+00 -2.0000E-03   1   5
 -7.8090E-03  5.4462E-03 -6.1844E-03  4.6391E+04 -5.0975E+04 -5.3413E+04  0.0000E+00 -2.0000E-03   1   5
 -4.2354E-03  2.7492E-03 -4.7599E-03  3.7254E+04 -3.3676E+04 -9.5985E+04  0.0000E+00 -2.0000E-03   1   5
 -5.0341E-03  6.7419E-03  2.0547E-03 -2.2102E+04  8.9186E+03  1.0771E+05  0.0000E+00 -2.0000E-03   1   5
 -4.3198E-03  4.8078E-03  7.6726E-04 -1.1495E+04 -1.6477E+03  5.6275E+04  0.0000E+00 -2.0000E-03   1   5
 -2.1360E-03  1.1098E-03 -2.7351E-04  8.2130E+02 -4.5729E+03 -4.2064E+03  0.0000E+00 -2.0000E-03   1   5
  8.4289E-04  4.9252E-04 -1.6055E-03 -4.2323E+03 -7.0022E+02 -5.1535E+04  0.0000E+00 -2.0000E-03   1   5
  1.1333E-03 -2.9239E-04 -3.5402E-03 -1.2077E+04  5.1446E+03 -1.1163E+05  0.0000E+00 -2.0000E-03   1   5
  3.2999E-03 -5.3018E-03  2.2346E-03  1.5412E+04 -7.5231E+03  1.0299E+05  0.0000E+00 -2.0000E-03   1   5
  6.4880E-03 -7.5176E-03 -8.0309E-04  1.2170E+04  8.8639E+03  4.3963E+04  0.0000E+00 -2.0000E-03   1   5
  7.4490E-03 -6.8017E-03 -3.5126E-03 -1.0800E+04  3.1080E+04 -4.9252E+03  0.0000E+00 -2.0000E-03   1   5
  6.7333E-03 -4.5155E-03 -6.3948E-03 -5.4782E+04  5.2220E+04 -7.3959E+04  0.0000E+00 -2.0000E-03   1   5
  3.7815E-03 -2.0773E-03 -4.8811E-03 -3.7642E+04  2.8211E+04 -1.0230E+05  0.0000E+00 -2.0000E-03   1   5
 -1.3345E-02 -6.6527E-03 -1.6011E-03 -1.7775E+03 -2.6355E+04  8.0335E+04  0.0000E+00 -2.0000E-03   1   5
 -8.8347E-03 -1.1357E-02 -4.7551E-03  3.3936E+04  6.4881E+03  2.9024E+04  0.0000E+00 -2.0000E-03   1   5
 -4.1131E-03  1.0164E-02 -6.0781E-03  6.2218E+03 -6.2506E+04 -3.0089E+04  0.0000E+00 -2.0000E-03   1   5
 -3.1499E-03  6.5063E-03 -5.4825E-03  1.6710E+04 -6.1025E+04 -7.4639E+04  0.0000E+00 -2.0000E-03   1   5
  7.3083E-05  1.3909E-02 -7.6845E-04 -2.0917E+04  1.8725E+04  8.4263E+04  0.0000E+00 -2.0000E-03   1   5
  5.4166E-04  1.0971E-02 -1.8770E-03 -1.7105E+04 -5.5553E+03  3.3762E+04  0.0000E+00 -2.0000E-03   1   5
  1.7466E-03  7.3730E-03 -2.6464E-03 -1.6906E+04 -2.0752E+04 -2.0526E+04  0.0000E+00 -2.0000E-03   1   5
  2.3057E-03  3.2811E-03 -3.0008E-03 -1.9191E+04 -1.6606E+04 -6.7758E+04  0.0000E+00 -2.0000E-03   1   5
  3.6825E-03  2.9084E-04  3.5886E-03  1.0717E+04  6.1524E+03  1.3247E+05  0.0000E+00 -2.0000E-03   1   5
  8.5139E-03 -6.8198E-04  8.5998E-04  1.3211E+04  1.1684E+04  7.5430E+04  0.0000E+00 -2.0000E-03   1   5
  1.0304E-02 -2.1408E-03 -2.4068E-03 -1.0920E+04  1.8799E+04  1.8209E+04  0.0000E+00 -2.0000E-03   1   5
  9.6336E-03 -2.3371E-03 -4.7158E-03 -3.9503E+04  2.5598E+04 -2.4390E+04  0.0000E+00 -2.0000E-03   1   5
  6.7393E-03 -1.2176E-03 -6.1330E-03 -6.9112E+04  2.3346E+04 -8.6543E+04  0.0000E+00 -2.0000E-03   1   5
 -1.0668E-02 -1.0988E-04  1.7062E-03 -2.5144E+04 -1.6003E+04  1.1270E+05  0.0000E+00 -2.0000E-03   1   5
 -1.2734E-02 -4.9201E-03 -1.7864E-03  1.7637E+03 -2.1767E+04  6.4287E+04  0.0000E+00 -2.0000E-03   1   5
 -8.5230E-03 -6.2454E-03 -2.6856E-03  2.3425E+04 -2.9943E+03  1.4386E+04  0.0000E+00 -2.0000E-03   1   5
 -5.1023E-03 -7.2556E-03 -4.8692E-03  4.0049E+04  3.2946E+04 -4.0757E+04  0.0000E+00 -2.0000E-03   1   5
 -1.4180E-03 -5.1888E-03 -5.2389E-03  2.3102E+04  5.3266E+04 -9.8853E+04  0.0000E+00 -2.0000E-03   1   5
 -5.0033E-03 -1.2065E-02  2.7733E-04  9.0416E+03 -2.9010E+04  9.7318E+04  0.0000E+00 -2.0000E-03   1   5
  3.8343E-03  1.4627E-02 -3.5094E-03 -2.4348E+04  5.4010E+00  5.4828E+04  0.0000E+00 -2.0000E-03   1   5
  3.9210E-03  1.0887E-02 -4.4263E-03 -2.8991E+04 -2.6897E+04 -1.5493E+02  0.0000E+00 -2.0000E-03   1   5
  4.1917E-03  7.2373E-03 -5.1806E-03 -3.9188E+04 -4.1470E+04 -5.3436E+04  0.0000E+00 -2.0000E-03   1   5
  2.7492E-03  2.5725E-03 -4.6740E-03 -3.5773E+04 -2.5807E+04 -1.1292E+05  0.0000E+00 -2.0000E-03   1   5
  1.0516E-02  2.4821E-03  1.0082E-03  1.7500E+04  2.0592E+04  9.8218E+04  0.0000E+00 -2.0000E-03   1   5
  1.3710E-02  1.0742E-03 -3.2004E-03 -1.1418E+04  2.0487E+04  4.3482E+04  0.0000E+00 -2.0000E-03   1   5
  1.1735E-02 -1.5883E-04 -5.8804E-03 -5.3611E+04  1.9299E+04 -1.7002E+04  0.0000E+00 -2.0000E-03   1   5
 -7.7459E-03  1.3531E-03 -6.4395E-03  7.2706E+04 -2.5153E+04 -7.7606E+04  0.0000E+00 -2.0000E-03   1   5
 -2.5114E-03  1.7556E-04 -4.3842E-03  3.0006E+04 -5.6867E+03 -1.2033E+05  0.0000E+00 -2.0000E-03   1   5
 -9.0252E-03  1.1082E-03  1.0159E-03 -1.6807E+04 -1.1483E+04  8.4483E+04  0.0000E+00 -2.0000E-03   1   5
 -6.3412E-03 -2.8178E-03 -2.9346E-04  5.2006E+03 -9.1324E+03  2.7933E+04  0.0000E+00 -2.0000E-03   1   5
 -5.4390E-03 -4.9005E-03 -2.5739E-03  2.4938E+04  7.4515E+03 -2.2096E+04  0.0000E+00 -2.0000E-03   1   5
 -1.3391E-03 -4.4841E-03 -3.3967E-03  1.5618E+04  2.7421E+04 -6.9855E+04  0.0000E+00 -2.0000E-03   1   5
 -2.3365E-03 -6.7372E-03  3.0273E-03  2.8139E+03 -2.3282E+04  1.2756E+05  0.0000E+00 -2.0000E-03   1   5
 -3.4198E-04 -1.3007E-02 -9.0246E-04  1.9336E+04 -1.3396E+04  7.4038E+04  0.0000E+00 -2.0000E-03   1   5
  2.6051E-03 -1.2967E-02 -4.8384E-03  1.3984E+04  3.6330E+04  1.4073E+04  0.0000E+00 -2.0000E-03   1   5
  3.2761E-03 -9.8493E-03 -6.6655E-03 -6.5484E+03  7.2362E+04 -4.5469E+04  0.0000E+00 -2.0000E-03   1   5
  3.5567E-03  5.5800E-03 -5.9060E-03 -4.5533E+04 -5.2586E+04 -8.6947E+04  0.0000E+00 -2.0000E-03   1   5
  9.9944E-03  6.3365E-03  1.1559E-03  1.1989E+04  2.8590E+04  1.0810E+05  0.0000E+00 -2.0000E-03   1   5
  1.4133E-02  3.5867E-03 -3.0863E-03 -1.0927E+04  2.0674E+04  5.5849E+04  0.0000E+00 -2.0000E-03   1   5
 -1.0454E-02  7.7542E-03 -5.3775E-03  2.0319E+04 -4.0761E+04  4.3710E+03  0.0000E+00 -2.0000E-03   1   5
 -7.3707E-03  4.9854E-03 -5.2673E-03  3.8189E+04 -4.2750E+04 -4.7187E+04  0.0000E+00 -2.0000E-03   1   5
 -3.2137E-03  1.9533E-03 -4.0707E-03  2.7383E+04 -2.3384E+04 -9.8799E+04  0.0000E+00 -2.0000E-03   1   5
 -4.5482E-03  5.2857E-03  2.1509E-03 -1.8146E+04  5.4577E+03  1.0177E+05  0.0000E+00 -2.0000E-03   1   5
 -3.1338E-03  2.5338E-03  1.0983E-03 -6.9043E+03 -2.0841E+03  5.3233E+04  0.0000E+00 -2.0000E-03   1   5
 -2.8977E-03 -4.9865E-04 -4.5406E-04  4.5214E+03 -3.7032E+03 -7.4460E+03  0.0000E+00 -2.0000E-03   1   5
  3.9424E-04 -2.1476E-03 -1.8425E-03  1.4208E+03  1.0280E+04 -5.1953E+04  0.0000E+00 -2.0000E-03   1   5
  9.8515E-04 -1.4443E-03 -3.9003E-03 -9.5941E+03  1.8533E+04 -1.1998E+05  0.0000E+00 -2.0000E-03   1   5
  3.5689E-03 -8.8781E-03  1.3549E-03  2.0531E+04 -1.3327E+04  9.8212E+04  0.0000E+00 -2.0000E-03   1   5
  7.4912E-03 -8.7599E-03 -1.8070E-03  1.1054E+04  1.4293E+04  4.1072E+04  0.0000E+00 -2.0000E-03   1   5
  7.6969E-03 -7.2531E-03 -4.3220E-03 -1.5964E+04  3.7934E+04 -1.0685E+04  0.0000E+00 -2.0000E-03   1   5
  6.6226E-03 -4.5628E-03 -6.8117E-03 -5.8998E+04  5.6390E+04 -7.6412E+04  0.0000E+00 -2.0000E-03   1   5
  3.0860E-03 -1.8508E-03 -4.2855E-03 -2.6669E+04  2.2242E+04 -9.1038E+04  0.0000E+00 -2.0000E-03   1   5
 -1.2548E-02 -3.4832E-03 -1.6368E-03  5.2502E+03 -1.8997E+04  6.2155E+04  0.0000E+00 -2.0000E-03   1   5
 -6.9989E-03  1.2193E-02 -4.9888E-03 -3.9995E+03 -3.7743E+04  2.2984E+04  0.0000E+00 -2.0000E-03   1   5
 -5.8125E-03  8.6237E-03 -5.6500E-03  1.7758E+04 -5.5913E+04 -3.2039E+04  0.0000E+00 -2.0000E-03   1   5
 -3.7586E-03  5.3377E-03 -5.2433E-03  2.5583E+04 -5.4105E+04 -8.1447E+04  0.0000E+00 -2.0000E-03   1   5
 -1.1360E-03  7.3140E-03  2.8641E-03 -1.3879E+04  1.9411E+04  1.2440E+05  0.0000E+00 -2.0000E-03   1   5
 -5.6230E-04  7.9128E-03  8.7436E-04 -1.2469E+04  9.7131E+03  7.0828E+04  0.0000E+00 -2.0000E-03   1   5
 -9.8489E-04  4.9585E-03 -3.4928E-04 -6.7632E+03 -5.3757E+03  9.6745E+03  0.0000E+00 -2.0000E-03   1   5
  1.5732E-03  4.0236E-03 -1.6791E-03 -1.1095E+04 -1.0141E+04 -3.2010E+04  0.0000E+00 -2.0000E-03   1   5
  1.3347E-03  7.6016E-04 -2.9018E-03 -1.2010E+04 -3.9924E+03 -8.5247E+04  0.0000E+00 -2.0000E-03   1   5
  6.2175E-03 -2.3515E-03  2.5867E-03  1.9818E+04  2.8947E+03  1.1377E+05  0.0000E+00 -2.0000E-03   1   5
  9.4416E-03 -4.7918E-03 -4.6766E-04  1.3432E+04  1.1102E+04  5.8253E+04  0.0000E+00 -2.0000E-03   1   5
  1.0309E-02 -4.9325E-03 -3.6361E-03 -1.5281E+04  2.7080E+04  8.8095E+03  0.0000E+00 -2.0000E-03   1   5
  8.7032E-03 -3.0560E-03 -6.7559E-03 -6.7248E+04  3.9296E+04 -6.2210E+04  0.0000E+00 -2.0000E-03   1   5
 -5.8732E-03 -1.5877E-03 -5.6348E-03  6.3624E+04  7.4085E+03 -8.9360E+04  0.0000E+00 -2.0000E-03   1   5
 -1.3239E-02 -3.6028E-03 -1.4963E-04 -1.6513E+04 -2.5824E+04  9.3960E+04  0.0000E+00 -2.0000E-03   1   5
 -1.1723E-02 -8.8654E-03 -3.3248E-03  1.8521E+04 -1.4641E+04  5.2164E+04  0.0000E+00 -2.0000E-03   1   5
 -6.1125E-03 -1.0210E-02 -5.4103E-03  4.0166E+04  3.0293E+04 -9.5982E+03  0.0000E+00 -2.0000E-03   1   5
 -1.8987E-03 -8.7190E-03 -6.9324E-03  3.0953E+04  7.4752E+04 -6.4975E+04  0.0000E+00 -2.0000E-03   1   5
 -4.8031E-04  4.5208E-03 -5.3108E-03 -9.3911E+02 -5.5710E+04 -1.0987E+05  0.0000E+00 -2.0000E-03   1   5
  4.6257E-03  1.2592E-02 -2.0656E-04 -1.1305E+04  2.7425E+04  9.0992E+04  0.0000E+00 -2.0000E-03   1   5
  3.3706E-03  1.1770E-02 -2.3632E-03 -2.0059E+04 -1.3898E+03  3.8723E+04  0.0000E+00 -2.0000E-03   1   5
  4.1826E-03  7.7564E-03 -3.0026E-03 -2.4369E+04 -1.6381E+04 -1.2255E+04  0.0000E+00 -2.0000E-03   1   5
  4.0409E-03  4.0948E-03 -3.9017E-03 -3.4191E+04 -2.1894E+04 -6.8104E+04  0.0000E+00 -2.0000E-03   1   5
  3.8086E-03  2.6575E-04  3.7439E-03  1.0488E+04  6.2193E+03  1.3057E+05  0.0000E+00 -2.0000E-03   1   5
  1.2676E-02 -1.0135E-03 -4.8548E-04  1.7241E+04  1.7838E+04  7.9406E+04  0.0000E+00 -2.0000E-03   1   5
  1.3839E-02 -1.6337E-03 -4.7584E-03 -2.5121E+04  2.5083E+04  2.2888E+04  0.0000E+00 -2.0000E-03   1   5
 -1.0409E-02  1.5891E-04 -5.7656E-03  5.7761E+04 -1.7496E+04 -3.2605E+04  0.0000E+00 -2.0000E-03   1   5
 -6.8174E-03 -1.3645E-03 -6.3151E-03  7.5698E+04  3.8853E+03 -8.8917E+04  0.0000E+00 -2.0000E-03   1   5
 -9.8270E-03 -8.6628E-04  2.1996E-03 -2.5048E+04 -1.6747E+04  1.1899E+05  0.0000E+00 -2.0000E-03   1   5
 -1.0331E-02 -2.9227E-03 -9.0687E-05 -6.5994E+03 -1.8536E+04  6.9262E+04  0.0000E+00 -2.0000E-03   1   5
 -6.6401E-03 -6.5320E-03 -1.9451E-03  1.9192E+04 -1.0509E+03  1.3238E+04  0.0000E+00 -2.0000E-03   1   5
 -2.8188E-03 -7.5487E-03 -3.5681E-03  2.3657E+04  2.7638E+04 -3.1281E+04  0.0000E+00 -2.0000E-03   1   5
  2.4048E-05 -5.2465E-03 -4.8890E-03  7.9665E+03  5.2223E+04 -9.5261E+04  0.0000E+00 -2.0000E-03   1   5
 -1.9355E-03 -1.1136E-02  1.3086E-03  1.2135E+04 -2.7982E+04  1.0829E+05  0.0000E+00 -2.0000E-03   1   5
 -1.6862E-03 -1.4772E-02 -3.3846E-03  2.3591E+04  4.1757E+03  5.4018E+04  0.0000E+00 -2.0000E-03   1   5
  5.0496E-03  1.1553E-02 -5.2220E-03 -3.4659E+04 -2.9230E+04  1.9770E+03  0.0000E+00 -2.0000E-03   1   5
  4.9934E-03  7.2973E-03 -5.9444E-03 -4.8829E+04 -4.6468E+04 -5.8924E+04  0.0000E+00 -2.0000E-03   1   5
  3.6821E-03  3.1395E-03 -5.0679E-03 -4.5351E+04 -2.8874E+04 -1.0333E+05  0.0000E+00 -2.0000E-03   1   5
  1.3705E-02  1.3209E-03 -3.0087E-04  1.9272E+04  2.2582E+04  9.1671E+04  0.0000E+00 -2.0000E-03   1   5
 -1.3506E-02  5.8373E-03 -3.6774E-03  5.4862E+02 -2.5366E+04  4.8656E+04  0.0000E+00 -2.0000E-03   1   5
 -9.5281E-03  5.1622E-03 -4.1510E-03  2.2389E+04 -3.1288E+04 -5.2869E+03  0.0000E+00 -2.0000E-03   1   5
 -7.3672E-03  2.4113E-03 -5.0136E-03  4.7899E+04 -2.8445E+04 -5.9694E+04  0.0000E+00 -2.0000E-03   1   5
 -2.3139E-03  3.4511E-04 -4.3636E-03  2.9353E+04 -7.9099E+03 -1.2690E+05  0.0000E+00 -2.0000E-03   1   5
 -6.5560E-03  1.5604E-03  1.8499E-03 -1.5869E+04 -6.3791E+03  9.3816E+04  0.0000E+00 -2.0000E-03   1   5
 -3.8476E-03 -2.1111E-03  4.5340E-04  2.3649E+03 -6.1512E+03  3.1293E+04  0.0000E+00 -2.0000E-03   1   5
 -9.4510E-04 -5.1493E-03 -1.4176E-03  1.0047E+04  1.0669E+04 -1.8125E+04  0.0000E+00 -2.0000E-03   1   5
  1.3388E-03 -4.1465E-03 -3.0997E-03 -1.9320E+03  2.7873E+04 -6.7212E+04  0.0000E+00 -2.0000E-03   1   5
  1.0306E-03 -5.0573E-03  3.5351E-03  1.0449E+04 -1.3717E+04  1.3241E+05  0.0000E+00 -2.0000E-03   1   5
  2.4185E-03 -1.2086E-02 -4.2066E-04  2.0982E+04 -1.0677E+04  7.7025E+04  0.0000E+00 -2.0000E-03   1   5
  5.3912E-03 -1.2378E-02 -4.4283E-03  8.9880E+03  3.2316E+04  2.2909E+04  0.0000E+00 -2.0000E-03   1   5
  5.4377E-03 -8.7558E-03 -6.7205E-03 -2.4221E+04  7.0014E+04 -4.7168E+04  0.0000E+00 -2.0000E-03   1   5
  4.3822E-03 -5.6923E-03 -5.7190E-03 -3.0763E+04  5.8692E+04 -7.5334E+04  0.0000E+00 -2.0000E-03   1   5
 -5.5574E-03  1.0257E-02  1.0759E-03 -2.5428E+04  1.0969E+04  1.0230E+05  0.0000E+00 -2.0000E-03   1   5
 -7.3538E-03  1.2897E-02 -2.5610E-03 -2.1364E+04 -8.6170E+03  6.4710E+04  0.0000E+00 -2.0000E-03   1   5
 -6.3320E-03  1.0148E-02 -4.0650E-03 -3.8196E+02 -3.4625E+04  9.1147E+03  0.0000E+00 -2.0000E-03   1   5
 -5.5426E-03  6.8544E-03 -4.3061E-03  1.5697E+04 -4.1438E+04 -3.2960E+04  0.0000E+00 -2.0000E-03   1   5
 -2.3032E-03  2.7338E-03 -3.7504E-03  1.5581E+04 -2.7154E+04 -9.2737E+04  0.0000E+00 -2.0000E-03   1   5
 -1.1888E-03  5.7387E-03  2.5646E-03 -1.1398E+04  1.2805E+04  1.0950E+05  0.0000E+00 -2.0000E-03   1   5
  6.8561E-04  3.2566E-03  1.1987E-03 -4.1422E+03  4.2764E+03  5.2298E+04  0.0000E+00 -2.0000E-03   1   5
  3.2880E-03  3.4824E-05 -3.3318E-04 -3.5364E+03  4.8854E+03 -9.2874E+02  0.0000E+00 -2.0000E-03   1   5
  4.0622E-03 -1.6878E-03 -2.2979E-03 -1.5170E+04  1.3539E+04 -4.7217E+04  0.0000E+00 -2.0000E-03   1   5
  2.8139E-03 -1.4550E-03 -4.1258E-03 -2.7112E+04  1.9335E+04 -1.0877E+05  0.0000E+00 -2.0000E-03   1   5
  7.0187E-03 -5.7776E-03  1.4917E-03  2.3000E+04 -1.5261E+03  9.7796E+04  0.0000E+00 -2.0000E-03   1   5
  1.0849E-02 -7.8518E-03 -2.5670E-03  9.0796E+03  1.8953E+04  4.9061E+04  0.0000E+00 -2.0000E-03   1   5
  1.0264E-02 -5.4934E-03 -5.4573E-03 -3.3985E+04  3.9178E+04 -1.2815E+04  0.0000E+00 -2.0000E-03   1   5
 -7.7366E-03 -3.5304E-03 -6.5484E-03  7.4205E+04  1.9049E+04 -6.8779E+04  0.0000E+00 -2.0000E-03   1   5
 -2.5022E-03 -2.5749E-03 -4.8379E-03  3.4534E+04  2.7577E+04 -1.1501E+05  0.0000E+00 -2.0000E-03   1   5
 -1.0353E-02 -1.0515E-02 -1.2485E-03  3.9325E+03 -2.8021E+04  8.4326E+04  0.0000E+00 -2.0000E-03   1   5
 -5.1278E-03 -1.3199E-02 -4.6780E-03  3.0516E+04  1.6527E+04  2.8327E+04  0.0000E+00 -2.0000E-03   1   5
 -2.1703E-03  1.0713E-02 -5.4531E-03 -6.9172E+03 -5.3692E+04 -2.1831E+04  0.0000E+00 -2.0000E-03   1   5
 -1.2724E-03  6.6305E-03 -5.3859E-03  1.1451E+03 -6.2621E+04 -7.9796E+04  0.0000E+00 -2.0000E-03   1   5
  2.9962E-03  9.7656E-03  8.2419E-04 -9.2415E+03  2.1667E+04  8.8908E+04  0.0000E+00 -2.0000E-03   1   5
  4.2302E-03  7.0945E-03 -7.0750E-04 -1.1909E+04  4.3377E+03  2.9553E+04  0.0000E+00 -2.0000E-03   1   5
  5.3624E-03  6.7954E-03 -3.2142E-03 -2.8373E+04 -1.4198E+04 -1.8233E+04  0.0000E+00 -2.0000E-03   1   5
  4.6500E-03  2.9091E-03 -4.0004E-03 -3.8562E+04 -1.4022E+04 -7.3843E+04  0.0000E+00 -2.0000E-03   1   5
  8.5721E-03 -9.4923E-04  2.8402E-03  2.6605E+04  9.6733E+03  1.2836E+05  0.0000E+00 -2.0000E-03   1   5
  1.1707E-02 -2.1277E-03 -3.9090E-04  1.5867E+04  1.5364E+04  7.3868E+04  0.0000E+00 -2.0000E-03   1   5
  1.3177E-02 -2.5334E-03 -4.6517E-03 -2.4884E+04  2.6336E+04  1.9447E+04  0.0000E+00 -2.0000E-03   1   5
 -9.9776E-03 -7.9048E-04 -6.5017E-03  7.1382E+04 -1.0362E+04 -4.9569E+04  0.0000E+00 -2.0000E-03   1   5
 -5.8868E-03 -1.9435E-03 -5.4239E-03  6.1448E+04  1.0071E+04 -8.9626E+04  0.0000E+00 -2.0000E-03   1   5
 -9.1055E-03 -2.2388E-03  2.1156E-03 -2.0085E+04 -1.9084E+04  1.1460E+05  0.0000E+00 -2.0000E-03   1   5
 -9.3317E-03 -7.3038E-03 -7.5905E-04  3.8488E+03 -1.9771E+04  6.5298E+04  0.0000E+00 -2.0000E-03   1   5
 -4.9871E-03 -9.7153E-03 -3.1957E-03  2.5257E+04  1.2001E+04  9.2789E+03  0.0000E+00 -2.0000E-03   1   5
 -2.5175E-03 -8.9499E-03 -5.6128E-03  3.0117E+04  5.3147E+04 -4.7880E+04  0.0000E+00 -2.0000E-03   1   5
 -1.5841E-04 -5.1947E-03 -5.1041E-03  9.6031E+03  5.4979E+04 -9.8865E+04  0.0000E+00 -2.0000E-03   1   5
 -3.0650E-03 -1.2890E-02  5.9919E-05  1.4298E+04 -2.5366E+04  9.5348E+04  0.0000E+00 -2.0000E-03   1   5
  6.3229E-03  1.3303E-02 -3.6287E-03 -2.5117E+04  7.2931E+02  4.8374E+04  0.0000E+00 -2.0000E-03   1   5
  6.9526E-03  9.6996E-03 -4.3868E-03 -3.4224E+04 -1.5548E+04  4.8652E+03  0.0000E+00 -2.0000E-03   1   5
  6.1430E-03  5.9291E-03 -5.9621E-03 -5.7582E+04 -3.6767E+04 -6.3953E+04  0.0000E+00 -2.0000E-03   1   5
  3.9619E-03  2.2646E-03 -5.0900E-03 -4.8855E+04 -1.9855E+04 -1.0768E+05  0.0000E+00 -2.0000E-03   1   5
  1.3965E-02  1.6653E-04 -5.8628E-04  1.9287E+04  2.1321E+04  8.8490E+04  0.0000E+00 -2.0000E-03   1   5
 -1.3845E-02  5.4885E-03 -4.2388E-03  6.4156E+03 -2.7721E+04  4.1258E+04  0.0000E+00 -2.0000E-03   1   5
 -9.9178E-03  2.6500E-03 -3.9795E-03  2.9105E+04 -2.4412E+04 -1.0004E+04  0.0000E+00 -2.0000E-03   1   5
 -6.4280E-03  3.6725E-04 -3.9413E-03  3.9439E+04 -1.2327E+04 -5.9056E+04  0.0000E+00 -2.0000E-03   1   5
 -1.5459E-03 -7.0029E-04 -4.3299E-03  2.2068E+04  6.8899E+03 -1.3111E+05  0.0000E+00 -2.0000E-03   1   5
 -5.5610E-03 -3.8652E-04  1.8489E-03 -1.0147E+04 -8.8533E+03  8.7447E+04  0.0000E+00 -2.0000E-03   1   5
 -2.3698E-03 -4.2530E-03  1.5841E-04  6.6152E+03 -3.1404E+03  2.4784E+04  0.0000E+00 -2.0000E-03   1   5
 -1.2377E-03 -6.2171E-03 -2.0351E-03  1.2990E+04  1.5998E+04 -2.1167E+04  0.0000E+00 -2.0000E-03   1   5
  1.0439E-03 -4.7305E-03 -3.6609E-03 -2.2804E+02  3.5443E+04 -7.4593E+04  0.0000E+00 -2.0000E-03   1   5
  2.6669E-04 -8.3692E-03  2.7923E-03  1.2912E+04 -2.4019E+04  1.2700E+05  0.0000E+00 -2.0000E-03   1   5
  3.3417E-03 -1.3586E-02 -1.5505E-03  2.3215E+04 -5.0836E+03  7.1767E+04  0.0000E+00 -2.0000E-03   1   5
  5.3193E-03 -1.2578E-02 -5.3070E-03  5.7214E+03  4.2116E+04  1.3195E+04  0.0000E+00 -2.0000E-03   1   5
  4.1224E-03 -9.1694E-03 -6.1515E-03 -1.2163E+04  6.6191E+04 -4.1674E+04  0.0000E+00 -2.0000E-03   1   5
  5.6632E-03  4.2072E-03 -5.9830E-03 -6.1875E+04 -3.2456E+04 -8.1327E+04  0.0000E+00 -2.0000E-03   1   5
 -7.9393E-03  9.4235E-03  8.8761E-04 -3.0114E+04  7.1867E+03  1.0513E+05  0.0000E+00 -2.0000E-03   1   5
 -9.4303E-03  1.0687E-02 -2.2513E-03 -1.9152E+04 -1.1531E+04  6.3174E+04  0.0000E+00 -2.0000E-03   1   5
 -7.0754E-03  9.1204E-03 -3.8363E-03  2.8230E+03 -3.2954E+04  6.9825E+03  0.0000E+00 -2.0000E-03   1   5
 -4.7350E-03  5.7400E-03 -3.5264E-03  1.3034E+04 -3.3868E+04 -3.8402E+04  0.0000E+00 -2.0000E-03   1   5
 -1.3343E-03  1.7416E-03 -3.4347E-03  9.6150E+03 -1.7912E+04 -9.7931E+04  0.0000E+00 -2.0000E-03   1   5
 -3.2297E-04  3.9028E-03  2.6412E-03 -6.4384E+03  8.9728E+03  1.0393E+05  0.0000E+00 -2.0000E-03   1   5
  2.1886E-03  4.7264E-04  1.1273E-03  1.0533E+03  3.6111E+03  4.5197E+04  0.0000E+00 -2.0000E-03   1   5
  2.7818E-03 -2.1042E-03 -4.9193E-04 -3.5226E+02  6.8325E+03 -4.7222E+03  0.0000E+00 -2.0000E-03   1   5
  3.6221E-03 -2.6900E-03 -2.4939E-03 -1.2986E+04  1.8214E+04 -5.0571E+04  0.0000E+00 -2.0000E-03   1   5
  2.2206E-03 -1.4234E-03 -4.1504E-03 -2.3110E+04  1.9521E+04 -1.1619E+05  0.0000E+00 -2.0000E-03   1   5
  7.3611E-03 -9.0819E-03  5.0043E-04  2.6524E+04 -5.1026E+03  9.1522E+04  0.0000E+00 -2.0000E-03   1   5
  1.0675E-02 -9.8514E-03 -3.9653E-03  4.5902E+03  2.6647E+04  4.1061E+04  0.0000E+00 -2.0000E-03   1   5
  9.7369E-03 -6.1889E-03 -6.4440E-03 -4.3276E+04  4.9282E+04 -2.6637E+04  0.0000E+00 -2.0000E-03   1   5
 -6.4066E-03 -4.5715E-03 -5.9905E-03  6.3391E+04  3.0023E+04 -7.2343E+04  0.0000E+00 -2.0000E-03   1   5
 -1.9342E-03 -2.1873E-03 -4.4941E-03  2.5395E+04  2.2850E+04 -1.1083E+05  0.0000E+00 -2.0000E-03   1   5
 -7.7067E-03 -1.2016E-02 -1.7047E-03  1.3876E+04 -1.8527E+04  7.4080E+04  0.0000E+00 -2.0000E-03   1   5
  1.0181E-04  1.2735E-02 -3.9142E-03 -2.0089E+04 -2.5459E+04  2.5921E+04  0.0000E+00 -2.0000E-03   1   5
 -1.3402E-03  1.0458E-02 -5.5184E-03 -9.7717E+03 -5.5257E+04 -2.8169E+04  0.0000E+00 -2.0000E-03   1   5
 -5.3087E-04  6.3121E-03 -5.2890E-03 -4.8241E+03 -6.0589E+04 -8.5007E+04  0.0000E+00 -2.0000E-03   1   5
  4.1816E-03  6.9592E-03  2.7757E-03  2.1570E+03  2.6403E+04  1.2643E+05  0.0000E+00 -2.0000E-03   1   5
  7.4376E-03  7.1439E-03  1.0786E-04 -2.2177E+03  1.9167E+04  6.9982E+04  0.0000E+00 -2.0000E-03   1   5
  5.7092E-03  5.1354E-03 -1.0389E-03 -1.2814E+04  4.2091E+03  1.5731E+04  0.0000E+00 -2.0000E-03   1   5
  6.5170E-03  2.2587E-03 -2.9469E-03 -3.0259E+04  7.4771E+02 -3.4099E+04  0.0000E+00 -2.0000E-03   1   5
  4.9278E-03  3.9227E-04 -4.2835E-03 -4.2692E+04  4.1528E+03 -8.7113E+04  0.0000E+00 -2.0000E-03   1   5
  1.0359E-02 -2.1849E-03  1.5867E-03  2.7430E+04  1.0255E+04  1.0986E+05  0.0000E+00 -2.0000E-03   1   5
  1.4664E-02 -3.4981E-03 -3.2554E-03  1.7035E+03  2.3741E+04  5.8072E+04  0.0000E+00 -2.0000E-03   1   5
 -1.2157E-02 -1.4148E-04 -4.7332E-03  3.6961E+04 -1.8679E+04  2.9409E+03  0.0000E+00 -2.0000E-03   1   5
 -8.0924E-03 -2.4702E-03 -4.5861E-03  4.8677E+04  1.0105E+03 -4.1799E+04  0.0000E+00 -2.0000E-03   1   5
 -3.5869E-03 -2.2880E-03 -4.6448E-03  4.1854E+04  1.9090E+04 -1.0555E+05  0.0000E+00 -2.0000E-03   1   5
 -8.6170E-03 -5.5351E-03  1.3920E-03 -1.0912E+04 -2.4915E+04  1.0327E+05  0.0000E+00 -2.0000E-03   1   5
 -6.5768E-03 -1.0520E-02 -1.9702E-03  1.7095E+04 -8.4590E+03  4.7364E+04  0.0000E+00 -2.0000E-03   1   5
 -2.5294E-03 -1.0788E-02 -4.0252E-03  2.4091E+04  2.6926E+04 -6.3665E+02  0.0000E+00 -2.0000E-03   1   5
  3.7514E-04 -8.5708E-03 -6.7060E-03  1.0279E+04  7.8095E+04 -6.9817E+04  0.0000E+00 -2.0000E-03   1   5
  7.1524E-04  4.7842E-03 -4.8786E-03 -1.4362E+04 -4.6960E+04 -9.3452E+04  0.0000E+00 -2.0000E-03   1   5
  8.6323E-03  1.0682E-02 -5.7241E-04 -4.0819E+03  2.7759E+04  8.6460E+04  0.0000E+00 -2.0000E-03   1   5
  8.6051E-03  1.1148E-02 -3.6400E-03 -2.5405E+04  3.2348E+03  4.1011E+04  0.0000E+00 -2.0000E-03   1   5
  8.0273E-03  6.6191E-03 -4.4380E-03 -4.1167E+04 -1.2655E+04 -1.4398E+04  0.0000E+00 -2.0000E-03   1   5
  6.7393E-03  3.6737E-03 -6.2439E-03 -7.0072E+04 -2.4236E+04 -7.8461E+04  0.0000E+00 -2.0000E-03   1   5
  7.8759E-03 -7.0307E-04  2.6865E-03  1.8444E+04  9.9402E+03  1.0890E+05  0.0000E+00 -2.0000E-03   1   5
 -1.2737E-02  7.0343E-03 -1.4523E-03 -2.3410E+04 -1.2371E+04  7.8977E+04  0.0000E+00 -2.0000E-03   1   5
 -1.1005E-02  4.0938E-03 -2.7930E-03  6.8250E+03 -2.1890E+04  2.5212E+04  0.0000E+00 -2.0000E-03   1   5
 -7.2606E-03  1.0250E-03 -2.6906E-03  2.2902E+04 -1.4638E+04 -2.3687E+04  0.0000E+00 -2.0000E-03   1   5
 -3.7864E-03 -8.1644E-04 -3.3740E-03  2.8862E+04  1.2681E+02 -7.9671E+04  0.0000E+00 -2.0000E-03   1   5
 -4.2545E-03 -1.5537E-03  3.2399E-03 -1.0448E+04 -1.0782E+04  1.2677E+05  0.0000E+00 -2.0000E-03   1   5
 -3.7672E-03 -6.4078E-03  8.8450E-04  4.7677E+03 -1.3645E+04  6.6717E+04  0.0000E+00 -2.0000E-03   1   5
 -4.1452E-04 -8.6046E-03 -1.5254E-03  1.3561E+04  9.1726E+03  1.4242E+04  0.0000E+00 -2.0000E-03   1   5
  2.2900E-03 -6.6846E-03 -3.2365E-03  4.1187E+01  3.3709E+04 -3.7933E+04  0.0000E+00 -2.0000E-03   1   5
  2.7292E-03 -4.5447E-03 -4.6525E-03 -1.7555E+04  4.5470E+04 -8.9625E+04  0.0000E+00 -2.0000E-03   1   5
  3.2097E-03 -1.1005E-02  1.2193E-03  2.3474E+04 -1.9632E+04  1.0717E+05  0.0000E+00 -2.0000E-03   1   5
  4.2186E-03 -1.4085E-02 -2.9950E-03  2.0973E+04  9.0820E+03  5.7529E+04  0.0000E+00 -2.0000E-03   1   5
  7.1231E-03  1.0106E-02 -5.2847E-03 -4.1147E+04 -2.4233E+04  6.9532E+02  0.0000E+00 -2.0000E-03   1   5
  8.1605E-03  4.6969E-03 -5.9388E-03 -6.2816E+04 -1.8898E+04 -4.7715E+04  0.0000E+00 -2.0000E-03   1   5
 -4.2938E-03  3.1313E-03 -5.5200E-03  4.4429E+04 -4.2688E+04 -1.0241E+05  0.0000E+00 -2.0000E-03   1   5
 -6.3415E-03  1.0298E-02  6.4143E-04 -2.7768E+04  1.0761E+04  9.8408E+04  0.0000E+00 -2.0000E-03   1   5
 -6.5057E-03  9.2913E-03 -1.4747E-03 -1.3617E+04 -1.0689E+04  4.4988E+04  0.0000E+00 -2.0000E-03   1   5
 -4.3163E-03  6.1194E-03 -1.8139E-03 -7.8951E+02 -1.8700E+04 -3.8054E+03  0.0000E+00 -2.0000E-03   1   5
 -2.9355E-03  2.2709E-03 -2.3728E-03  1.0870E+04 -1.5752E+04 -5.5173E+04  0.0000E+00 -2.0000E-03   1   5
 -6.2719E-04  1.1658E-03 -4.0082E-03  5.9415E+03 -1.5348E+04 -1.2757E+05  0.0000E+00 -2.0000E-03   1   5
  2.1427E-03  6.3642E-04  2.3093E-03  3.5355E+03  4.4939E+03  8.8538E+04  0.0000E+00 -2.0000E-03   1   5
  3.9868E-03 -2.3455E-03  4.5837E-04  4.6204E+03  5.3148E+03  3.3590E+04  0.0000E+00 -2.0000E-03   1   5
  6.0571E-03 -3.9471E-03 -2.2584E-03 -1.0763E+04  2.0274E+04 -1.6466E+04  0.0000E+00 -2.0000E-03   1   5
  5.4579E-03 -3.1366E-03 -4.2893E-03 -3.3865E+04  3.0811E+04 -6.7736E+04  0.0000E+00 -2.0000E-03   1   5
  6.1307E-03 -6.6306E-03  2.6468E-03  2.6193E+04 -8.8937E+03  1.2068E+05  0.0000E+00 -2.0000E-03   1   5
  1.0117E-02 -1.0557E-02 -1.5902E-03  2.5314E+04  5.7534E+03  7.7662E+04  0.0000E+00 -2.0000E-03   1   5
  1.1416E-02 -6.9243E-03 -4.6583E-03 -1.5408E+04  3.3832E+04  2.0781E+04  0.0000E+00 -2.0000E-03   1   5
 -1.0013E-02 -3.3085E-03 -5.3893E-03  5.5006E+04  5.2921E+02 -2.1229E+04  0.0000E+00 -2.0000E-03   1   5
 -4.2960E-03 -5.5590E-03 -6.3301E-03  5.4757E+04  5.2538E+04 -8.5699E+04  0.0000E+00 -2.0000E-03   1   5
 -1.0036E-03  1.0838E-02  1.4734E-03 -1.8074E+04  2.1030E+04  1.0722E+05  0.0000E+00 -2.0000E-03   1   5
 -2.3497E-03  1.4751E-02 -2.6486E-03 -2.3103E+04 -9.7644E+02  6.4104E+04  0.0000E+00 -2.0000E-03   1   5
 -1.4922E-03  1.1875E-02 -3.7831E-03 -1.5251E+04 -2.7339E+04  1.2958E+04  0.0000E+00 -2.0000E-03   1   5
 -3.2436E-03  7.8297E-03 -4.4587E-03  4.9740E+03 -4.7138E+04 -4.0103E+04  0.0000E+00 -2.0000E-03   1   5
 -6.9873E-04  3.4496E-03 -3.6450E-03  3.2590E+02 -2.9510E+04 -8.9830E+04  0.0000E+00 -2.0000E-03   1   5
  3.3312E-03  5.6877E-03  2.4060E-03 -8.5408E+01  1.8959E+04  1.0784E+05  0.0000E+00 -2.0000E-03   1   5
  5.7639E-03  3.3295E-03  6.7549E-04  4.0218E+02  1.1688E+04  5.4671E+04  0.0000E+00 -2.0000E-03   1   5
  7.2425E-03  7.8815E-04 -1.5567E-03 -1.3881E+04  9.6438E+03 -1.1907E+03  0.0000E+00 -2.0000E-03   1   5
  6.9536E-03 -6.5744E-04 -3.5612E-03 -3.4025E+04  1.4064E+04 -4.4585E+04  0.0000E+00 -2.0000E-03   1   5
  3.9469E-03 -6.2080E-04 -4.7019E-03 -4.3670E+04  1.3023E+04 -1.1002E+05  0.0000E+00 -2.0000E-03   1   5
  1.0390E-02 -7.0021E-03  3.3825E-04  2.9147E+04  2.7885E+03  9.4929E+04  0.0000E+00 -2.0000E-03   1   5
 -1.4403E-02 -9.5990E-04 -4.4327E-03  2.3921E+04 -2.1307E+04  3.5393E+04  0.0000E+00 -2.0000E-03   1   5
 -1.1092E-02 -2.7255E-03 -4.6910E-03  4.2011E+04 -8.0805E+03 -5.4605E+03  0.0000E+00 -2.0000E-03   1   5
 -6.3042E-03 -4.5052E-03 -5.5322E-03  5.7853E+04  2.6440E+04 -6.8686E+04  0.0000E+00 -2.0000E-03   1   5
 -1.6123E-03 -2.4240E-03 -4.5383E-03  2.3436E+04  2.7293E+04 -1.1973E+05  0.0000E+00 -2.0000E-03   1   5
 -7.6365E-03 -1.0839E-02 -4.7588E-04  5.9555E+03 -2.6254E+04  8.4037E+04  0.0000E+00 -2.0000E-03   1   5
 -3.9791E-03 -1.3734E-02 -4.3755E-03  2.7534E+04  1.4082E+04  3.2650E+04  0.0000E+00 -2.0000E-03   1   5
 -1.6697E-04  1.1089E-02 -6.1862E-03 -1.6973E+04 -6.1376E+04 -2.9790E+04  0.0000E+00 -2.0000E-03   1   5
  4.2584E-04  7.2122E-03 -5.9022E-03 -1.5537E+04 -6.8009E+04 -8.0817E+04  0.0000E+00 -2.0000E-03   1   5
  6.4826E-03  9.9814E-03  1.3163E-05 -5.8114E+03  2.3842E+04  8.2392E+04  0.0000E+00 -2.0000E-03   1   5
  8.2846E-03  8.0738E-03 -2.1736E-03 -1.7621E+04  7.6155E+03  3.4942E+04  0.0000E+00 -2.0000E-03   1   5
  7.8007E-03  4.4033E-03 -3.5334E-03 -3.5031E+04 -3.8616E+03 -1.9474E+04  0.0000E+00 -2.0000E-03   1   5
  6.4850E-03  1.7482E-03 -5.2414E-03 -5.9679E+04 -5.4123E+03 -7.8471E+04  0.0000E+00 -2.0000E-03   1   5
  1.0329E-02 -1.4936E-05  2.1380E-03  2.5848E+04  1.5263E+04  1.1691E+05  0.0000E+00 -2.0000E-03   1   5
 -1.4388E-02  5.3095E-03 -2.6861E-03 -1.1353E+04 -2.0929E+04  6.8730E+04  0.0000E+00 -2.0000E-03   1   5
 -1.2867E-02  2.5274E-03 -4.4047E-03  2.3326E+04 -2.5532E+04  1.8576E+04  0.0000E+00 -2.0000E-03   1   5
 -8.6701E-03 -1.9716E-04 -3.9009E-03  3.7882E+04 -1.2611E+04 -2.9068E+04  0.0000E+00 -2.0000E-03   1   5
 -3.8766E-03 -1.5005E-03 -3.8124E-03  3.4542E+04  6.5442E+03 -8.7646E+04  0.0000E+00 -2.0000E-03   1   5
 -6.4435E-03 -3.0171E-03  2.6855E-03 -1.3568E+04 -1.7782E+04  1.1968E+05  0.0000E+00 -2.0000E-03   1   5
 -5.0242E-03 -7.6380E-03  2.4677E-04  6.4727E+03 -1.5066E+04  6.2709E+04  0.0000E+00 -2.0000E-03   1   5
 -1.3215E-03 -9.5685E-03 -2.2345E-03  1.6770E+04  1.2692E+04  1.1938E+04  0.0000E+00 -2.0000E-03   1   5
  4.5161E-05 -8.5337E-03 -4.6323E-03  1.3019E+04  4.7716E+04 -4.1810E+04  0.0000E+00 -2.0000E-03   1   5
  1.2257E-03 -5.3427E-03 -5.3989E-03 -5.2011E+03  6.0278E+04 -9.9958E+04  0.0000E+00 -2.0000E-03   1   5
 -3.9601E-04 -1.3850E-02 -9.0216E-05  2.0031E+04 -2.4091E+04  9.6643E+04  0.0000E+00 -2.0000E-03   1   5
  7.8212E-03  1.3077E-02 -4.1514E-03 -2.7752E+04  2.7208E+02  4.7747E+04  0.0000E+00 -2.0000E-03   1   5
  8.2893E-03  8.9763E-03 -6.0071E-03 -5.0619E+04 -2.5983E+04 -1.3112E+04  0.0000E+00 -2.0000E-03   1   5
  7.5890E-03  5.1110E-03 -6.8933E-03 -7.3084E+04 -3.1520E+04 -6.2720E+04  0.0000E+00 -2.0000E-03   1   5
 -4.5670E-03  2.0977E-03 -5.2079E-03  4.6789E+04 -2.9784E+04 -9.9834E+04  0.0000E+00 -2.0000E-03   1   5
 -1.0390E-02  9.5631E-03 -4.7366E-04 -3.0779E+04 -6.0303E+02  9.1834E+04  0.0000E+00 -2.0000E-03   1   5
 -1.0001E-02  7.6849E-03 -2.4465E-03 -6.8696E+03 -1.9231E+04  4.1398E+04  0.0000E+00 -2.0000E-03   1   5
 -7.2350E-03  4.3866E-03 -2.5551E-03  1.1467E+04 -2.2196E+04 -8.0825E+03  0.0000E+00 -2.0000E-03   1   5
 -3.4438E-03  1.2524E-03 -2.5540E-03  1.6607E+04 -1.2029E+04 -6.0422E+04  0.0000E+00 -2.0000E-03   1   5
 -7.9645E-04 -2.6204E-04 -4.1071E-03  1.0530E+04  2.0369E+03 -1.3129E+05  0.0000E+00 -2.0000E-03   1   5
 -8.9343E-04 -3.5032E-03  1.9311E-03  3.5705E+03 -7.5449E+03  7.8814E+04  0.0000E+00 -2.0000E-03   1   5
  2.2803E-03 -5.9135E-03 -4.9653E-05  9.0073E+03  3.1153E+03  3.0382E+04  0.0000E+00 -2.0000E-03   1   5
  3.2243E-03 -4.8868E-03 -1.8890E-03 -1.8684E+03  1.9081E+04 -2.2998E+04  0.0000E+00 -2.0000E-03   1   5
  3.4891E-03 -3.8324E-03 -3.7645E-03 -1.8495E+04  3.2256E+04 -7.2049E+04  0.0000E+00 -2.0000E-03   1   5
  3.9198E-03 -8.0080E-03  2.5615E-03  2.2558E+04 -1.6503E+04  1.2220E+05  0.0000E+00 -2.0000E-03   1   5
  8.1058E-03 -1.2102E-02 -1.8390E-03  2.4284E+04  3.8209E+03  7.2921E+04  0.0000E+00 -2.0000E-03   1   5
  9.4073E-03 -9.7994E-03 -5.4506E-03 -1.1480E+04  4.3172E+04  1.1293E+04  0.0000E+00 -2.0000E-03   1   5
 -7.8342E-03 -6.5183E-03 -5.9181E-03  5.7296E+04  2.6535E+04 -3.7145E+04  0.0000E+00 -2.0000E-03   1   5
 -3.0730E-03  5.7890E-03 -5.7751E-03  2.2553E+04 -6.3744E+04 -8.5266E+04  0.0000E+00 -2.0000E-03   1   5
 -4.3186E-03  1.1130E-02  1.2093E-03 -2.6363E+04  1.8680E+04  1.1037E+05  0.0000E+00 -2.0000E-03   1   5
 -4.7761E-03  1.2697E-02 -1.8467E-03 -2.1319E+04 -2.4652E+03  6.2521E+04  0.0000E+00 -2.0000E-03   1   5
 -3.4899E-03  9.2987E-03 -2.5015E-03 -8.3585E+03 -2.1392E+04  1.0264E+04  0.0000E+00 -2.0000E-03   1   5
 -1.6319E-03  5.5053E-03 -2.6832E-03 -1.3503E+03 -2.6655E+04 -4.1986E+04  0.0000E+00 -2.0000E-03   1   5
  1.6152E-05  2.5677E-03 -3.5062E-03 -4.0797E+03 -2.2563E+04 -9.6207E+04  0.0000E+00 -2.0000E-03   1   5
  4.7054E-03  3.8309E-03  2.3395E-03  5.5587E+03  1.5975E+04  1.0340E+05  0.0000E+00 -2.0000E-03   1   5
  6.9123E-03  8.9220E-04  4.2333E-04  3.6412E+03  1.0979E+04  4.9057E+04  0.0000E+00 -2.0000E-03   1   5
  6.5416E-03 -8.5067E-04 -1.5043E-03 -1.1750E+04  1.1677E+04 -7.2831E+03  0.0000E+00 -2.0000E-03   1   5
  6.5743E-03 -1.7111E-03 -3.5719E-03 -3.1408E+04  1.9061E+04 -4.6817E+04  0.0000E+00 -2.0000E-03   1   5
  3.3640E-03 -8.3733E-04 -4.5686E-03 -3.7902E+04  1.4918E+04 -1.1411E+05  0.0000E+00 -2.0000E-03   1   5
  1.2196E-02 -7.9495E-03 -8.8519E-04  2.8619E+04  7.6239E+03  8.8631E+04  0.0000E+00 -2.0000E-03   1   5
 -1.4278E-02 -2.4872E-03 -4.4508E-03  2.5156E+04 -1.8776E+04  3.4004E+04  0.0000E+00 -2.0000E-03   1   5
 -9.5047E-03 -5.5030E-03 -4.7371E-03  4.4466E+04  5.7048E+03 -1.1374E+04  0.0000E+00 -2.0000E-03   1   5
 -4.4900E-03 -6.1144E-03 -6.0723E-03  5.1783E+04  5.0040E+04 -7.8388E+04  0.0000E+00 -2.0000E-03   1   5
 -1.4019E-03 -2.6189E-03 -4.5205E-03  1.9666E+04  2.7659E+04 -1.1190E+05  0.0000E+00 -2.0000E-03   1   5
 -7.3373E-03 -1.2514E-02 -1.6830E-03  1.3539E+04 -2.0504E+04  7.4650E+04  0.0000E+00 -2.0000E-03   1   5
  5.9894E-04  1.4345E-02 -5.2788E-03 -2.4150E+04 -3.1487E+04  2.2319E+04  0.0000E+00 -2.0000E-03   1   5
  8.2099E-04  1.0162E-02 -5.1407E-03 -2.0073E+04 -4.8246E+04 -2.7090E+04  0.0000E+00 -2.0000E-03   1   5
  1.2804E-03  6.1220E-03 -5.0301E-03 -2.0969E+04 -5.2476E+04 -8.2252E+04  0.0000E+00 -2.0000E-03   1   5
  6.5580E-03  5.5237E-03  2.5663E-03  1.0267E+04  2.4955E+04  1.2131E+05  0.0000E+00 -2.0000E-03   1   5
  1.0526E-02  5.1470E-03 -3.8840E-04  3.5293E+03  2.1337E+04  7.2214E+04  0.0000E+00 -2.0000E-03   1   5
  9.6911E-03  3.2531E-03 -2.3328E-03 -1.8708E+04  1.0327E+04  1.6577E+04  0.0000E+00 -2.0000E-03   1   5
  9.0010E-03  1.2694E-03 -4.5838E-03 -4.7064E+04  7.7529E+03 -3.3161E+04  0.0000E+00 -2.0000E-03   1   5
  6.0346E-03  3.5745E-04 -5.9219E-03 -6.9990E+04  5.2436E+03 -9.6511E+04  0.0000E+00 -2.0000E-03   1   5
 -1.1689E-02  3.2459E-03  1.0623E-03 -3.0481E+04 -1.0244E+04  1.0867E+05  0.0000E+00 -2.0000E-03   1   5
 -1.3411E-02  2.8305E-04 -1.8623E-03 -4.7294E+03 -2.0503E+04  6.0623E+04  0.0000E+00 -2.0000E-03   1   5
 -9.5005E-03 -1.1049E-03 -2.3807E-03  1.8409E+04 -1.2585E+04  8.1977E+03  0.0000E+00 -2.0000E-03   1   5
 -5.1763E-03 -3.4747E-03 -3.0187E-03  2.9572E+04  8.2948E+03 -4.3338E+04  0.0000E+00 -2.0000E-03   1   5
 -2.0493E-03 -2.5143E-03 -3.8763E-03  2.2819E+04  2.0439E+04 -9.9948E+04  0.0000E+00 -2.0000E-03   1   5
 -5.3773E-03 -7.7119E-03  1.5858E-03 -5.8289E+02 -2.4951E+04  1.0249E+05  0.0000E+00 -2.0000E-03   1   5
 -2.8373E-03 -1.2217E-02 -1.9057E-03  1.8745E+04 -4.0526E+03  5.0411E+04  0.0000E+00 -2.0000E-03   1   5
  4.3122E-04 -1.1078E-02 -4.4926E-03  1.5904E+04  3.8807E+04 -6.9553E+03  0.0000E+00 -2.0000E-03   1   5
  1.8613E-03 -8.6245E-03 -6.6849E-03 -2.3177E+03  7.7537E+04 -6.6076E+04  0.0000E+00 -2.0000E-03   1   5
  1.5816E-03  4.1666E-03 -5.0647E-03 -2.4282E+04 -4.5124E+04 -1.0583E+05  0.0000E+00 -2.0000E-03   1   5
  1.1874E-02  8.4276E-03 -9.4556E-04  3.1332E+03  2.9157E+04  8.7508E+04  0.0000E+00 -2.0000E-03   1   5
  1.1947E-02  6.7361E-03 -3.6686E-03 -2.4303E+04  1.0866E+04  3.6397E+04  0.0000E+00 -2.0000E-03   1   5
  1.0885E-02  3.1260E-03 -5.5087E-03 -5.3358E+04  3.2665E+03 -1.7199E+04  0.0000E+00 -2.0000E-03   1   5
 -7.3394E-03  3.0608E-03 -6.7783E-03  6.9156E+04 -4.2364E+04 -7.7467E+04  0.0000E+00 -2.0000E-03   1   5
 -4.9209E-03  5.2383E-03  3.1318E-03 -2.1021E+04  7.3322E+03  1.2337E+05  0.0000E+00 -2.0000E-03   1   5
 -8.5325E-03  6.5019E-03  1.9467E-04 -2.0672E+04 -4.3777E+03  7.5656E+04  0.0000E+00 -2.0000E-03   1   5
 -6.7147E-03  3.3588E-03 -5.9004E-04 -2.8395E+03 -1.1215E+04  2.5534E+04  0.0000E+00 -2.0000E-03   1   5
 -3.8942E-03  1.9411E-04 -1.4266E-03  1.0981E+04 -6.4691E+03 -2.9865E+04  0.0000E+00 -2.0000E-03   1   5
 -1.2512E-03 -8.5676E-04 -2.6067E-03  1.0184E+04  4.2750E+03 -7.6882E+04  0.0000E+00 -2.0000E-03   1   5
 -1.2804E-03 -2.8363E-03  3.2849E-03  3.6784E+02 -1.0003E+04  1.2300E+05  0.0000E+00 -2.0000E-03   1   5
  9.0549E-04 -8.0729E-03  7.6633E-04  1.3148E+04 -9.0693E+03  6.9256E+04  0.0000E+00 -2.0000E-03   1   5
  3.6683E-03 -9.0559E-03 -2.1664E-03  8.6406E+03  1.8533E+04  1.4305E+04  0.0000E+00 -2.0000E-03   1   5
  4.9094E-03 -7.7091E-03 -4.8306E-03 -1.4004E+04  4.8696E+04 -3.6583E+04  0.0000E+00 -2.0000E-03   1   5
  3.8260E-03 -4.4764E-03 -6.0655E-03 -3.9596E+04  6.0436E+04 -1.0149E+05  0.0000E+00 -2.0000E-03   1   5
  6.5716E-03 -1.1139E-02  5.9650E-04  2.9906E+04 -1.2458E+04  1.0396E+05  0.0000E+00 -2.0000E-03   1   5
  6.8650E-03 -1.2181E-02 -2.8686E-03  1.5696E+04  1.5919E+04  5.2579E+04  0.0000E+00 -2.0000E-03   1   5
 -7.4813E-03  1.0262E-02 -5.7895E-03  1.2083E+04 -5.0967E+04 -2.6709E+03  0.0000E+00 -2.0000E-03   1   5
 -5.8154E-03  6.9102E-03 -6.8168E-03  3.9190E+04 -6.9025E+04 -6.4366E+04  0.0000E+00 -2.0000E-03   1   5
 -2.9649E-03  3.5353E-03 -4.9107E-03  2.6692E+04 -4.2987E+04 -1.0440E+05  0.0000E+00 -2.0000E-03   1   5
 -2.8900E-03  9.7516E-03  1.2764E-03 -2.0466E+04  1.6174E+04  9.9735E+04  0.0000E+00 -2.0000E-03   1   5
 -2.3664E-03  8.6000E-03 -3.5572E-04 -1.3667E+04 -9.0537E+02  4.4496E+04  0.0000E+00 -2.0000E-03   1   5
 -5.6792E-04  5.6415E-03 -1.3723E-03 -7.3077E+03 -1.3164E+04 -1.3825E+04  0.0000E+00 -2.0000E-03   1   5
 -3.0045E-04  1.9484E-03 -1.8930E-03 -1.6817E+03 -9.6212E+03 -5.3471E+04  0.0000E+00 -2.0000E-03   1   5
  7.7489E-04  1.4812E-04 -3.9466E-03 -1.0053E+04 -7.9884E+02 -1.2919E+05  0.0000E+00 -2.0000E-03   1   5
  5.2683E-03 -3.9090E-03  1.8401E-03  1.6389E+04 -2.4562E+02  9.2349E+04  0.0000E+00 -2.0000E-03   1   5
  8.1324E-03 -3.3072E-03 -7.8520E-04  3.2414E+03  1.3073E+04  3.2684E+04  0.0000E+00 -2.0000E-03   1   5
  8.4982E-03 -3.7391E-03 -3.4042E-03 -2.1382E+04  2.5213E+04 -1.3111E+04  0.0000E+00 -2.0000E-03   1   5
  6.9206E-03 -2.4008E-03 -6.0900E-03 -6.3860E+04  3.4489E+04 -8.1702E+04  0.0000E+00 -2.0000E-03   1   5
  7.5755E-03 -5.6467E-03  2.3510E-03  2.6190E+04 -2.2440E+03  1.1407E+05  0.0000E+00 -2.0000E-03   1   5
 -1.4924E-02 -3.2560E-03 -2.4769E-03 -7.5043E+02 -2.4170E+04  7.0026E+04  0.0000E+00 -2.0000E-03   1   5
 -1.1401E-02 -7.8702E-03 -4.8252E-03  3.6329E+04 -1.4447E+03  2.0972E+04  0.0000E+00 -2.0000E-03   1   5
 -5.6299E-03 -8.5036E-03 -5.9763E-03  4.7556E+04  4.2503E+04 -4.0428E+04  0.0000E+00 -2.0000E-03   1   5
 -1.8423E-03 -6.7699E-03 -6.2422E-03  2.9982E+04  6.8090E+04 -8.5657E+04  0.0000E+00 -2.0000E-03   1   5
  1.7469E-03  1.0349E-02  1.6858E-03 -1.1244E+04  2.6001E+04  1.1000E+05  0.0000E+00 -2.0000E-03   1   5
  2.4211E-03  1.3079E-02 -1.3912E-03 -1.8249E+04  1.2569E+04  6.8227E+04  0.0000E+00 -2.0000E-03   1   5
  3.0612E-03  9.5368E-03 -2.4214E-03 -1.9541E+04 -1.0675E+04  1.2607E+04  0.0000E+00 -2.0000E-03   1   5
  2.2907E-03  7.5407E-03 -3.7425E-03 -2.2522E+04 -3.1585E+04 -3.6683E+04  0.0000E+00 -2.0000E-03   1   5
  1.9224E-03  3.0880E-03 -3.9577E-03 -2.2880E+04 -2.5851E+04 -9.8151E+04  0.0000E+00 -2.0000E-03   1   5
  8.8178E-03  2.2037E-03  1.9777E-03  1.8817E+04  1.8482E+04  1.1161E+05  0.0000E+00 -2.0000E-03   1   5
  1.2147E-02  4.6091E-04 -1.3803E-03  3.0269E+03  1.8654E+04  5.5866E+04  0.0000E+00 -2.0000E-03   1   5
  1.1642E-02 -5.9297E-04 -4.3038E-03 -3.2112E+04  1.9958E+04  2.5095E+03  0.0000E+00 -2.0000E-03   1   5
  9.0492E-03 -4.1353E-04 -6.8819E-03 -7.8097E+04  1.8061E+04 -6.3340E+04  0.0000E+00 -2.0000E-03   1   5
 -4.4945E-03 -7.8846E-04 -4.8806E-03  4.9662E+04  1.4596E+03 -1.0368E+05  0.0000E+00 -2.0000E-03   1   5
 -1.2314E-02 -4.6081E-05  4.5228E-04 -2.3001E+04 -1.8446E+04  9.5349E+04  0.0000E+00 -2.0000E-03   1   5
 -1.1307E-02 -4.4784E-03 -1.9151E-03  8.7392E+03 -1.6571E+04  4.5931E+04  0.0000E+00 -2.0000E-03   1   5
 -6.4655E-03 -6.8149E-03 -3.2631E-03  2.9875E+04  1.0314E+04 -1.0071E+04  0.0000E+00 -2.0000E-03   1   5
 -2.5561E-03 -7.1201E-03 -4.9465E-03  2.9288E+04  4.6365E+04 -6.1242E+04  0.0000E+00 -2.0000E-03   1   5
 -1.0298E-04 -2.4714E-03 -4.4395E-03  5.1250E+03  3.1456E+04 -1.2367E+05  0.0000E+00 -2.0000E-03   1   5
 -2.5948E-03 -1.3262E-02 -5.5458E-04  1.6467E+04 -2.2162E+04  8.5085E+04  0.0000E+00 -2.0000E-03   1   5
  4.4084E-04 -1.4164E-02 -4.7731E-03  2.1604E+04  2.8113E+04  2.6277E+04  0.0000E+00 -2.0000E-03   1   5
  3.2910E-03  1.0610E-02 -5.8452E-03 -3.3561E+04 -4.8082E+04 -2.5395E+04  0.0000E+00 -2.0000E-03   1   5
  3.2978E-03  6.3636E-03 -6.0374E-03 -4.2819E+04 -5.7853E+04 -8.2898E+04  0.0000E+00 -2.0000E-03   1   5
  1.2003E-02  6.6831E-03 -7.8969E-04  5.0112E+03  2.6586E+04  8.2767E+04  0.0000E+00 -2.0000E-03   1   5
  1.2936E-02  4.5374E-03 -4.4365E-03 -3.1174E+04  1.1898E+04  2.5359E+04  0.0000E+00 -2.0000E-03   1   5
  1.1086E-02  1.7678E-03 -6.1653E-03 -6.1943E+04  8.2049E+03 -2.7725E+04  0.0000E+00 -2.0000E-03   1   5
 -6.8124E-03  1.6340E-03 -5.8323E-03  6.3557E+04 -2.6654E+04 -8.2555E+04  0.0000E+00 -2.0000E-03   1   5
 -6.2705E-03  3.6192E-03  3.0515E-03 -2.3789E+04  1.5476E+03  1.2848E+05  0.0000E+00 -2.0000E-03   1   5
 -1.0426E-02  2.4189E-03  7.8305E-05 -1.6151E+04 -1.2807E+04  7.2764E+04  0.0000E+00 -2.0000E-03   1   5
 -6.9937E-03  2.4572E-03 -7.6141E-04  3.5415E+02 -1.1890E+04  1.9924E+04  0.0000E+00 -2.0000E-03   1   5
 -4.1175E-03 -1.3755E-03 -1.6980E-03  1.5366E+04 -1.7708E+03 -3.3226E+04  0.0000E+00 -2.0000E-03   1   5
 -4.9187E-04 -1.3939E-03 -2.7683E-03  5.9089E+03  1.0081E+04 -8.1492E+04  0.0000E+00 -2.0000E-03   1   5
 -6.2409E-04 -5.8207E-03  2.7423E-03  6.8433E+03 -1.6215E+04  1.1326E+05  0.0000E+00 -2.0000E-03   1   5
  1.9954E-03 -1.0037E-02 -6.3485E-05  1.7038E+04 -6.7909E+03  6.5348E+04  0.0000E+00 -2.0000E-03   1   5
  4.9165E-03 -1.0116E-02 -3.4164E-03  5.5001E+03  2.8878E+04  9.7089E+03  0.0000E+00 -2.0000E-03   1   5
  3.6802E-03 -8.3088E-03 -5.1861E-03 -8.8156E+03  5.4866E+04 -4.2833E+04  0.0000E+00 -2.0000E-03   1   5
  3.0689E-03 -4.7664E-03 -5.7362E-03 -2.8257E+04  5.9897E+04 -1.0022E+05  0.0000E+00 -2.0000E-03   1   5
  3.4154E-03 -1.3273E-02 -2.3176E-04  2.4894E+04 -1.4543E+04  9.4000E+04  0.0000E+00 -2.0000E-03   1   5
  1.2853E-02  5.5421E-03 -3.3297E-03 -1.9458E+04  1.5205E+04  4.6309E+04  0.0000E+00 -2.0000E-03   1   5
