# Created by Octave 4.4.1, Fri May 17 20:25:48 2019 CEST <peter@peter-ubuntu>
# name: u
# type: matrix
# rows: 3996
# columns: 1
 -60000.000000000015
 -59999.999999999978
 -59999.999999999985
 -60000.000000000036
 -59999.999999999956
 -59999.999999999993
 -59999.999999999993
 -59999.999999999985
 -60000.000000000015
 -59999.999999999978
 -60000.000000000015
 -59999.999999999985
 -60000.000000000015
 -59999.999999999971
 -60000.000000000022
 -60000
 -59999.999999999993
 -58278.900694415512
 -58278.900253347929
 -58281.056466124639
 -58285.414766694041
 -58292.070305759509
 -58301.170104707016
 -58312.919943986046
 -58327.593104501146
 -58345.542455563926
 -58367.216317308215
 -58393.179083241863
 -58424.137817911367
 -58460.976323734387
 -58504.799057880045
 -58556.986321445656
 -58619.268757136451
 -58693.808523264968
 -54619.60060713601
 -54619.600525134534
 -54622.347386288558
 -54627.849298452653
 -54636.122116004932
 -54647.187440695554
 -54661.070060749924
 -54677.793995941851
 -54697.376986206611
 -54719.822899935767
 -54745.111436740488
 -54773.184251105675
 -54803.926414184003
 -54837.141526801614
 -54872.519217735993
 -54909.589821548907
 -54947.67255622911
 -50630.621641981888
 -50630.621646051353
 -50632.20439561965
 -50635.36952949089
 -50640.116488667758
 -50646.444937342996
 -50654.355455761382
 -50663.850653566966
 -50674.936871969177
 -50687.626728453135
 -50701.942849748877
 -50717.92327742379
 -50735.62916941935
 -50755.155772600687
 -50776.647495266923
 -50800.319997910476
 -50826.486531429029
 -46440.923457408724
 -46440.923479319819
 -46441.443760211077
 -46442.482041493349
 -46444.033585431091
 -46446.091041531414
 -46448.644035273661
 -46451.678582726301
 -46455.176195909648
 -46459.112567005905
 -46463.455651752964
 -46468.162900581185
 -46473.177305467259
 -46478.421730719958
 -46483.791063545024
 -46489.140550879885
 -46494.271779196119
 -42183.587383586455
 -42183.58741062849
 -42183.292514401583
 -42182.699951716357
 -42181.804119008862
 -42180.59672455016
 -42179.066860699779
 -42177.201201289674
 -42174.98430600678
 -42172.399109960083
 -42169.427683110051
 -42166.052390296682
 -42162.257625935526
 -42158.03240313672
 -42153.374063080242
 -42148.293942193675
 -42142.824434775823
 -37959.366588120072
 -37959.36660604582
 -37958.597658339888
 -37957.057919098057
 -37954.743631723213
 -37951.649160439039
 -37947.766921441114
 -37943.087312237018
 -37937.598579711193
 -37931.286608164592
 -37924.134581397528
 -37916.122455442339
 -37907.226154206714
 -37897.41634342046
 -37886.656647145064
 -37874.900853188177
 -37862.089433099412
 -33829.231365675128
 -33829.231378624587
 -33828.228635087158
 -33826.221819179576
 -33823.20823489999
 -33819.183870224129
 -33814.143398447413
 -33808.080217144983
 -33800.986504972068
 -33792.853317923385
 -33783.670743676696
 -33773.428145880018
 -33762.114541977004
 -33749.719186665359
 -33736.232434737125
 -33721.647102379415
 -33705.960223610993
 -29823.163961328264
 -29823.163968686087
 -29822.094006013675
 -29819.953325249902
 -29816.740392137861
 -29812.452917855371
 -29807.08784849953
 -29800.641363705159
 -29793.108863972357
 -29784.484944740419
 -29774.763346388772
 -29763.936865542077
 -29751.997206513846
 -29738.934736947671
 -29724.738112081854
 -29709.393651601553
 -29692.884537327514
 -25950.36350197655
 -25950.363506445367
 -25949.326303594939
 -25947.25143919899
 -25944.137982178367
 -25939.984545547417
 -25934.789284447477
 -25928.549905018586
 -25921.263675951548
 -25912.927448258601
 -25903.537687004613
 -25893.090522202507
 -25881.581828980914
 -25869.00735426549
 -25855.362908647479
 -25840.644677105254
 -25824.849631748421
 -22207.128947545993
 -22207.12894990468
 -22206.183038265717
 -22204.290972970844
 -22201.452262993862
 -22197.666177203097
 -22192.931742927936
 -22187.247748602833
 -22180.61274445464
 -22173.025041352255
 -22164.482705409555
 -22154.983545166877
 -22144.525086551457
 -22133.104527211108
 -22120.718661543327
 -22107.363748373391
 -22093.0353348963
 -18582.284974772476
 -18582.284976032941
 -18581.46246591226
 -18579.817316305685
 -18577.349264657943
 -18574.057919910661
 -18569.942761920709
 -18565.003143754424
 -18559.238294384355
 -18552.647323101322
 -18545.229226349955
 -18536.982898534541
 -18527.907149018818
 -18518.000729243438
 -18507.262374397564
 -18495.690872264604
 -18483.28515672759
 -15060.500253263623
 -15060.500253850918
 -15059.81790429074
 -15058.453144941624
 -15056.405853713572
 -15053.67584909867
 -15050.262890180637
 -15046.166677833662
 -15041.386855659161
 -15035.923010762057
 -15029.774673862748
 -15022.941318082523
 -15015.422355359982
 -15007.217128619484
 -14998.324897660443
 -14988.744812315579
 -14978.47587525892
 -11624.274020144252
 -11624.274020395525
 -11623.739899402566
 -11622.671631642708
 -11621.069164856061
 -11618.932421329388
 -11616.261297921787
 -11613.055666699818
 -11609.315375681605
 -11605.040249944332
 -11600.230093233429
 -11594.884690391189
 -11589.003811076464
 -11582.587215643116
 -11575.634664174106
 -11568.14593161047
 -11560.120828458726
 -8255.049963006275
 -8255.0499630871109
 -8254.6674980308744
 -8253.9025596452611
 -8252.7551312145624
 -8251.2251880267668
 -8249.3126975392934
 -8247.0176197603505
 -8244.3399076405349
 -8241.2795074759433
 -8237.8363592291262
 -8234.0103966296429
 -8229.8015468317626
 -8225.2097292180351
 -8220.2348528717921
 -8214.8768112901471
 -8209.1354745752305
 -4933.8170605352216
 -4933.8170605511186
 -4933.5874254119653
 -4933.1281535105691
 -4932.4392415816419
 -4931.5206848351172
 -4930.3724770374483
 -4928.9946106618299
 -4927.387077082426
 -4925.5498668421933
 -4923.4829700280379
 -4921.1863768202411
 -4918.6600783213362
 -4915.9040678681049
 -4912.9183430582216
 -4909.7029092354969
 -4906.2577842527635
 -1641.4031120116326
 -1641.4031120114785
 -1641.3265612822136
 -1641.1734598448265
 -1640.9438077595923
 -1640.6376051598695
 -1640.2548523027363
 -1639.7955496325721
 -1639.2596978521753
 -1638.6472979897669
 -1637.9583514406672
 -1637.1928599443365
 -1636.350825432731
 -1635.4322496268933
 -1634.4371332321696
 -1633.3654742899284
 -1632.217265703483
 0
 0
 0
 0
 0
 0
 0
 0
 0
 0
 0
 0
 0
 0
 0
 0
 0
 -59999.999999999993
 -60000.000000000015
 -59999.999999999978
 -60000.000000000007
 -60000
 -60000.000000000036
 -59999.999999999993
 -60000.000000000044
 -59999.999999999971
 -60000.000000000007
 -60000.000000000007
 -59999.999999999978
 -60000.000000000022
 -59999.999999999971
 -60000.000000000044
 -59999.999999999964
 -58659.704821146617
 -58534.884479511027
 -58431.549081059828
 -58342.314519625776
 -58262.079765240189
 -58187.209270955733
 -58114.909459537274
 -58042.816678688861
 -57968.663755596659
 -57889.961652899088
 -57803.61657415954
 -57705.388385050188
 -57589.023074694902
 -57444.859589783402
 -57257.25178444729
 -57000.816044962739
 -54877.456318038239
 -54699.69530441831
 -54522.694342863098
 -54345.394078464793
 -54166.120898671375
 -53982.757413710257
 -53792.81262953324
 -53593.417245500197
 -53381.276138403664
 -53152.601033553401
 -52903.054763052263
 -52627.755444615439
 -52321.456298148369
 -51979.045804492023
 -51596.951086677102
 -51175.482589492458
 -50722.595380999905
 -50485.909550973171
 -50247.236794721081
 -50004.526642299694
 -49755.775953657845
 -49498.969073396911
 -49232.055069919494
 -48952.951678408979
 -48659.577102770876
 -48349.912046416168
 -48022.09327345511
 -47674.535007484497
 -47306.03600362601
 -46915.818166569203
 -46503.141554924507
 -46066.448111169098
 -46368.594870692803
 -46108.043692592262
 -45842.05068253135
 -45569.624833447495
 -45289.71145428063
 -45001.230496010052
 -44703.106728003702
 -44394.296232870904
 -44073.808527291454
 -43740.721828976464
 -43394.187664077959
 -43033.419121228697
 -42657.67460634539
 -42266.244045532898
 -41858.629413958144
 -41434.909445567668
 -42009.840284180151
 -41744.842991763086
 -41474.279278823262
 -41197.445766825658
 -40913.674349323461
 -40622.329891107169
 -40322.812501283574
 -40014.561956293794
 -39697.064186722666
 -39369.860584518225
 -39032.561785071659
 -38684.869968106235
 -38326.605800148012
 -37957.744268375449
 -37578.360850844561
 -37188.506476955939
 -37731.469361517156
 -37478.885462360297
 -37220.686967924346
 -36956.546437968485
 -36686.141918320522
 -36409.165737433963
 -36125.331430517959
 -35834.380113479347
 -35536.08614894691
 -35230.261601639577
 -34916.758426679196
 -34595.465495118973
 -34266.301095573392
 -33929.194216855452
 -33584.103213632297
 -33231.050368343393
 -33584.172131666892
 -33352.367172931656
 -33115.367321963829
 -32873.002974356612
 -32625.117466189098
 -32371.568019853614
 -32112.227179802754
 -31846.984303201963
 -31575.746948393815
 -31298.442255166461
 -31015.018638186888
 -30725.44925892181
 -30429.737204557136
 -30127.927373089562
 -29820.102172972456
 -29506.376330813491
 -29583.130250586415
 -29376.600669983305
 -29165.299783312264
 -28949.173929717625
 -28728.173011652681
 -28502.252778173977
 -28271.376656775064
 -28035.517437968083
 -27794.658844944512
 -27548.796959220581
 -27297.941380423748
 -27042.115373971017
 -26781.354975899147
 -26515.703845628075
 -26245.214622523683
 -25969.946077205783
 -25728.636123346212
 -25548.824785447836
 -25364.750374956733
 -25176.410347271161
 -24983.805537987751
 -24786.940763985887
 -24585.825502846987
 -24380.4745536632
 -24170.908620690057
 -23957.15480633259
 -23739.247022689717
 -23517.226651432095
 -23291.143451993845
 -23061.058500959818
 -22827.044314141371
 -22589.188256190158
 -22010.732427333151
 -21857.669915973289
 -21700.8692650456
 -21540.356802120434
 -21376.15991142534
 -21208.307711223279
 -21036.831634298436
 -20861.765960059205
 -20683.14831739106
 -20501.020164007041
 -20315.427246115956
 -20126.419886720356
 -19934.053116723524
 -19738.385692930569
 -19539.480239948956
 -19337.400897719424
 -18414.739050640026
 -18287.667566270597
 -18157.410922796378
 -18024.00455110192
 -17887.484760920059
 -17747.888985527734
 -17605.256050277039
 -17459.626437231193
 -17311.04253104594
 -17159.548836785209
 -17005.192157761274
 -16848.021794194134
 -16688.089744334811
 -16525.451377026013
 -16360.165596109582
 -16192.296314964755
 -14923.274081164751
 -14821.173414307112
 -14716.452819420088
 -14609.148604860758
 -14499.297458762896
 -14386.936654287025
 -14272.104237842368
 -14154.839204216829
 -14035.181664360263
 -13913.17300747319
 -13788.856062790332
 -13662.275233020924
 -13533.476612462771
 -13402.507857402456
 -13269.418260093242
 -13134.258032836107
 -11517.792009574147
 -11439.620805280265
 -11359.405527000596
 -11277.177504276971
 -11192.968394831181
 -11106.810266428092
 -11018.735687415014
 -10928.777818094437
 -10836.970499389574
 -10743.348335811148
 -10647.946767898466
 -10550.802144059588
 -10451.951782521053
 -10351.434128546807
 -10249.288814345933
 -10145.55707576502
 -8179.2443481566188
 -8124.1001792551497
 -8067.4929569899023
 -8009.4464704501024
 -7949.9846999962319
 -7889.1318750844111
 -7826.9125296079583
 -7763.3515546840918
 -7698.4742502144572
 -7632.3063753818933
 -7564.8741996703639
 -7496.204549341338
 -7426.3248543687077
 -7355.2631452254118
 -7283.0480905787072
 -7209.7088343742098
 -4888.4655417902804
 -4855.662523007014
 -4821.9807628772078
 -4787.4349444191485
 -4752.0398821556601
 -4715.8105425179447
 -4678.7620669959542
 -4640.909796328222
 -4602.2692946677762
 -4562.8563729061061
 -4522.6871096585082
 -4481.7778713416546
 -4440.1453278136851
 -4397.8064859689648
 -4354.7786999493374
 -4311.0797668225759
 -1626.3106608811308
 -1615.4242091142407
 -1604.2446846770561
 -1592.777057886879
 -1581.0263367695932
 -1568.9975766173798
 -1556.6958886063035
 -1544.1264478348019
 -1531.294501331188
 -1518.2053762727528
 -1504.8644891994356
 -1491.2773553886648
 -1477.4496009339662
 -1463.3869643943619
 -1449.095314511148
 -1434.5806126210223
 0
 0
 0
 0
 0
 0
 0
 0
 0
 0
 0
 0
 0
 0
 0
 0
 -60000.000000000007
 -59999.999999999985
 -60000.000000000022
 -59999.999999999985
 -59999.999999999985
 -60000.000000000036
 -59999.999999999956
 -60000.000000000022
 -59999.999999999971
 -60000.000000000036
 -59999.999999999993
 -60000.000000000015
 -60000.000000000029
 -59999.999999999956
 -60000.000000000036
 -59999.999999999978
 -56682.383722353625
 -56419.900694567463
 -56157.163197879752
 -55891.514233874914
 -55621.962501579867
 -55348.981657027754
 -55074.312135534565
 -54800.774547551147
 -54532.050264987898
 -54272.428540544694
 -54026.528498983615
 -53799.014539813674
 -53594.325514433905
 -53416.438467136788
 -53268.675554375499
 -53153.582642188667
 -50706.675785486368
 -50208.727560036845
 -49702.273064160283
 -49189.055563415546
 -48671.783425902664
 -48154.257144169882
 -47641.291942093616
 -47138.487024087306
 -46651.898939809973
 -46187.676381878766
 -45751.708480990594
 -45349.327154785358
 -44985.088144729496
 -44662.640875119891
 -44384.678376755779
 -44152.969559522775
 -45512.781385173512
 -44864.079244207125
 -44207.631913773272
 -43545.574372169765
 -42881.322808042314
 -42219.455253633532
 -41565.472600966539
 -40925.484349204438
 -40305.854228470853
 -39712.855095592153
 -39152.371219564928
 -38629.670612953683
 -38149.252657631165
 -37714.765144139761
 -37328.971738556866
 -36993.771279133718
 -40850.991722828207
 -40110.337425619829
 -39361.694057719389
 -38607.833893797047
 -37852.616751216054
 -37100.910020019903
 -36358.361986339223
 -35631.095036882361
 -34925.370716140271
 -34247.274861275524
 -33602.455629673474
 -32995.931358327158
 -32431.970973381576
 -31914.04151150486
 -31444.808371118808
 -31026.18758379883
 -36594.342506086214
 -35798.412133937891
 -34994.843041403379
 -34186.302412423996
 -33376.571970137047
 -32570.393064223001
 -31773.200933803091
 -30990.809217102789
 -30229.084820588541
 -29493.656411316035
 -28789.6841062969
 -28121.702714468916
 -27493.536481081599
 -26908.27440275632
 -26368.285736538874
 -25875.268749038394
 -32644.915570030586
 -31823.541399799411
 -30994.204131657461
 -30159.501076684963
 -29323.058464900485
 -28489.367848864433
 -27663.514974096157
 -26850.868346397128
 -26056.771588158859
 -25286.280580534967
 -24543.969672851639
 -23833.815520005148
 -23159.153601628463
 -22522.694520403056
 -21926.582648444073
 -21372.485627726222
 -28940.081333869595
 -28117.263432292664
 -27285.815073713053
 -26448.204651662258
 -25607.855228001037
 -24768.956489412321
 -23936.185061918819
 -23114.4007033175
 -22308.358403269747
 -21522.47434637852
 -20760.665739327138
 -20026.268502844145
 -19322.023013082635
 -18650.109956015531
 -18012.211975728827
 -17409.58570452499
 -25433.696929589722
 -24630.035250540288
 -23816.774313485421
 -22996.317682951103
 -22171.908657997948
 -21347.433182253826
 -20527.142338880043
 -19715.360549766512
 -18916.21885720134
 -18133.44787221785
 -17370.246919220081
 -16629.230426199894
 -15912.440899056885
 -15221.41193583852
 -14557.266374878569
 -13920.835757260946
 -22091.188145564418
 -21324.713789587258
 -20547.623082667356
 -19762.301723726094
 -18971.838307301205
 -18179.823747603656
 -17390.08079968765
 -16606.387993298358
 -15832.235076618483
 -15070.641859088868
 -14324.054573489049
 -13594.319465542867
 -12882.722212193108
 -12190.075964923148
 -11516.835179064299
 -10863.215100122634
 -18884.899803605382
 -18171.906656294632
 -17447.459087087838
 -16713.958013352007
 -15974.352210405441
 -15231.941382032774
 -14490.119542613664
 -13752.118230997447
 -13020.785546122946
 -12298.430209926328
 -11586.742757301625
 -10886.791806272404
 -10199.082729690808
 -9523.6595530864124
 -8860.2321330148006
 -8208.3110174027024
 -15791.802053958416
 -15147.443010302335
 -14491.197345715284
 -13825.476644727729
 -13153.078805117695
 -12477.001893668117
 -11800.206820027015
 -11125.383540999714
 -10454.755144601566
 -9789.9463087922504
 -9131.9260578569356
 -8481.0213808200351
 -7836.9884592908193
 -7199.1249458037564
 -6566.4044021991695
 -5937.6220191014818
 -12791.943590124851
 -12230.753341210528
 -11657.846006661677
 -11075.593410371137
 -10486.599536645075
 -9893.5306827492386
 -9298.9030223301033
 -8704.8754729173288
 -8113.0805947357103
 -7524.5167879755536
 -6939.5096252659832
 -6357.7377146952913
 -5778.3104360415391
 -5199.8809166884994
 -4620.7781150937599
 -4039.1410551355953
 -9867.5039266044714
 -9403.8523400216836
 -8929.4139287119178
 -8446.4192687030409
 -7957.1978286660014
 -7464.0304409769033
 -6968.9668969507084
 -6473.6498754380473
 -5979.1750625177101
 -5486.0070781042059
 -4993.9566518665133
 -4502.2136178157334
 -4009.4231923405578
 -3513.7912276386173
 -3013.2027237673128
 -2505.3492876774199
 -7002.1608922908863
 -6650.6590391304862
 -6290.1819424041678
 -5922.6605035905295
 -5550.0270694884111
 -5174.0950918841318
 -4796.4132406630588
 -4418.1259992721716
 -4039.866711467595
 -3661.6978255325389
 -3283.1012941859203
 -2903.0128739876473
 -2519.8895074551565
 -2131.7970049377482
 -1736.5091589835129
 -1331.60659298471
 -4180.6517014594319
 -3956.5290572905983
 -3726.2053754171566
 -3491.0921618005609
 -3252.5520286037054
 -3011.8145126377449
 -2769.8749558193526
 -2527.400270953467
 -2284.6599204451595
 -2041.4913493978183
 -1797.3001096237413
 -1551.0888679774453
 -1301.5069097503058
 -1046.9113067153573
 -785.4347703900969
 -515.04982785881964
 -1388.4600205160891
 -1307.9104804264095
 -1224.948134549893
 -1140.1713125722245
 -1054.1400469152186
 -967.33835799770338
 -880.1329974435962
 -792.73625461255415
 -705.18135082641231
 -617.31263926101019
 -528.7895899037095
 -439.10111476240792
 -347.58664924636219
 -253.46001195817175
 -155.83713064708715
 -53.756408631312532
 0
 0
 0
 0
 0
 0
 0
 0
 0
 0
 0
 0
 0
 0
 0
 0
 -59999.99999999992
 -56246.164691043778
 -50225.350281440711
 -45036.570521929592
 -40400.222260434246
 -36161.671553042695
 -32229.723991812727
 -28543.344279826124
 -25059.220977559973
 -21744.014234625483
 -18570.687468870154
 -15516.15520016259
 -12559.968814738308
 -9683.4643945783173
 -6869.2296338865326
 -4100.7396954760643
 -1362.1112414840059
 0
 -60000.000000000058
 -56046.343245129297
 -49843.758437523771
 -44532.945431785993
 -39820.260359087777
 -35535.464493842926
 -31581.528715930093
 -27892.812867575154
 -24422.929984144241
 -21136.350871080289
 -18004.521290358291
 -15003.427148917885
 -12112.192029801952
 -9312.1889109126896
 -6586.4717022415361
 -3919.3981615999487
 -1296.3650324102987
 0
 -59999.999999999964
 -55850.293131333834
 -49453.755929600964
 -44017.616983699365
 -39224.156431895171
 -34889.641237275704
 -30910.198500935297
 -27215.870606296055
 -23757.348183908754
 -20497.170661778204
 -17405.555533286468
 -14457.842908038701
 -11633.003845457351
 -8912.6980159877148
 -6280.6684127807112
 -3722.3453771840441
 -1224.5654490718298
 0
 -60000.000000000065
 -55654.408750639035
 -49055.54313019594
 -43490.648795992762
 -38612.913037291859
 -34225.534473203857
 -30217.508997588182
 -26514.693532194258
 -23065.058002125268
 -19829.449551852649
 -16777.108945650903
 -13882.969813814901
 -11126.066241427105
 -8488.5275543230637
 -5954.9296041305188
 -3511.8744467666938
 -1147.6885358659395
 0
 -59999.999999999971
 -55456.390308023714
 -48649.55774180482
 -42952.957922091395
 -37988.185461602821
 -33545.22945736054
 -29505.946018693714
 -25792.127644678963
 -22349.242258469923
 -19136.670289221263
 -16122.899930056572
 -13282.658401617633
 -10595.210314989419
 -8043.2804931120872
 -5612.3550910473405
 -3290.2280161737044
 -1066.6716797267718
 0
 -60000.000000000029
 -55254.985692223578
 -48236.701089599352
 -42406.214137487921
 -37352.283442298947
 -32851.478381595261
 -28778.61259564881
 -25051.57447244001
 -21613.554592404656
 -18422.686022820009
 -15446.905566536496
 -12660.903254468205
 -10044.302946234864
 -7580.5052406883979
 -5255.9306317117644
 -3059.5221238648373
 -982.37873617307787
 0
 -60000.000000000015
 -55049.768828511762
 -47818.427447116766
 -41852.718413140523
 -36708.086776699922
 -32147.562205701142
 -28039.079438587942
 -24296.82408445733
 -20861.945258808704
 -17691.542768107378
 -14753.186404689477
 -12021.674648114527
 -9477.0903760879028
 -7103.5563555474318
 -4888.4125174499686
 -2821.6635996336418
 -895.56499802732401
 0
 -60000
 -54840.982085941738
 -47396.719053210152
 -41295.272604231024
 -36058.908499178273
 -31437.132322043792
 -27291.212008831448
 -23531.87511689981
 -20098.478406643128
 -16947.298806139486
 -14045.711747409638
 -11368.753951670282
 -8897.047890486092
 -6615.4632949594134
 -4512.2211816741119
 -2578.2765659810557
 -806.84752217524829
 0
 -59999.999999999978
 -54629.405105452985
 -46973.99925392952
 -40737.028663293881
 -35408.337377023447
 -30724.041291274087
 -26538.993922428552
 -22760.757720869955
 -19327.158777617333
 -16193.857941464983
 -13328.202730385767
 -10705.589791158594
 -8307.2523564823477
 -6118.822880507746
 -4129.3578755756334
 -2330.6482574505721
 -716.68577242775598
 0
 -60000.000000000007
 -54416.241971865013
 -46553.011352732574
 -40181.331809323347
 -34760.081273399723
 -30012.181835429252
 -25786.365088738869
 -21987.378709940687
 -18551.785355307238
 -15434.833178420839
 -12604.008630873099
 -10035.189236266217
 -7710.2902385473681
 -5615.7262985799443
 -3741.3527033683567
 -2079.6995504235915
 -625.37396774429146
 0
 -59999.999999999993
 -54203.018665861309
 -46136.685922098375
 -39631.57053720385
 -34117.827931302978
 -29305.345964645559
 -25037.087185660279
 -21215.400414511798
 -17775.84121224696
 -14673.448875685775
 -11876.023662174901
 -9360.0498808628363
 -7108.2057188392046
 -5107.7238060366626
 -3349.2457599996783
 -1825.9802279379044
 -533.04439249412076
 0
 -59999.999999999985
 -53991.487975760756
 -45728.012050661513
 -39091.044821517426
 -33485.133389899289
 -28607.110452417797
 -24294.644198623158
 -20448.158406142629
 -17002.421793986767
 -13912.483606842496
 -11146.645163147705
 -8682.1324012603218
 -6502.4873221905473
 -4595.8248446305242
 -2953.5979252161619
 -1569.6855283266386
 -439.67921578288468
 0
 -60000.000000000015
 -53783.540789395542
 -45329.922885079905
 -38562.859093402483
 -32865.342266437547
 -27920.748753116459
 -23562.181859441967
 -19688.615685421853
 -16234.198475356108
 -13154.251101375739
 -10417.768811376956
 -8002.867647830828
 -5894.0876739541081
 -4080.5268920565773
 -2554.5253727581517
 -1310.6884448299763
 -345.12844133640186
 0
 -60000
 -53581.124372475992
 -44945.202131153761
 -38049.84285482722
 -32261.539885454611
 -27249.166313307782
 -22842.48777492033
 -18939.345043074711
 -15473.412535894178
 -12400.615629269894
 -9690.8115960868381
 -7323.1926699754513
 -5283.4680980182156
 -3561.8661950919013
 -2151.7497190551876
 -1048.5826670308336
 -249.13052297280046
 0
 -60000.000000000007
 -53386.167515189598
 -44576.412411565187
 -37554.496053386392
 -31676.530879968734
 -26594.851453211795
 -22138.012582443844
 -18202.519741239437
 -14721.900811458625
 -11653.026718587324
 -8966.7544752684917
 -6643.6041292971731
 -4670.6603472403285
 -3039.4785039814137
 -1744.6598337168271
 -782.73047787848054
 -151.33647761937274
 0
 -59999.999999999985
 -53200.516930316771
 -44225.852109168169
 -37078.962287852024
 -31112.843885270759
 -25959.845827441586
 -21450.931133941536
 -17479.905262993689
 -13981.159122713352
 -10912.568443110564
 -8246.1988301035162
 -5964.238855204735
 -4055.3319009498755
 -2512.6781116879911
 -1332.374541171806
 -512.31279797699472
 -51.329828673624419
 0
 -59999.999999999993
 -55534.247548018713
 -45768.400274886706
 -38062.421913100676
 -31629.109411105215
 -26153.159050594179
 -21440.11899839887
 -17350.39848762118
 -13805.960751838053
 -10743.761532659451
 -8120.4086923671002
 -5901.0160608366223
 -4058.5262790656184
 -2571.3378730589839
 -1422.6807033480427
 -600.13893755384879
 -95.434512124262994
 0
 -60000.000000000007
 -56432.871008871953
 -48460.727326084438
 -40981.129388660564
 -34575.409016209778
 -29005.266012106695
 -24155.146788591417
 -19908.054296595346
 -16183.652644754415
 -12923.357266169425
 -10081.391707265357
 -7622.784462320993
 -5519.4634732712084
 -3749.252198682675
 -2294.7373853140448
 -1142.8736684555595
 -284.66975492618252
 0
 -59999.999999999964
 -56876.415411589165
 -50017.28637919209
 -43237.092604106365
 -37021.340837043273
 -31495.299103021462
 -26588.337097897984
 -22237.17093048777
 -18374.90295022646
 -14949.207173102068
 -11917.492450188927
 -9245.2270902180917
 -6904.5010178399789
 -4872.612760795535
 -3131.4360352427288
 -1666.9352189407823
 -468.90344798549825
 0
 -60000.000000000029
 -57126.940979221559
 -51005.283184536034
 -44831.097956744146
 -38965.124065814009
 -33574.482507852517
 -28695.752156653602
 -24298.817866664034
 -20344.561382502539
 -16791.11946562762
 -13601.812482188367
 -10744.8383702635
 -8193.2353353593408
 -5924.3862020196048
 -3919.5515055484893
 -2163.6169390678638
 -644.8645946793132
 0
 -59999.999999999978
 -57297.494105654689
 -51653.123240223271
 -45960.277970584
 -40439.70509635417
 -35250.422709462408
 -30456.817345771025
 -26068.661227078403
 -22066.836407492428
 -18424.174056376352
 -15111.292234380144
 -12100.597722098764
 -9367.1076001259189
 -6888.8272625115915
 -4646.7321404844852
 -2624.703769354885
 -809.42922805256148
 0
 -60000
 -57414.755002471902
 -52099.017929596965
 -46758.139732283933
 -41537.96244922786
 -36555.944171612369
 -31881.732948395773
 -27539.848645558737
 -23528.638659201501
 -19832.105917629815
 -16428.852504327453
 -13295.844132362123
 -10410.675377798838
 -7752.4361238282254
 -5302.1311602231799
 -3042.8400010712598
 -959.73660050693991
 0
 -59999.999999999993
 -57496.026713133579
 -52406.825279987141
 -47322.044691970121
 -42339.566830293239
 -37545.384918177966
 -32997.007130622034
 -28723.079054219485
 -24729.525943105138
 -21008.593607528586
 -17544.855566530714
 -14319.528196362731
 -11312.729247458106
 -8504.8213101243236
 -5877.062546113827
 -3411.9514060088541
 -1093.3517169226975
 0
 -59999.999999999985
 -57549.312726667522
 -52613.78423601453
 -47710.039322454431
 -42908.107283780861
 -38269.321023996781
 -33838.003682707225
 -29638.717221060186
 -25679.43749026132
 -21956.063399006624
 -18457.035644609852
 -15166.544617827587
 -12066.773028615597
 -9139.2109914559351
 -6365.4430955129728
 -3727.570182272932
 -1208.4051540277701
 0
 -60000.000000000007
 -57579.250725518104
 -52739.835955759248
 -47958.059058601561
 -43286.446655419619
 -38769.164433089514
 -34437.896820746384
 -30310.781240722037
 -26393.69563616957
 -22683.115048850021
 -19168.950585472328
 -15837.012097191156
 -12670.746052484978
 -9652.4280818042007
 -6763.8928614005408
 -3986.964580696882
 -1303.6713568990976
 0
 -60000.000000000036
 -57587.771127458836
 -52795.146380472623
 -48085.827626957078
 -43501.536070212082
 -39073.765932156777
 -34823.395213669872
 -30761.121344050738
 -26888.776403581243
 -23201.11504061809
 -19687.744629052198
 -16334.771788197024
 -13126.103111835464
 -10044.355072737049
 -7071.4608102466218
 -4189.0324272027237
 -1378.557348196096
 0
 -60000
 -57574.53967629066
 -52782.236419990812
 -48101.268345832024
 -43566.777734561205
 -39200.170298599369
 -35012.433904952843
 -31006.500615608893
 -27178.936679147242
 -23521.386417212099
 -20021.83125851435
 -16665.671342660851
 -13436.570968412498
 -10317.084727853708
 -7289.0809685088889
 -4334.002008927735
 -1433.009218053365
 0
 -60000.000000000022
 -57537.057196366986
 -52696.156567905113
 -48001.616003771414
 -43483.734337769558
 -39154.278932342611
 -35013.9466057307
 -31057.206510025262
 -27274.464659156958
 -23653.288338007245
 -20179.166813257249
 -16836.08639779664
 -13606.974353019774
 -10474.028049877645
 -7418.9428863620406
 -4423.0463146162019
 -1467.3720399759043
 0
 -59999.999999999993
 -57468.065101030355
 -52522.880252267751
 -47772.307684999076
 -43242.334142007159
 -38931.562901175676
 -34828.302431187643
 -30917.060135170872
 -27181.174164522621
 -23603.444139599851
 -20166.335697443115
 -16852.02060294924
 -13642.418245895196
 -10519.229895358183
 -7463.9634804988427
 -4457.93362539175
 -1482.2519550851957
 0
 -60000.000000000015
 -57356.425830767119
 -52232.025440714286
 -47384.064173478742
 -42819.911114895578
 -38517.844459570922
 -34448.457776263676
 -30584.428581820521
 -26901.047164741231
 -23375.995579048576
 -19988.518197782996
 -16718.883606162359
 -13547.974868182553
 -10457.034331561064
 -7427.4864473882271
 -4440.8059682173753
 -1478.4204574307134
 0
 -60000.000000000029
 -57162.997998590465
 -51768.475437894624
 -46786.233253497092
 -42181.664750832868
 -37890.961593011874
 -33862.4670004031
 -30054.381875986375
 -26433.952288004584
 -22973.799439820614
 -19650.253945966961
 -16441.920170844918
 -13328.87927340563
 -10292.132882906579
 -7313.252011910432
 -4374.1250610216885
 -1456.7826424387008
 0
 -59999.999999999949
 -56822.334844606681
 -51010.803411276829
 -45908.224772709233
 -41281.319594129418
 -37026.048568196609
 -33057.214709531298
 -29322.081206415081
 -25780.088441212218
 -22400.242208673484
 -19156.689467862383
 -16027.042600827588
 -12991.050721262671
 -10029.86953563442
 -7125.5573075184957
 -4260.7436828557338
 -1418.3942811465708
 0
 0
 0
 0
 0
 0
 0
 0
 0
 0
 0
 0
 0
 0
 0
 0
 0
 -1423.04051428959
 -1301.6194354637944
 -1178.2706158471076
 -1056.8767142707873
 -940.92261209062076
 -832.73348747223349
 -733.25738233244181
 -642.29089089987394
 -558.83332165927538
 -481.41375202855835
 -408.3211312180311
 -337.74184074941473
 -267.82388652287108
 -196.69580838081831
 -122.45532280055883
 -43.132804985605169
 -4286.7871313789547
 -3951.132269749211
 -3609.0668811763217
 -3270.0703570707533
 -2943.2896546920078
 -2635.4855474466008
 -2350.17605632094
 -2087.882862608903
 -1846.8735153098739
 -1623.9688286015351
 -1415.1937810388695
 -1216.2211429099198
 -1022.6385808948006
 -830.08224219907606
 -634.30118630040351
 -431.14170752960678
 -7176.0490227588061
 -6653.4759989992981
 -6119.5179306183418
 -5587.7253256527902
 -5071.788921807828
 -4582.5161308217675
 -4126.3159591036238
 -3705.2351488554859
 -3317.8337857977244
 -2960.2983758186069
 -2627.4309232269334
 -2313.3852016484452
 -2012.1568078896182
 -1717.8820571024228
 -1424.9982175049677
 -1128.3383557945162
 -10099.211429823075
 -9416.1796963087872
 -8716.3738662481828
 -8016.3479709976864
 -7333.4393362768296
 -6682.0616727313009
 -6071.6069059849488
 -5506.1697221085224
 -4985.3865040874989
 -4505.7006844335738
 -4061.5907230076227
 -3646.5549961903407
 -3253.8121089283495
 -2876.7648891989193
 -2509.2935076112531
 -2145.8969479168272
 -13065.53802122253
 -12247.988396743052
 -11407.926356161566
 -10564.166738176049
 -9736.9956386598169
 -8944.0054417452502
 -8197.5222415243079
 -7503.9970480540978
 -6864.7077531543355
 -6277.0587594443268
 -5735.9477595599383
 -5234.9357038854432
 -4767.1293560082286
 -4325.7849800207132
 -3904.7087331442513
 -3498.5124565432488
 -16085.593070672297
 -15159.261977821785
 -14204.399150692445
 -13241.556935565843
 -12293.435460627237
 -11380.423106122253
 -10517.655466149728
 -9714.0922125420184
 -8973.0311677205864
 -8293.360844953173
 -7670.9819196343806
 -7100.0858289536236
 -6574.1756411326332
 -6086.7980586014601
 -5632.0111933465578
 -5204.6597814275301
 -19171.816822402863
 -18162.533280768348
 -17118.50592675155
 -16061.637535368642
 -15016.626794498157
 -14006.325681131417
 -13048.51774624121
 -12154.715343789268
 -11330.464068269843
 -10576.492492514042
 -9890.1295880817415
 -9266.6279630995159
 -8700.2480129132127
 -8185.0871298605243
 -7715.6541859773151
 -7287.1548435905979
 -22339.336732569474
 -21273.335643563911
 -20166.299451484545
 -19041.170216300488
 -17924.303237704076
 -16840.721385303041
 -15810.675373928269
 -14848.197636477997
 -13961.19402112687
 -13152.446405818586
 -12420.975324353851
 -11763.38172191563
 -11174.951382991161
 -10650.480334110702
 -10184.891785376245
 -9773.6749783536925
 -25607.18752047596
 -24511.456278516707
 -23368.480752949239
 -22201.943195963362
 -21039.545390134936
 -19908.206517457984
 -18830.446850712935
 -17822.722508676765
 -16895.317876896952
 -16053.177321426498
 -15297.143367197663
 -14625.268443050581
 -14033.973187599533
 -13518.901208716898
 -13075.457986792702
 -12699.118724039454
 -29000.184962741016
 -27902.916116104978
 -26752.477604590164
 -25572.975278433441
 -24393.124935691223
 -23241.458056286538
 -22142.545583034211
 -21115.110679614547
 -20171.729301198746
 -19319.517555290156
 -18561.220225134424
 -17896.371255121219
 -17322.399072079603
 -16835.589213376901
 -16431.795500507385
 -16106.845295472
 -32552.04998786603
 -31483.246809072669
 -30355.935211304619
 -29194.22846449387
 -28027.456137765395
 -26885.417734553175
 -25794.48485608002
 -24775.457905902
 -23843.014548505813
 -23006.258936462666
 -22269.766641938248
 -21634.658103545094
 -21099.50039593644
 -20661.058459474996
 -20314.964728688214
 -20056.298297238282
 -36310.740261841354
 -35303.159951278845
 -34232.746022548141
 -33123.069010730163
 -32003.499005406604
 -30904.611962265571
 -29854.228011631094
 -28875.033005914571
 -27983.670300442816
 -27190.961651883419
 -26502.829504929119
 -25921.489153906808
 -25446.532396250743
 -25075.694738194383
 -24805.308056939481
 -24630.598348206244
 -40348.636557544072
 -39439.524514929843
 -38464.915688700305
 -37447.068663218241
 -36414.585611376177
 -35398.038410805282
 -34426.034804413692
 -33522.727180961258
 -32706.673167633653
 -31990.65014603153
 -31382.061396093526
 -30883.734340661988
 -30494.963612310596
 -30212.614547585341
 -30032.077570459405
 -29947.949457316707
 -44782.121677454983
 -44016.29649628343
 -43185.200895447262
 -42308.572163995254
 -41412.973802570086
 -40527.798401001972
 -39681.295917248055
 -38897.871169465092
 -38196.851194096795
 -37592.363670673032
 -37093.751036376227
 -36706.096343769314
 -36430.700009102591
 -36265.540067413865
 -36205.794213604997
 -36244.483193844862
 -49823.535389162411
 -49261.145348069236
 -48639.590809148285
 -47973.835873643453
 -47286.060586275235
 -46602.653342866965
 -45950.483272254394
 -45353.612510547842
 -44831.108698066346
 -44396.187791891418
 -44056.484064616583
 -43815.017687144289
 -43671.40405065033
 -43622.966403045553
 -43665.568507286269
 -43794.161342871143
 -55883.897953236185
 -55621.847259845032
 -55319.850250156756
 -54983.532825472437
 -54623.732306049518
 -54256.066918039614
 -53899.606860252083
 -53574.939994046879
 -53301.995502976737
 -53098.021179109768
 -52976.028136324669
 -52943.882515485246
 -53004.07702203848
 -53154.097128868983
 -53387.215286475497
 -53693.547051024754
 -60000.000000000022
 -59999.999999999993
 -60000.000000000015
 -60000.000000000007
 -59999.999999999971
 -60000.000000000007
 -59999.999999999964
 -60000.000000000065
 -59999.99999999992
 -60000.00000000008
 -59999.999999999978
 -60000.000000000015
 -59999.999999999993
 -60000.000000000015
 -59999.999999999978
 -60000
 0
 0
 0
 0
 0
 0
 0
 0
 0
 0
 0
 0
 0
 0
 0
 0
 -1777.5935807993476
 -1695.0081895687053
 -1621.5160387672292
 -1557.0754194485082
 -1501.6349432831057
 -1455.1328583614991
 -1417.496320077475
 -1388.6406998288135
 -1368.4688745511282
 -1356.870486236171
 -1353.7212251705421
 -1358.8822138632797
 -1372.199498516932
 -1393.5036855365681
 -1422.6095666742954
 -1459.3164054383994
 -5335.8907870898111
 -5102.018964361032
 -4892.4428204740361
 -4707.4408100914752
 -4547.2124247804859
 -4411.8730017104481
 -4301.450637671298
 -4215.8831195718703
 -4155.0157284927609
 -4118.5999847135636
 -4106.2934327061803
 -4117.6604631881619
 -4152.1742006046779
 -4209.2197505544573
 -4288.0981761276644
 -4388.0335398133548
 -8904.672779577284
 -8533.0654614096384
 -8198.1413746826183
 -7900.8367893737623
 -7641.9080339026768
 -7421.91536379229
 -7241.2134420418979
 -7099.9433119017503
 -6998.0274705939228
 -6935.1676637725059
 -6910.845913077912
 -6924.3292020242989
 -6974.6778298631716
 -7060.7575112886107
 -7181.2537909053426
 -7334.692712683177
 -12492.394367322318
 -11996.253637546257
 -11546.544623679558
 -11145.130861897962
 -10793.57912914786
 -10493.126424428261
 -10244.658069701787
 -10048.688521746588
 -9905.3491738837311
 -9814.3837731375188
 -9775.1518092579772
 -9786.6394355436914
 -9847.4776459810073
 -9955.9680849159413
 -10110.114348574958
 -10307.663380374861
 -16108.752106839982
 -15500.956904533528
 -14946.863510830479
 -14449.469526068297
 -14011.361414086236
 -13634.651356226283
 -13320.933676430168
 -13071.250465275412
 -12886.06960285437
 -12765.274247889389
 -12708.165723831838
 -12713.481421872608
 -12779.427305974168
 -12903.723468500453
 -13083.658432558921
 -13316.157182716664
 -19764.992514785004
 -19058.121465192398
 -18409.913767210746
 -17824.639356653381
 -17306.052495508771
 -16857.299400885131
 -16480.844466909468
 -16178.40549537404
 -15950.90999200312
 -15798.476321145088
 -15720.419348083578
 -15715.277652896481
 -15780.860757899965
 -15914.316481418595
 -16112.214097444716
 -16370.646472378192
 -23474.373370274359
 -22680.789286682153
 -21948.629810580613
 -21283.54124999647
 -20690.575183525281
 -20174.038838856337
 -19737.3843867285
 -19383.122598196169
 -19112.76080569964
 -18926.764767157492
 -18824.552498488851
 -18804.526575379023
 -18864.143293604189
 -19000.011303791813
 -19208.008839617334
 -19483.421628472577
 -27252.586065595249
 -26384.525521072374
 -25578.645182550445
 -24841.941909706849
 -24180.791627497194
 -23600.763237956846
 -23106.441534806003
 -22701.269478990132
 -22387.441548334191
 -22165.856116367053
 -22036.118720976418
 -21996.585228947508
 -22044.441842712291
 -22175.824241227641
 -22385.970521042414
 -22669.40522296069
 -31118.960885214819
 -30188.602324355521
 -29319.167315596907
 -28519.111433962204
 -27796.198324360765
 -27157.255976262335
 -26607.994412588479
 -26152.849759434281
 -25794.84398596812
 -25535.475596374486
 -25374.673980977499
 -25310.837531483619
 -25340.948876946804
 -25460.744034805823
 -25664.909975795057
 -25947.305320172753
 -35095.958935654133
 -34116.440886289747
 -33194.594668196623
 -32340.052452720938
 -31561.97768566063
 -30868.684677525667
 -30267.263493608116
 -29763.280173721465
 -29360.600417142403
 -29061.320655584157
 -28865.767394760405
 -28772.541097338239
 -28778.609458548224
 -28879.466204615244
 -29069.355104372611
 -29341.547474218103
 -39211.096282640952
 -38195.497579890478
 -37232.929371616949
 -36334.224349398028
 -35509.539456612889
 -34768.163892352772
 -34118.302892860811
 -33566.781341618123
 -33118.705850347644
 -32777.183091431136
 -32543.183636107355
 -32415.58063741677
 -32391.329882950788
 -32465.731204148095
 -32632.718830437891
 -32885.164932305757
 -43495.883207114188
 -42463.067266819315
 -41474.269789876489
 -40542.144114980874
 -39679.002435819741
 -38896.096402778487
 -38203.084167962246
 -37607.742765407202
 -37115.857250464353
 -36731.178362251892
 -36455.38086343302
 -36288.028356873743
 -36226.599534145396
 -36266.629594624705
 -36401.977737811394
 -36625.196501508544
 -47952.913843643939
 -46933.166031461878
 -45947.509010523114
 -45007.779910622674
 -44126.23691295756
 -43315.237079654369
 -42586.591735573682
 -41950.716770128158
 -41415.852395486734
 -40987.547178258792
 -40668.484708886783
 -40458.607585686637
 -40355.427768960093
 -40354.411757798749
 -40449.364588614939
 -40632.795601608093
 -52568.445953924762
 -51601.808607629362
 -50652.39365046929
 -49736.652970277537
 -48869.26113926102
 -48063.104305032291
 -47329.49539686623
 -46678.354418537216
 -46118.178831153142
 -45655.776131422266
 -45295.85865773265
 -45040.663715562114
 -44889.744915414994
 -44840.013673813242
 -44886.026679848299
 -45020.465951605191
 -57034.275986068751
 -56295.620730362396
 -55521.423782672413
 -54732.785198511963
 -53952.152802455683
 -53201.568951802859
 -52501.009433951018
 -51867.216848025426
 -51313.0826509041
 -50847.53005120164
 -50475.747847645878
 -50199.613400961636
 -50018.17368040749
 -49928.105290515923
 -49924.112443726888
 -49999.277268915772
 -59991.899751332567
 -59775.09720530171
 -59504.800491940216
 -59184.091644369269
 -58820.180557156345
 -58424.536003623718
 -58012.219024313636
 -57600.563896139931
 -57207.488675067842
 -56849.756544511525
 -56541.477371905756
 -56293.049379923199
 -56110.635179125202
 -55996.169079806023
 -55947.819960415945
 -55960.79443829455
 -59999.999999999993
 -60000.000000000022
 -59999.999999999985
 -59999.999999999993
 -60000.000000000036
 -59999.999999999985
 -60000.000000000007
 -59999.999999999993
 -60000.000000000015
 -60000
 -60000
 -59999.999999999978
 -60000.000000000022
 -59999.999999999978
 -60000.000000000022
 -59999.999999999971
 0
 0
 0
 0
 0
 0
 0
 0
 0
 0
 0
 0
 0
 0
 0
 0
 -1840.6790209198309
 -1839.8193942986497
 -1838.9289295719805
 -1838.0066903999591
 -1837.0518369088081
 -1836.0635567411246
 -1835.0410274405085
 -1833.9834118549154
 -1832.8898585853988
 -1831.7595049860249
 -1830.5914797418054
 -1829.3849050207809
 -1828.1388982526494
 -1826.8525737940165
 -1825.5250445172674
 -1824.1554236116283
 -5521.1371512576534
 -5518.3643763916207
 -5515.4862560257288
 -5512.5001343843905
 -5509.4031203466402
 -5506.1922074792128
 -5502.8643427830975
 -5499.4164396123169
 -5495.8453815357416
 -5492.1480216567461
 -5488.3211826185952
 -5484.3616575243459
 -5480.2662117780137
 -5476.0315856265925
 -5471.654496988358
 -5467.131645810231
 -9206.0416237945628
 -9201.3081145078631
 -9196.3850683319197
 -9191.2662408189371
 -9185.9457027530625
 -9180.4175892412604
 -9174.6759621007441
 -9168.7147881672481
 -9162.5279394845056
 -9156.1092045220739
 -9149.4522992026705
 -9142.5508767473475
 -9135.3985359879243
 -9127.9888286020778
 -9120.3152650956308
 -9112.3713197998804
 -12901.069060756663
 -12894.522727177166
 -12887.691465982705
 -12880.567066124118
 -12873.140193541225
 -12865.400961014124
 -12857.339258022623
 -12848.944826524263
 -12840.207286525336
 -12831.116136488021
 -12821.660754103586
 -12811.830400586137
 -12801.614229722192
 -12791.001301381599
 -12779.980599008337
 -12768.541055215655
 -16612.016300701045
 -16604.051122594374
 -16595.708589539452
 -16586.971047599323
 -16577.822634687338
 -16568.248020768373
 -16558.2316975543
 -16547.757823734672
 -16536.81019445596
 -16525.372274396464
 -16513.427237130109
 -16500.958001592655
 -16487.947261609235
 -16474.377508888767
 -16460.231047579768
 -16445.489999116216
 -20344.566679987183
 -20335.929835760333
 -20326.812131881074
 -20317.198748935501
 -20307.069369968885
 -20296.400998660793
 -20285.169605307612
 -20273.350562383723
 -20260.918795134792
 -20247.848786269136
 -20234.114564183008
 -20219.689699782124
 -20204.547323303534
 -20188.660163442135
 -20172.000610137165
 -20154.540821462455
 -24103.893808908306
 -24095.731018794311
 -24087.045401903804
 -24077.789365266759
 -24067.925063029128
 -24057.418192607522
 -24046.234393880841
 -24034.338257518786
 -24021.693014736342
 -24008.260585144133
 -23994.001696224703
 -23978.876009051892
 -23962.842218552403
 -23945.858121003905
 -23927.880632570406
 -23908.865744732077
 -27893.909599889917
 -27888.075559780991
 -27881.635468146284
 -27874.582353430975
 -27866.882559235306
 -27858.489223093402
 -27849.350290282055
 -27839.410965581901
 -27828.614629139891
 -27816.902939768279
 -27804.215759655362
 -27790.491067538143
 -27775.664944811466
 -27759.671669658208
 -27742.443948308595
 -27723.913396651387
 -31716.20641651297
 -31715.010715544136
 -31713.464076903412
 -31711.421291957751
 -31708.787217366054
 -31705.487569443412
 -31701.451411258666
 -31696.605335270448
 -31690.871176644258
 -31684.165645722223
 -31676.40050884063
 -31667.482909338436
 -31657.315609315316
 -31645.797059644727
 -31632.821153752313
 -31618.276577256511
 -35567.258096952479
 -35574.740379718169
 -35581.7950890867
 -35588.538906170746
 -35594.963005392652
 -35600.994344423096
 -35606.533089752418
 -35611.465837868775
 -35615.67107970261
 -35619.020390864789
 -35621.378302377867
 -35622.601850762032
 -35622.54037947295
 -35621.035917151705
 -35617.92448501593
 -35613.038914810204
 -39436.806472963013
 -39456.062424315322
 -39476.47516332542
 -39497.525162600963
 -39518.93605111511
 -39540.545508405143
 -39562.224672060118
 -39583.84646836108
 -39605.270816039643
 -39626.339329712035
 -39646.873352111252
 -39666.673016251167
 -39685.515937272517
 -39703.154771109272
 -39719.312352905821
 -39733.674279215687
 -43296.225447349243
 -43336.237807276164
 -43376.570616895064
 -43418.116642265617
 -43461.215433568374
 -43505.912427365169
 -43552.123129883366
 -43599.700101727096
 -43648.46387445258
 -43698.212884083594
 -43748.725131431907
 -43799.756870697835
 -43851.041758519081
 -43902.292769780666
 -43953.20984750268
 -44003.495805752238
 -47109.537498487312
 -47166.646035520469
 -47231.038101398655
 -47300.628168130032
 -47374.440544256744
 -47452.093381895174
 -47533.460216531639
 -47618.514941976784
 -47707.248255862622
 -47799.62579543185
 -47895.562866272034
 -47994.904512700225
 -48097.403396146598
 -48202.691026473782
 -48310.234322722077
 -48419.279592596722
 -50779.659191478604
 -50880.093197537848
 -50978.829283846899
 -51080.472008449418
 -51187.464606232919
 -51301.07676409743
 -51422.064547068505
 -51550.98496138597
 -51688.359595409398
 -51834.742379435345
 -51990.738029402492
 -52156.993214157519
 -52334.174618437151
 -52522.943501502661
 -52723.936961750798
 -52937.769065167602
 -54319.509014071067
 -54408.661474859415
 -54521.223811775148
 -54647.604887516507
 -54783.077481141205
 -54925.991896981403
 -55076.514753563715
 -55235.959930723431
 -55406.400214797213
 -55590.467341620839
 -55791.257068619459
 -56012.293135433807
 -56257.514490385256
 -56531.255337037655
 -56838.179260111188
 -57183.127571808858
 -57563.793939242423
 -57804.104237905398
 -57982.626445456277
 -58122.086363518989
 -58237.70352474384
 -58339.800747934467
 -58435.75723311639
 -58531.195755828259
 -58630.806237301236
 -58738.934366052104
 -58860.05836391601
 -58999.233464610013
 -59162.580663477289
 -59357.881151801033
 -59595.421808638508
 -59889.029375852602
 -59999.999999999978
 -60000.000000000029
 -60000.000000000007
 -60000.000000000015
 -59999.999999999993
 -60000.000000000022
 -60000.000000000015
 -60000.000000000007
 -59999.999999999993
 -59999.999999999993
 -59999.999999999993
 -59999.999999999956
 -60000.000000000036
 -60000
 -60000
 -60000.000000000029
 0
 0
 0
 0
 0
 0
 0
 0
 0
 0
 0
 0
 0
 0
 0
 0
 -1850.821564387483
 -1850.3597713552981
 -1849.8779274191656
 -1849.3753936062462
 -1848.8515942810852
 -1848.3059621010689
 -1847.7378993985581
 -1847.1467872013873
 -1846.5319873334822
 -1845.8928452565904
 -1845.2286906205125
 -1844.5388369426569
 -1843.8225824351778
 -1843.0792106150002
 -1842.3080129284301
 -1841.5083213008486
 -5554.0636131328856
 -5552.6072097197684
 -5551.0812160258538
 -5549.4836365909259
 -5547.8122617458503
 -5546.0647663191239
 -5544.2387798036198
 -5542.3318716753001
 -5540.3415486208442
 -5538.2652504630587
 -5536.100350253173
 -5533.844156146889
 -5531.4939112988395
 -5529.0467946751405
 -5526.499881140865
 -5523.8500876754561
 -9262.0861856854044
 -9259.6781292721844
 -9257.1457994838183
 -9254.4845436330743
 -9251.6898803452368
 -9248.7572714744274
 -9245.6819663462229
 -9242.4590336991314
 -9239.0833697218786
 -9235.5497097575735
 -9231.8526315481577
 -9227.9865550199356
 -9223.9457472371505
 -9219.7243259241077
 -9215.316355940211
 -9210.7159794730342
 -12977.712285382535
 -12974.535011003736
 -12971.178006019622
 -12967.634968143479
 -12963.898504899969
 -12959.960669012906
 -12955.813329843175
 -12951.448103893999
 -12946.856339086775
 -12942.029090566422
 -12936.957117005271
 -12931.630886629904
 -12926.04057167206
 -12920.176049740478
 -12914.02667749212
 -12907.581008464713
 -16703.101628255728
 -16699.499611582763
 -16695.674746605924
 -16691.614400964652
 -16687.30735067782
 -16682.742457958695
 -16677.907774792526
 -16672.790682943163
 -16667.377921459931
 -16661.655638987097
 -16655.609402542519
 -16649.224186300809
 -16642.484392670169
 -16635.373859494692
 -16627.876424227685
 -16619.976623002225
 -20439.454791243443
 -20435.946014619014
 -20432.187464990395
 -20428.170000664704
 -20423.878904481069
 -20419.297008095742
 -20414.406807402083
 -20409.190129935567
 -20403.628047236438
 -20397.700725803839
 -20391.387380822209
 -20384.666283186609
 -20377.51468988444
 -20369.908823768095
 -20361.822477670299
 -20353.225415297733
 -24186.536202615396
 -24183.803140321495
 -24180.855375471609
 -24177.662798966052
 -24174.205398799084
 -24170.465544815834
 -24166.422807470477
 -24162.054524927258
 -24157.335872884152
 -24152.240104525259
 -24146.738571855829
 -24140.800632474944
 -24134.393762810396
 -24127.483557607178
 -24120.037106954434
 -24112.026785014263
 -27942.398122239287
 -27941.241751088426
 -27939.926846277365
 -27938.467804664015
 -27936.848896726024
 -27935.04250725641
 -27933.021262740844
 -27930.756660449893
 -27928.218703407885
 -27925.37509363455
 -27922.190912534992
 -27918.628582098321
 -27914.647310963916
 -27910.202877440079
 -27905.239083490575
 -27899.678851599736
 -31702.431288968535
 -31703.590623120959
 -31704.88087766926
 -31706.211724259512
 -31707.558058321156
 -31708.915349406292
 -31710.269990073375
 -31711.601180395879
 -31712.880909156924
 -31714.075111311413
 -31715.143802178525
 -31716.040589032105
 -31716.713528134613
 -31717.10514766417
 -31717.172906732809
 -31716.909690194327
 -35459.851915563981
 -35463.900878247063
 -35468.17671382417
 -35472.889199035402
 -35478.078057694671
 -35483.718662660758
 -35489.7915155874
 -35496.278185835668
 -35503.160598944029
 -35510.417215099362
 -35518.021317931722
 -35525.940706911431
 -35534.133915728926
 -35542.548653726648
 -35551.069908835678
 -35559.471439292167
 -39203.157868188369
 -39209.411619639781
 -39217.049811563884
 -39225.637312144216
 -39235.137782936232
 -39245.658178780672
 -39257.280520152832
 -39270.064319355857
 -39284.043927608465
 -39299.234085019438
 -39315.631348671326
 -39333.212498104112
 -39351.94195559941
 -39371.773581530157
 -39392.775847723125
 -39415.242246070113
 -42921.13205694221
 -42928.711091518242
 -42936.713641527
 -42946.541664593409
 -42958.615317665484
 -42972.975607516324
 -42989.678856598148
 -43008.79705975821
 -43030.423718947772
 -43054.658506444917
 -43081.599786219776
 -43111.343804837321
 -43143.960708971004
 -43179.485134724397
 -43217.603781013844
 -43257.398603292961
 -46593.399446055097
 -46593.74598443805
 -46599.783708654395
 -46608.81762237128
 -46620.505655230714
 -46635.418055851282
 -46654.089033024007
 -46676.975478239488
 -46704.420670421518
 -46736.675704565932
 -46773.910952168422
 -46816.217004488943
 -46863.668608950618
 -46916.354141281037
 -46975.149155438325
 -47042.309612205492
 -50215.380320821328
 -50207.031748410984
 -50193.789456138569
 -50184.258703620755
 -50181.365647762861
 -50185.692078232431
 -50197.660945617987
 -50217.656447344561
 -50246.108013241785
 -50283.43873633584
 -50330.036208343401
 -50386.255081168674
 -50452.269183970995
 -50528.023141619167
 -50611.369752306819
 -50696.770660306996
 -53766.069634617146
 -53692.201938418453
 -53643.683076421308
 -53604.264190519636
 -53571.408652652972
 -53548.039461687513
 -53537.094020941528
 -53540.951972076677
 -53561.098338742166
 -53598.185301283753
 -53652.106330563147
 -53722.036226695163
 -53806.90151917519
 -53905.644125197039
 -54022.089640031496
 -54168.222361350934
 -57340.757574520445
 -57204.049069621738
 -57004.078519472081
 -56810.739231861204
 -56651.215219668848
 -56532.343349341143
 -56456.006816057212
 -56421.999074706742
 -56429.842149786455
 -56479.194994697871
 -56569.835598823403
 -56701.389456044999
 -56871.477367127001
 -57074.199642612301
 -57285.447594359786
 -57453.740146975673
 0
 0
 0
 0
 0
 0
 0
 0
 0
 0
 0
 0
 0
 0
 0
 0
 0
 -1857.4122114595452
 -1857.4122138816169
 -1857.3678707163126
 -1857.2789354955303
 -1857.1449020497278
 -1856.9650137929946
 -1856.738259178723
 -1856.4633710732176
 -1856.1388246881522
 -1855.7628355419704
 -1855.3333569657389
 -1854.8480771362329
 -1854.3044147398771
 -1853.6995143233657
 -1853.0302387067672
 -1852.2931890313148
 -1851.4847538748077
 -5573.1650763177831
 -5573.1650834942129
 -5573.0373663538567
 -5572.7811945468484
 -5572.3950678887095
 -5571.8767433185421
 -5571.2232205978216
 -5570.4307393353929
 -5569.4947715260323
 -5568.4100141290173
 -5567.170381036758
 -5565.7689952464907
 -5564.1981829615415
 -5562.449467378251
 -5560.5135675471256
 -5558.3803430968437
 -5556.0387072319845
 -9291.5912252836315
 -9291.59123689236
 -9291.3958773415561
 -9291.0039649061
 -9290.4130712730857
 -9289.6195631958944
 -9288.6185764718739
 -9287.4040073560354
 -9285.9684957921381
 -9284.3034076163894
 -9282.3988137640354
 -9280.2434669194354
 -9277.8247736664835
 -9275.1287676640404
 -9272.1400821007774
 -9268.8420285264674
 -9265.2168132494298
 -13014.103938456401
 -13014.10395376702
 -13013.866366326878
 -13013.389616848501
 -13012.670498781954
 -13011.704208400752
 -13010.484303183721
 -13009.002680796244
 -13007.249545131965
 -13005.213369443114
 -13002.880856006175
 -13000.236894704152
 -12997.264526146086
 -12993.944896032925
 -12990.257209402425
 -12986.178422956535
 -12981.682711637144
 -16741.581713842574
 -16741.581731403538
 -16741.335357164706
 -16740.840801259346
 -16740.094378394806
 -16739.090556088002
 -16737.82189320078
 -16736.278997617424
 -16734.450464121048
 -16732.322802798386
 -16729.880353343084
 -16727.105184941382
 -16723.976974655889
 -16720.472897125575
 -16716.567534709451
 -16712.233340481718
 -16707.441772205591
 -20474.201358203067
 -20474.201375367753
 -20473.984416145977
 -20473.548728214762
 -20472.890694210091
 -20472.004859842986
 -20470.883845315657
 -20469.518266479248
 -20467.896629295239
 -20466.005211067655
 -20463.827932844117
 -20461.346228586011
 -20458.538926751316
 -20455.382065300782
 -20451.848615623334
 -20447.906900441809
 -20443.517636745666
 -24211.342149551732
 -24211.342161836852
 -24211.191649905093
 -24210.88935417902
 -24210.432656741348
 -24209.817565413861
 -24209.038595938739
 -24208.088641776252
 -24206.958801823661
 -24205.638168843412
 -24204.113565272994
 -24202.369223067351
 -24200.386391208121
 -24198.143061829964
 -24195.613953464166
 -24192.773306310599
 -24189.601028670771
 -27951.618001567978
 -27951.618001983534
 -27951.559851807855
 -27951.443493610677
 -27951.268759580526
 -27951.035272320642
 -27950.74229371878
 -27950.38852804873
 -27949.971885508246
 -27949.489219036659
 -27948.936059634107
 -27948.306353620927
 -27947.592215300512
 -27946.783237498494
 -27945.864972883926
 -27944.811024059229
 -27943.56781811942
 -31693.123051623512
 -31693.123029996132
 -31693.156493245151
 -31693.225622890415
 -31693.334835214744
 -31693.490567129713
 -31693.701113920481
 -31693.976351035551
 -31694.327368113434
 -31694.765973159974
 -31695.304022314347
 -31695.952589185195
 -31696.721017219195
 -31697.616932745412
 -31698.648341306907
 -31699.839485474178
 -31701.263091928202
 -35434.008522230761
 -35434.008466448984
 -35434.084064019538
 -35434.240970922328
 -35434.490735886655
 -35434.850451823448
 -35435.34266274199
 -35435.995130084091
 -35436.840610428386
 -35437.916651409374
 -35439.265473939799
 -35440.933825774606
 -35442.972539543851
 -35445.433257949247
 -35448.359442305293
 -35451.747136715021
 -35455.470122387982
 -39173.52179691616
 -39173.521696112635
 -39173.514744563363
 -39173.511202898022
 -39173.532148367725
 -39173.609079127047
 -39173.784036010111
 -39174.109429293734
 -39174.647679228219
 -39175.470479487369
 -39176.657577691803
 -39178.295400526869
 -39180.476407677095
 -39183.304948870791
 -39186.916725142983
 -39191.562191256817
 -39197.76557034775
 -42913.592661025068
 -42913.592526538698
 -42913.282741462936
 -42912.677088276185
 -42911.804193675925
 -42910.70767101588
 -42909.447383461171
 -42908.100878270496
 -42906.765350113463
 -42905.560048242674
 -42904.628963129369
 -42904.142422723031
 -42904.294632468671
 -42905.283873392582
 -42907.258424554311
 -42910.126596094218
 -42913.207711707779
 -46660.761227725321
 -46660.761130818188
 -46659.863463736649
 -46658.07836628754
 -46655.427564270663
 -46651.945754983237
 -46647.683240079372
 -46642.708842877611
 -46637.113002109654
 -46631.01080712222
 -46624.545352684676
 -46617.894497278125
 -46611.288148609121
 -46605.0643662066
 -46599.801408421481
 -46596.724737104261
 -46598.430564438611
 -50427.316558188802
 -50427.316715991685
 -50425.649931913271
 -50422.300738101607
 -50417.23938876656
 -50410.426862314067
 -50401.821911268555
 -50391.392072876275
 -50379.128990363119
 -50365.067948433847
 -50349.309166074177
 -50332.031204223276
 -50313.475884660547
 -50293.840406890522
 -50272.990822609798
 -50249.611391161088
 -50219.710115307476
 -54228.484274942297
 -54228.484953574531
 -54226.458103816891
 -54222.333753709681
 -54215.965225857391
 -54207.12591048202
 -54195.49994009098
 -54180.67328636226
 -54162.12723540805
 -54139.242316977557
 -54111.327924613608
 -54077.710810681951
 -54037.940847351812
 -53992.256360821615
 -53942.48731174814
 -53894.104691760956
 -53859.472575808613
 -58069.789554746982
 -58069.79009461555
 -58068.786074031785
 -58066.720553033629
 -58063.469652987253
 -58058.829086173195
 -58052.485667806111
 -58043.9714888038
 -58032.588439799547
 -58017.283754038086
 -57996.442647529904
 -57967.534980554337
 -57926.513499687884
 -57866.738332716974
 -57777.161487967503
 -57638.747821685269
 -57419.187699820082
 -60000.000000000029
 -59999.999999999971
 -60000.000000000022
 -59999.999999999993
 -59999.999999999993
 -60000.000000000022
 -59999.999999999956
 -60000.000000000029
 -59999.999999999985
 -60000.000000000015
 -59999.999999999993
 -60000.000000000007
 -60000
 -60000.000000000007
 -60000.000000000022
 -59999.999999999978
 -60000.000000000044
 -60000.000000000029
 -59772.588940345493
 -59193.265862143133
 -58736.591252427577
 -58390.459774171322
 -58136.178169615552
 -57954.172325729043
 -57833.529225529252
 -57767.624866930564
 -57753.302900123708
 -57789.936171541201
 -57879.183919653959
 -58026.15553823518
 -58239.08934902944
 -58539.073135421233
 -58952.373828261574
 -59580.604415447786
 -59999.999999999942
 -59999.999999999978
 -59834.754581678739
 -59543.503260022037
 -59246.639637040207
 -58976.293598376564
 -58745.897804274566
 -58561.737696942619
 -58424.567475955431
 -58334.172879465936
 -58290.527139823607
 -58294.643728043884
 -58349.107936384709
 -58458.616326497962
 -58631.505571509995
 -58880.676655346899
 -59228.619240774016
 -59700.892095828647
 -60000.000000000058
 -60000.000000000007
 -59919.251599231575
 -59721.309577042441
 -59524.500629493203
 -59331.773524767195
 -59152.94269870827
 -58996.011190348116
 -58867.641542792335
 -58772.505796117337
 -58714.282566731184
 -58696.375801051123
 -58722.640873539072
 -58798.10799482021
 -58929.629963191212
 -59127.152435780707
 -59402.978408934418
 -59772.645900568772
 -59999.999999999985
 -60000.000000000015
 -59943.688666407681
 -59825.691993472654
 -59694.070007332622
 -59558.527174835886
 -59425.019587336399
 -59300.317706668407
 -59190.696425800845
 -59102.102781107351
 -59039.885804182144
 -59009.035275798546
 -59014.530131992324
 -59061.810482315392
 -59157.303919135011
 -59308.867943642836
 -59525.851338190027
 -59816.990223678622
 -60000.000000000036
 -59999.999999999949
 -59967.473249521965
 -59887.619335202508
 -59800.137619665904
 -59705.521606156733
 -59607.974241170305
 -59511.965252772046
 -59422.662359803893
 -59345.403791840625
 -59285.642917033052
 -59248.827356149821
 -59240.473166605312
 -59266.3565957311
 -59332.796645123555
 -59446.957840273535
 -59616.73691236032
 -59850.138327890621
 -60000.000000000007
 -60000.000000000036
 -59978.499531303591
 -59927.973987147838
 -59868.349941359069
 -59802.22949650573
 -59731.354255418191
 -59658.679849277491
 -59587.791650064035
 -59522.974592905754
 -59468.990124452313
 -59430.990290677924
 -59414.445929385009
 -59425.177555879898
 -59469.464297924307
 -59554.213461117048
 -59686.929241284117
 -59875.318227982199
 -59999.999999999993
 -60000.000000000007
 -59986.617780871115
 -59952.696478934158
 -59912.575856727992
 -59866.164725657851
 -59814.807470443076
 -59760.175821501776
 -59704.730878988681
 -59651.61635938839
 -59604.686306351345
 -59568.417917577986
 -59547.851222640456
 -59548.547637011448
 -59576.610512644831
 -59638.773487621482
 -59742.419369077375
 -59895.431316221271
 -60000.000000000007
 -59999.999999999985
 -59991.199393998475
 -59968.860657838108
 -59941.20217351336
 -59908.57784977003
 -59871.287183045308
 -59830.342930344632
 -59787.285380755791
 -59744.358431262131
 -59704.523803924923
 -59671.493919839391
 -59649.698232593779
 -59644.238818647013
 -59660.864809594299
 -59706.03115027224
 -59786.97708900267
 -59911.749059759029
 -60000.000000000015
 -60000.000000000036
 -59994.232968571851
 -59979.055432240035
 -59960.011893530529
 -59936.80925175998
 -59909.628804655556
 -59878.886816314443
 -59845.52685102119
 -59811.057886159324
 -59777.692619705565
 -59748.417075979989
 -59727.037345092474
 -59718.142206143159
 -59727.025878733475
 -59759.699098508223
 -59823.070047719804
 -59925.200486020382
 -60000.000000000022
 -59999.999999999993
 -59996.118880920803
 -59985.747572404063
 -59972.370563582212
 -59955.769403759099
 -59935.794303247967
 -59912.613955096305
 -59886.714799827343
 -59859.080027443837
 -59831.287305685917
 -59805.675356779291
 -59785.464197296969
 -59774.802933961459
 -59778.610857303123
 -59802.382511544725
 -59852.389281122982
 -59936.380292633316
 -59999.999999999971
 -60000.000000000029
 -59997.361361976145
 -59990.141477688318
 -59980.662924262717
 -59968.617747800898
 -59953.822535418258
 -59936.220438721735
 -59916.030268601426
 -59893.823374045933
 -59870.704483852016
 -59848.413427593514
 -59829.575686275173
 -59817.924200228088
 -59818.266920085967
 -59835.860762151839
 -59876.084019471396
 -59945.726322101291
 -60000.000000000015
 -59999.999999999985
 -59998.192599555441
 -59993.116687299436
 -59986.300938794404
 -59977.474707593014
 -59966.395260053774
 -59952.926524518072
 -59937.090499556129
 -59919.19062262342
 -59899.911370903799
 -59880.578370050447
 -59863.17633549538
 -59850.81919474373
 -59848.250534024388
 -59861.281813918758
 -59894.798603544674
 -59953.56752114257
 -60000.000000000015
 -60000.000000000029
 -59998.774013256945
 -59995.184665116838
 -59990.236460659813
 -59983.688179282348
 -59975.308898781121
 -59964.908635858665
 -59952.405495516541
 -59937.905244769041
 -59921.828823425138
 -59905.002357223013
 -59889.138971330911
 -59876.483417497569
 -59871.011697630012
 -59879.561289436511
 -59908.549790218021
 -59960.111555379313
 -59999.999999999971
 -60000
 -59999.204435854946
 -59996.682579380788
 -59993.065081754037
 -59988.156755833748
 -59981.747879833347
 -59973.641639107431
 -59963.696638174799
 -59951.891090437071
 -59938.435353971756
 -59923.906568253602
 -59909.299991429718
 -59897.039060878276
 -59889.343862715294
 -59892.287952396728
 -59916.710052382768
 -59965.135574154039
 -60000.000000000007
 -60000.000000000007
 -59999.549485816628
 -59997.830375832964
 -59995.185017390424
 -59991.469251579321
 -59986.511032095303
 -59980.125356320139
 -59972.147037650553
 -59962.485284033311
 -59951.186774999369
 -59938.610351636453
 -59925.5227452775
 -59913.159817124004
 -59905.199670721253
 -59902.759507334995
 -59918.814774296414
 -59967.08233513742
 -59999.999999999993
 -60000.000000000007
 -59999.853962389483
 -59998.779496841024
 -59996.868290310362
 -59994.030780300011
 -59990.142372717528
 -59985.048664687783
 -59978.584473675968
 -59970.616545500357
 -59961.113207531431
 -59950.204285141044
 -59938.475502171466
 -59926.885520900934
 -59917.178492144732
 -59914.789876264666
 -59917.989566975026
 -59960.77348111508
 -59999.999999999993
 -59999.999999999964
 -60000.000000000051
 -59999.999999999993
 -60000
 -60000.000000000007
 -60000.000000000015
 -60000.000000000022
 -59999.999999999993
 -60000
 -59999.999999999985
 -59999.999999999993
 -60000
 -59999.999999999978
 -60000.000000000015
 -59999.999999999978
 -60000.000000000015
 -59967.35124652338
 -59982.579003428393
 -59989.316516210449
 -59992.608383310951
 -59994.483506978082
 -59995.695538955973
 -59996.561343347355
 -59997.221783981193
 -59997.748448959574
 -59998.182316700826
 -59998.54954723829
 -59998.868283836979
 -59999.151939967225
 -59999.411023625398
 -59999.654320810645
 -59999.889811915316
 -59928.723304002357
 -59945.64249703892
 -59959.376687541779
 -59969.461549708663
 -59976.60970400033
 -59981.726427033216
 -59985.47029469168
 -59988.289332225038
 -59990.474300131464
 -59992.215116152256
 -59993.637920319088
 -59994.828888449098
 -59995.848813795048
 -59996.742117580048
 -59997.542495921909
 -59998.276638104275
 -59924.000255437633
 -59932.905666350118
 -59942.580950856223
 -59951.887974536607
 -59960.173112331366
 -59967.15859989349
 -59972.900903207927
 -59977.574559282111
 -59981.381460454635
 -59984.504363454966
 -59987.094428779303
 -59989.271315611841
 -59991.128159556152
 -59992.737282447524
 -59994.155279905201
 -59995.427166630441
 -59925.385630211684
 -59932.108954022049
 -59938.57983469803
 -59945.110348123104
 -59951.545242403306
 -59957.688881706956
 -59963.348349677573
 -59968.424544504742
 -59972.895544568644
 -59976.792951581418
 -59980.175885875346
 -59983.11353864579
 -59985.674728263271
 -59987.922782792964
 -59989.913549301287
 -59991.69537393879
 -59933.935770566473
 -59937.067516861622
 -59941.02036483652
 -59945.297368097628
 -59949.761993361273
 -59954.284312189753
 -59958.761303908759
 -59963.088754813667
 -59967.184325382266
 -59970.99366402733
 -59974.491109175884
 -59977.674195740175
 -59980.556853046226
 -59983.163060342609
 -59985.522009643551
 -59987.664609762338
 -59944.064568224669
 -59945.515009199728
 -59947.357865940277
 -59949.689450287544
 -59952.383271230043
 -59955.339206212862
 -59958.457642217982
 -59961.657708451879
 -59964.867211173419
 -59968.024814280747
 -59971.081314612675
 -59974.001099956011
 -59976.761821630687
 -59979.352879252459
 -59981.773067269911
 -59984.028411938125
 -59954.659727352213
 -59954.731371556547
 -59955.313242888631
 -59956.276781251006
 -59957.602581728366
 -59959.237807568003
 -59961.12847344466
 -59963.214576390885
 -59965.439935082373
 -59967.752807687342
 -59970.10728022852
 -59972.463805294748
 -59974.789867016101
 -59977.060208629809
 -59979.256858264001
 -59981.367949035041
 -59964.492927584215
 -59963.847937479564
 -59963.544365812937
 -59963.601668309799
 -59963.977138113441
 -59964.643941621987
 -59965.569383986978
 -59966.720559572692
 -59968.061653366385
 -59969.556600952972
 -59971.170321044847
 -59972.869993480635
 -59974.625759737602
 -59976.411316044359
 -59978.2040814422
 -59979.986287108281
 -59973.132489418174
 -59972.091321448403
 -59971.329825109911
 -59970.827653971734
 -59970.586551225206
 -59970.592029416657
 -59970.828591567588
 -59971.277045878946
 -59971.917029510449
 -59972.726616474931
 -59973.683061982418
 -59974.763399012831
 -59975.945258535197
 -59977.207377340143
 -59978.530271092706
 -59979.894895213867
 -59980.40479941768
 -59979.232477571953
 -59978.249090700483
 -59977.463794715055
 -59976.871346206412
 -59976.470524371834
 -59976.255739263666
 -59976.219538171412
 -59976.351949101329
 -59976.64144716796
 -59977.075175555387
 -59977.639298786562
 -59978.319177649144
 -59979.099965096044
 -59979.966946164575
 -59980.908319915106
 -59986.336948519354
 -59985.190128269285
 -59984.171317911234
 -59983.283514764691
 -59982.532864457287
 -59981.920334515547
 -59981.446398835084
 -59981.109608805571
 -59980.907175789485
 -59980.834747535191
 -59980.886723550488
 -59981.056505724671
 -59981.336845698963
 -59981.719455861312
 -59982.19494310482
 -59982.750054026001
 -59991.03902060695
 -59990.021191536725
 -59989.080041364112
 -59988.222026561205
 -59987.450620415832
 -59986.770018734562
 -59986.182855942076
 -59985.691170720987
 -59985.296125607056
 -59984.998094278366
 -59984.796392843353
 -59984.689158311725
 -59984.673431169038
 -59984.746448245503
 -59984.906207959437
 -59985.153704432494
 -59994.646466472295
 -59993.819398916443
 -59993.033893216088
 -59992.29358709597
 -59991.60223098204
 -59990.962200219299
 -59990.375801501723
 -59989.845004723771
 -59989.371935870797
 -59988.959113567194
 -59988.60965823516
 -59988.326928516552
 -59988.113440600566
 -59987.968421058205
 -59987.887703542838
 -59987.865577658464
 -59997.278511697186
 -59996.677503206156
 -59996.095398515929
 -59995.534680597295
 -59994.996863470704
 -59994.483050197363
 -59993.993346796604
 -59993.527193203154
 -59993.083493632781
 -59992.661204200216
 -59992.260316968175
 -59991.883502694101
 -59991.538030263211
 -59991.237359684783
 -59990.996440894982
 -59990.818764396012
 -59999.023852517974
 -59998.66353840263
 -59998.309922560591
 -59997.964306751761
 -59997.627703853796
 -59997.300403166868
 -59996.98201286672
 -59996.671009250502
 -59996.364398942154
 -59996.057203619232
 -59995.741996358156
 -59995.40874703943
 -59995.046002080424
 -59994.645124626004
 -59994.21402637985
 -59993.80346018586
 -59999.940896934444
 -59999.822468620514
 -59999.704853658157
 -59999.588623048163
 -59999.474223363803
 -59999.362089269722
 -59999.252442852368
 -59999.145299513839
 -59999.040239832895
 -59998.936044214744
 -59998.829873684947
 -59998.715565458871
 -59998.580033807913
 -59998.395995417442
 -59998.106534929218
 -59997.597934456993
 -59999.999999999964
 -60000.000000000022
 -60000.000000000007
 -59999.999999999993
 -60000
 -59999.999999999985
 -60000.000000000007
 -59999.999999999985
 -60000
 -59999.999999999985
 -60000.000000000022
 -60000
 -60000.000000000015
 -60000.000000000015
 -60000.000000000015
 -59999.999999999949
 -59999.999999999956
 -60000.012278588321
 -59996.73387765167
 -59993.874296252543
 -59991.310257806763
 -59989.004625815709
 -59986.979013329903
 -59985.332130234681
 -59984.218807487785
 -59983.810227400849
 -59984.25834913837
 -59985.644212955653
 -59987.91905716536
 -59990.858180791984
 -59994.067314553395
 -59997.061353306824
 -59999.372700586428
 -59999.999999999985
 -60000.000000000044
 -59999.62492702841
 -59999.170820346502
 -59997.666469971242
 -59995.92496893934
 -59994.187209244104
 -59992.596101740746
 -59991.22938733027
 -59990.160626848199
 -59989.470789043226
 -59989.241589092548
 -59989.543928882653
 -59990.422897199256
 -59991.881095004937
 -59993.859748657902
 -59996.224505460246
 -59998.768143164663
 -60000.000000000029
 -59999.999999999956
 -59999.913375772718
 -59999.404217898715
 -59998.980911204206
 -59998.216888467541
 -59997.256743393737
 -59996.223947268707
 -59995.238315426919
 -59994.387051275189
 -59993.740531421849
 -59993.360158372001
 -59993.300189842725
 -59993.60539852146
 -59994.307345125424
 -59995.422141601237
 -59996.948769791299
 -59998.867227370742
 -59999.999999999978
 -60000.000000000051
 -59999.925146174573
 -59999.763718329501
 -59999.42801052102
 -59999.09695917739
 -59998.668528819202
 -59998.15825720282
 -59997.60490322805
 -59997.068287405607
 -59996.606761887982
 -59996.273389145907
 -59996.115385079545
 -59996.174717258182
 -59996.48788054235
 -59997.084846190708
 -59997.988551443319
 -59999.216481439529
 -60000.000000000007
 -59999.999999999949
 -59999.963988347219
 -59999.849249711348
 -59999.731317672456
 -59999.532639000041
 -59999.314459545516
 -59999.067753951858
 -59998.800098786887
 -59998.525490209999
 -59998.269556014544
 -59998.062903440921
 -59997.937412365733
 -59997.923858963004
 -59998.05106773178
 -59998.345753992246
 -59998.832389777301
 -59999.53291572172
 -59999.999999999985
 -60000.000000000029
 -59999.979294565012
 -59999.924243981055
 -59999.842635970301
 -59999.760839568444
 -59999.649958922069
 -59999.525443979153
 -59999.392311502721
 -59999.258916041785
 -59999.13416831979
 -59999.030435371409
 -59998.962790079269
 -59998.947989099397
 -59999.003233651842
 -59999.145289027423
 -59999.390083282189
 -59999.752678746816
 -60000.000000000022
 -59999.999999999971
 -59999.988113609099
 -59999.956873827723
 -59999.920151577855
 -59999.868929936172
 -59999.816650193323
 -59999.756768914922
 -59999.693035826953
 -59999.628940605617
 -59999.569967527168
 -59999.521987586464
 -59999.491709793561
 -59999.486601567798
 -59999.514730984265
 -59999.584394218567
 -59999.703667869479
 -59999.880005907784
 -59999.999999999978
 -60000.000000000007
 -59999.993462317478
 -59999.976400352796
 -59999.954979539238
 -59999.93222652025
 -59999.903536157399
 -59999.873951395937
 -59999.843497377202
 -59999.813998850521
 -59999.787372493971
 -59999.766395975734
 -59999.754205247285
 -59999.754195458823
 -59999.769860507695
 -59999.804677805565
 -59999.861964276737
 -59999.944707223789
 -60000
 -60000.000000000036
 -59999.996207126191
 -59999.986953414773
 -59999.976042725946
 -59999.962836141305
 -59999.949613699508
 -59999.934934207995
 -59999.920330871639
 -59999.906563424971
 -59999.89479217308
 -59999.886135408138
 -59999.881897564934
 -59999.883478252872
 -59999.892315002682
 -59999.909783594623
 -59999.937098792121
 -59999.975226395771
 -60000.000000000022
 -60000.000000000007
 -59999.997889518723
 -59999.992737114415
 -59999.986805890789
 -59999.98047259295
 -59999.973239545674
 -59999.966244757634
 -59999.959375878665
 -59999.953159369608
 -59999.948037587747
 -59999.944592670625
 -59999.94338955346
 -59999.944992795019
 -59999.949933917786
 -59999.958689023646
 -59999.971641548967
 -59999.989043731621
 -59999.999999999978
 -60000.000000000007
 -59999.998789338766
 -59999.995996274316
 -59999.992855403747
 -59999.989402237596
 -59999.986018937285
 -59999.982503926607
 -59999.979275329431
 -59999.976471287606
 -59999.974335244347
 -59999.973075410162
 -59999.972924203001
 -59999.974099198342
 -59999.976793343347
 -59999.981156224196
 -59999.987279761161
 -59999.995186667446
 -60000.000000000022
 -59999.999999999978
 -59999.999322099422
 -59999.997776880526
 -59999.996106920531
 -59999.994385406259
 -59999.992591101749
 -59999.990951757674
 -59999.989447825326
 -59999.988214434226
 -59999.987338761253
 -59999.986926682133
 -59999.987063711887
 -59999.987825154218
 -59999.989267852055
 -59999.99142690438
 -59999.994309668997
 -59999.997891415864
 -59999.999999999985
 -60000.000000000022
 -59999.999618110553
 -59999.998784439907
 -59999.997900691982
 -59999.996997888768
 -59999.996148180413
 -59999.995334415406
 -59999.994649330125
 -59999.994116146809
 -59999.993782192963
 -59999.993680558495
 -59999.993844496326
 -59999.994297461912
 -59999.995053054983
 -59999.99611244283
 -59999.997463384054
 -59999.999079710855
 -60000.000000000007
 -60000
 -59999.99979306601
 -59999.999348746547
 -59999.998894234886
 -59999.998448720813
 -59999.998019365536
 -59999.997650478443
 -59999.997340563023
 -59999.997118303574
 -59999.996997374772
 -59999.996993360051
 -59999.997115076265
 -59999.997367693184
 -59999.997751068433
 -59999.99825976594
 -59999.99888259713
 -59999.999602677708
 -59999.999999999985
 -60000.000000000007
 -59999.99989770331
 -59999.999684391914
 -59999.999469223883
 -59999.999261162513
 -59999.999074674139
 -59999.998908577727
 -59999.998780966052
 -59999.998694483933
 -59999.998656723881
 -59999.998671131347
 -59999.998740540883
 -59999.998865105481
 -59999.999042767209
 -59999.999269026914
 -59999.999537125579
 -59999.99983824986
 -60000.000000000015
 -60000
 -59999.999969423137
 -59999.99990572191
 -59999.999842916557
 -59999.999783760933
 -59999.999728145114
 -59999.999684122231
 -59999.999648666999
 -59999.999626486519
 -59999.999618124937
 -59999.999625032702
 -59999.999647277058
 -59999.999684593211
 -59999.999736007434
 -59999.999799979429
 -59999.999874379682
 -59999.999956564199
 -59999.999999999978
 -60000
 -60000.000000000007
 -59999.999999999985
 -60000.000000000007
 -59999.999999999985
 -60000.000000000022
 -59999.999999999978
 -60000.000000000044
 -59999.999999999971
 -60000.000000000029
 -60000
 -60000.000000000022
 -59999.999999999978
 -60000
 -59999.999999999985
 -60000.000000000007
 -59999.999999999956
 -59999.999999999985
 -60000.000000000015
 -58738.582494941526
 -54966.72459430289
 -50841.048072648315
 -46496.588189579699
 -42139.928748664388
 -37855.115845911118
 -33697.568409233623
 -29684.036796394335
 -25816.413003398196
 -22085.381593735045
 -18476.664829112888
 -14972.996364129269
 -11555.840036674555
 -8206.0730724813238
 -4904.4203967422809
 -1631.6048775024617
 0
 -59999.999999999993
 -56815.931899194307
 -50950.801223631148
 -45832.904507012441
 -41216.440030903446
 -36987.781388659845
 -33050.874693163067
 -29346.497946092786
 -25830.02041692672
 -22468.360339544673
 -19234.821000171232
 -16107.098323369684
 -13065.670965726091
 -10092.918252228508
 -7172.4924745045646
 -4288.9036039252342
 -1427.2149241486511
 0
 -60000.000000000015
 -53113.195037987796
 -44060.683826662134
 -36851.981686018327
 -30842.790969382237
 -25652.770840028537
 -21117.086634111871
 -17126.341715217153
 -13616.821234774194
 -10546.24241913098
 -7887.8394327786145
 -5624.5651624820548
 -3746.0989375576933
 -2246.5932812859719
 -1123.090306756128
 -374.34691200815837
 0.0019281004262217312
 0
 -60000.000000000029
 -56350.702755304534
 -50411.663654529075
 -45283.089364190673
 -40681.853032270723
 -36464.768204990469
 -32541.731081965245
 -28854.720750629796
 -25361.784347097513
 -22030.920975569217
 -18835.975525318219
 -15754.512474529312
 -12766.462574246327
 -9853.3104987931529
 -6997.5663913515045
 -4182.4124433335728
 -1391.4609946267296
 0
 -60000.000000000015
 -53877.33499239762
 -43898.58652316979
 -36308.806693431179
 -29951.152093684617
 -24588.254424859319
 -19968.15034210496
 -15981.765147648119
 -12542.389279416482
 -9593.4316510352401
 -7091.3691247543229
 -5002.6645033782288
 -3300.6092566499733
 -1963.8627170647853
 -975.74806528429338
 -323.85221874562473
 0.044352762421640518
 0
 0
 -1481.3615602709281
 -4448.1038437598372
 -7427.0724203267755
 -10426.898759356784
 -13456.995955297154
 -16527.981259078355
 -19652.243273248398
 -22844.75646085454
 -26124.234829550598
 -29515.079146105214
 -33050.161512634637
 -36776.554742267239
 -40764.513237160667
 -45127.575282558595
 -50072.283449801151
 -55994.579314077317
 -59999.999999999985
 0
 -1823.4491243911709
 -5464.795681184497
 -9108.2608748651965
 -12762.606318091821
 -16437.813136459288
 -20145.396846134947
 -23898.81701517566
 -27713.9623641252
 -31610.160708369731
 -35609.626654892265
 -39739.772679771559
 -44028.194174250988
 -48474.006610362529
 -53051.4268745644
 -57376.94102085437
 -60073.615043150814
 -60000.000000000007
 0
 -1841.0940909895767
 -5522.471808284753
 -9208.3174281407064
 -12904.202132300232
 -16615.822429625649
 -20348.643947366301
 -24107.753764669502
 -27896.489991344799
 -31716.775193861948
 -35563.083169905804
 -39428.334515420684
 -43275.277326099109
 -47086.933022486832
 -50723.929007314597
 -54296.03360159375
 -57394.685828219146
 -60000.000000000029
 0
 -1851.0431690589182
 -5554.7572335311597
 -9263.2319739322811
 -12979.210203406852
 -16704.806297491821
 -20441.06722664287
 -24187.859326622907
 -27942.773195923124
 -31702.229515634812
 -35457.212122655968
 -39202.373534651233
 -42913.559573825267
 -46604.941694013898
 -50195.708895213662
 -53863.336335204178
 -57239.020421151006
 -59999.999999999971
 -59350.111481966327
 -58672.612772938752
 -58230.732167380069
 -57923.025583161601
 -57702.744173778316
 -57551.040538635702
 -57457.322205334254
 -57416.153511957396
 -57424.908402654073
 -57483.198907762991
 -57592.909657108612
 -57758.401269451417
 -57989.410717432809
 -58301.459547556849
 -58739.483493496533
 -59379.637195568837
 -59999.999999999978
 -60000.000223869618
 -59999.206533218174
 -59997.58703069637
 -59995.078352880839
 -59991.583257924249
 -59986.969924736382
 -59981.084811997032
 -59973.786349042217
 -59965.009920919641
 -59954.84796437755
 -59943.699604861453
 -59932.528122202981
 -59922.810554354583
 -59918.373097670337
 -59923.067095281076
 -59947.887401385698
 -60000.000000000029
 -60000
 -60000.007696601337
 -59998.621641152109
 -59996.008222250995
 -59992.502423227786
 -59988.643020160554
 -59985.079111700761
 -59982.377973647519
 -59980.864781092467
 -59980.591020255437
 -59981.407702008255
 -59983.067152364696
 -59985.308582092031
 -59987.904665731301
 -59990.720712659378
 -59993.698157880448
 -59997.114742776765
 -60000.000000000029


