# Created by Octave 4.4.1, Fri May 17 20:24:51 2019 CEST <peter@peter-ubuntu>
# name: u
# type: matrix
# rows: 1180
# columns: 1
 -60000.000000000029
 -59999.999999999964
 -60000.000000000015
 -59999.999999999978
 -60000.000000000036
 -59999.99999999992
 -60000.000000000065
 -59999.999999999956
 -60000.000000000036
 -56611.581850733877
 -56611.57620643892
 -56626.446992787845
 -56656.777876580105
 -56703.798131449832
 -56769.425806402476
 -56856.37822458442
 -56968.326394730728
 -57110.072797735513
 -48620.046955073667
 -48620.048810303757
 -48623.446643303978
 -48630.045775762221
 -48639.426932080038
 -48650.911935553115
 -48663.495558200964
 -48675.745651608842
 -48685.684189724852
 -40033.86380315711
 -40033.863583589962
 -40031.194707241943
 -40025.882245753906
 -40017.986765343841
 -40007.623021478066
 -39994.991503406563
 -39980.427259079443
 -39964.460406113794
 -31765.039178059393
 -31765.039564635696
 -31760.647555239018
 -31751.822502830066
 -31738.476570130868
 -31720.466725610895
 -31697.578760589629
 -31669.502681179158
 -31635.802111528057
 -24018.946123370755
 -24018.946070181315
 -24014.89299237886
 -24006.792977564288
 -23994.660783369542
 -23978.524553527208
 -23958.433894170743
 -23934.472729441044
 -23906.775616610314
 -16776.882565368662
 -16776.882617760821
 -16773.8590225728
 -16767.80613603954
 -16758.711320655832
 -16746.552834903214
 -16731.295938314943
 -16712.886616904547
 -16691.2435182058
 -9912.4604252625686
 -9912.4604099873486
 -9910.6200826637833
 -9906.9411599680243
 -9901.4277127523419
 -9894.0873185158434
 -9884.9330971297095
 -9873.9870600050417
 -9861.2844773119778
 -3278.5906107301648
 -3278.5906193119263
 -3277.9814040620731
 -3276.7619936716565
 -3274.9300628548249
 -3272.4812241198988
 -3269.4077688026173
 -3265.6965571543378
 -3261.3262282056844
 0
 0
 0
 0
 0
 0
 0
 0
 0
 -59999.999999999978
 -60000.000000000022
 -59999.999999999964
 -60000.000000000015
 -60000.000000000029
 -59999.999999999971
 -60000.000000000029
 -59999.999999999978
 -57004.182782481264
 -56673.70558987456
 -56370.608403763537
 -56067.831440099617
 -55736.90747130724
 -55341.953361976361
 -54830.167872015969
 -54118.793847046021
 -48442.194796475356
 -47922.980586163154
 -47368.598432986932
 -46768.291611217821
 -46110.153915511015
 -45383.405305063614
 -44583.511067890584
 -43720.303358459925
 -39692.693354783703
 -39146.681415454266
 -38577.061929481832
 -37980.696079982401
 -37355.781809103886
 -36701.620960207234
 -36016.976035554675
 -35296.869198089422
 -31402.180545345007
 -30953.80192479628
 -30484.250822454414
 -29993.088162758799
 -29479.629699182828
 -28943.045487491047
 -28383.106075850246
 -27801.569893782304
 -23728.375696151739
 -23387.189993939915
 -23030.312178954824
 -22657.879341712436
 -22270.264663019982
 -21868.115235585155
 -21452.091374555279
 -21022.343969785263
 -16567.918315338582
 -16334.335173697291
 -16089.265740713561
 -15833.081509915679
 -15566.088698258513
 -15288.510235638671
 -15000.595753949025
 -14702.820117871161
 -9789.4808667476518
 -9653.3114374298475
 -9510.3338977648618
 -9360.7503756915612
 -9204.8061260770519
 -9042.8067251385492
 -8875.0784089765766
 -8701.8996369385477
 -3237.7567913117196
 -3193.2448859441283
 -3146.4224286912204
 -3097.3917858779987
 -3046.2365713114705
 -2993.0123481930723
 -2937.7679549445788
 -2880.5761241920618
 0
 0
 0
 0
 0
 0
 0
 0
 -60000.000000000022
 -59999.999999999964
 -60000.000000000015
 -59999.999999999971
 -60000.000000000051
 -59999.999999999942
 -60000.000000000036
 -59999.999999999985
 -53136.681798026322
 -52214.157586492038
 -51265.890660537312
 -50308.742985481877
 -49382.842385635595
 -48542.289376590954
 -47842.18440868942
 -47327.256660482846
 -42585.610163707264
 -41145.193940367011
 -39687.131320136599
 -38256.866064892645
 -36908.994000867366
 -35695.378077282789
 -34655.189518495266
 -33811.447946078501
 -34090.563729298956
 -32428.632223126169
 -30755.626573999507
 -29107.507587062206
 -27527.383952771914
 -26055.902360281794
 -24725.756507542901
 -23560.898115688848
 -26694.886511362132
 -25031.225726266151
 -23346.336149163297
 -21672.482307447492
 -20046.22108484694
 -18500.86437908572
 -17062.260392754939
 -15748.212538010481
 -20062.840417396052
 -18544.252182405009
 -16995.78854474191
 -15445.008833660897
 -13920.066644177601
 -12442.640544671876
 -11024.200122183001
 -9666.3717064573593
 -13954.300312544166
 -12708.931149700595
 -11429.794093422262
 -10139.765509617569
 -8858.257219544199
 -7595.3737345646095
 -6350.2719667745623
 -5114.6295055162136
 -8209.0678789292233
 -7357.3211091612911
 -6477.2186934031924
 -5585.5712774336362
 -4693.4325597704219
 -3802.2677983903232
 -2903.6680641182902
 -1981.7372584568855
 -2696.3945496989109
 -2364.6257378774362
 -2020.5815617287667
 -1671.8325256183934
 -1321.8014101317019
 -968.13183760334164
 -603.05878680895421
 -213.5355020174265
 0
 0
 0
 0
 0
 0
 0
 0
 -59999.999999999993
 -52569.803544493887
 -42232.262013447005
 -33750.695559703323
 -26403.155401250766
 -19815.993166229495
 -13770.321851832252
 -8098.3041971804041
 -2661.8971350869051
 0
 -60000.000000000015
 -51880.938762729667
 -41089.04661405136
 -32411.5040971895
 -25044.251328990104
 -18563.262807421212
 -12730.748317079908
 -7376.9301713221394
 -2374.6947438435163
 0
 -60000.000000000007
 -51170.536404448525
 -39890.955409087488
 -30997.767690618664
 -23587.844356535832
 -17199.097081385047
 -11581.801651838827
 -6569.8105450537214
 -2050.6340495845243
 0
 -59999.999999999993
 -50432.970642220622
 -38658.391133589874
 -29532.965229617595
 -22062.056888256142
 -15755.16505624954
 -10355.624920147993
 -5704.2020178419107
 -1703.3244340322458
 0
 -60000.000000000015
 -49676.134926514358
 -37419.74130779336
 -28046.823437114348
 -20498.791474267633
 -14264.040766226823
 -9081.8458005783632
 -4802.583433800216
 -1342.6102090647969
 0
 -60000.000000000015
 -48917.600362580721
 -36207.125906084017
 -26569.120080302029
 -18929.009756672272
 -12754.511279710707
 -7783.0797707091433
 -3879.6065321530837
 -973.28146104850907
 0
 -59999.999999999993
 -48180.157149952793
 -35051.329562667997
 -25124.930179737348
 -17380.288270166988
 -11247.949190626323
 -6472.5752475768686
 -2941.4873323699408
 -595.59514393883342
 0
 -60000.000000000029
 -47487.876928645172
 -33978.124765133027
 -23732.762286754536
 -15877.050149668841
 -9755.4932874294827
 -5155.802785592452
 -1987.7885394670113
 -204.35657366258349
 0
 -59999.999999999993
 -52067.396989209614
 -35903.461846752405
 -25055.697830764584
 -16652.625860373719
 -10329.074129020368
 -5638.7328070488666
 -2368.5581457923545
 -383.14871155301643
 0
 -60000.000000000029
 -53943.891010869178
 -41110.671346694828
 -29960.284109888995
 -21244.378584593189
 -14223.942522963558
 -8682.551591245865
 -4362.136408825103
 -1122.6399274610028
 0
 -59999.999999999978
 -54726.859222488667
 -43713.861449276585
 -33544.347085242385
 -24761.97808601959
 -17414.731573964531
 -11245.481742036802
 -6089.0589225109925
 -1782.4721696126171
 0
 -60000.000000000036
 -55050.720824462624
 -45097.873205786964
 -35668.602931775553
 -27197.177987289891
 -19734.802079128418
 -13204.7138637442
 -7446.8082352837318
 -2317.9484903137054
 0
 -60000.000000000015
 -55174.694972650985
 -45706.95644183016
 -36783.686002423288
 -28598.554529706962
 -21198.657169813374
 -14500.992024329662
 -8383.2608826899668
 -2698.5990375099782
 0
 -60000.000000000007
 -55126.808570659821
 -45771.032517208369
 -37096.018145687107
 -29143.196048501955
 -21863.993994104789
 -15157.199235130458
 -8889.2397354998957
 -2915.877701247181
 0
 -60000.000000000015
 -54838.387060057423
 -45279.971968920334
 -36680.462351382434
 -28911.281856497331
 -21806.710945088191
 -15215.288936177441
 -8987.5448385584641
 -2974.6297963686538
 0
 -59999.999999999978
 -54160.986328623178
 -43979.228325550619
 -35464.05875224356
 -27908.186343889422
 -21066.608785195927
 -14719.477518177797
 -8709.2329790833519
 -2887.356779216736
 0
 0
 0
 0
 0
 0
 0
 0
 0
 -2728.1530797066839
 -2231.62635679395
 -1764.5042845514249
 -1365.7263483486147
 -1032.1902892778992
 -741.37056561979261
 -462.63491704788731
 -169.44849160726585
 -8325.8256106279459
 -7058.3988951699212
 -5829.0538354642758
 -4742.995535324003
 -3821.9210554214465
 -3034.5407322775304
 -2328.3724725198772
 -1646.4531361585709
 -14129.134455186162
 -12298.311217945466
 -10487.400402250472
 -8852.8267699971093
 -7455.2769882512421
 -6275.9509902218488
 -5268.8149572441762
 -4379.7468219405182
 -20221.46692891133
 -18032.425535330382
 -15829.976017505782
 -13809.362494808254
 -12076.593523501118
 -10640.956666131642
 -9462.9803425123428
 -8509.0475209449432
 -26726.095743374626
 -24391.928560258599
 -22005.078667314909
 -19786.546617791751
 -17883.055544483552
 -16352.905189451039
 -15178.988893866956
 -14307.054672104037
 -33840.541661471667
 -31596.025866065163
 -29260.954003512645
 -27073.469245166976
 -25196.691757772634
 -23719.426583297012
 -22683.074277341435
 -22085.374257134335
 -41979.198629812978
 -40106.285240450219
 -38111.19724190086
 -36254.446940007954
 -34726.615313618
 -33600.349178325276
 -32871.887020733186
 -32516.48915469342
 -52023.308768609772
 -50940.830832581101
 -49678.959919300411
 -48439.134736409476
 -47461.273697493743
 -46930.700565054212
 -46924.036269225362
 -47410.609265501203
 -60000.000000000007
 -59999.999999999993
 -60000.000000000015
 -59999.999999999993
 -60000.000000000036
 -60000.000000000015
 -59999.999999999971
 -60000.000000000007
 0
 0
 0
 0
 0
 0
 0
 0
 -3463.9832362575144
 -3170.4743376408287
 -2948.380980323167
 -2797.2928704807728
 -2716.6235942544586
 -2704.4785874822223
 -2758.0380878808164
 -2874.4503319666596
 -10451.558953167567
 -9654.3746583782795
 -9037.6597915046987
 -8606.7256141232665
 -8362.076175752396
 -8301.2713192434785
 -8418.3129446368021
 -8702.2700324728994
 -17566.757235451478
 -16353.583245762908
 -15387.264466133956
 -14690.795546880896
 -14277.965212335917
 -14148.011283887166
 -14287.303642515217
 -14674.448098607771
 -24884.191297725411
 -23329.74619187729
 -22072.159339590973
 -21143.312586769247
 -20560.117109470171
 -20328.922324856223
 -20441.841895347548
 -20871.868366785537
 -32585.150586410935
 -30772.083860053128
 -29240.873691845922
 -28069.113714170609
 -27306.990795778071
 -26963.807145125713
 -27015.517396794425
 -27420.901869768026
 -40672.36460781948
 -38737.514823537764
 -37081.908983706679
 -35755.202202303757
 -34806.058804143417
 -34276.122059749941
 -34180.316150771192
 -34492.678377841905
 -49822.773089246417
 -47692.432986407395
 -45792.53919194093
 -44264.383459657853
 -43184.365675631627
 -42561.834065920062
 -42361.522293752787
 -42529.31973167324
 -59199.233209481114
 -58011.731937775716
 -56633.510863423937
 -55210.993907267381
 -53930.331889135399
 -52963.179104460338
 -52414.297920209596
 -52300.943025939523
 -60000.000000000051
 -59999.999999999942
 -60000.000000000065
 -59999.999999999949
 -60000.000000000051
 -59999.999999999978
 -60000
 -60000
 0
 0
 0
 0
 0
 0
 0
 0
 -3681.4299447524854
 -3677.5429735311068
 -3673.6267707862135
 -3669.5103398438036
 -3665.1130955023459
 -3660.3979887273554
 -3655.3393182296277
 -3649.905439362798
 -11050.407104827162
 -11038.936003717627
 -11026.080498078109
 -11012.052630589609
 -10996.911677846287
 -10980.640715113237
 -10963.200289229309
 -10944.558924370234
 -18473.269084323689
 -18453.764931073321
 -18433.349891762486
 -18411.311170388082
 -18387.241318907705
 -18360.886333383776
 -18332.037514270782
 -18300.467300051139
 -25991.783714584162
 -25977.365020654921
 -25958.195685296392
 -25935.198358888232
 -25908.606274080455
 -25878.277693530701
 -25843.926871099819
 -25805.271591287205
 -33655.978337870198
 -33650.930611365104
 -33648.94269804567
 -33646.754145480947
 -33642.439055019116
 -33634.76889570128
 -33622.732738377003
 -33605.212793029612
 -41392.421300029528
 -41460.906335261643
 -41519.430314095989
 -41572.538222696821
 -41621.629146993189
 -41666.192383428403
 -41704.799693262859
 -41735.869664031619
 -49170.527544187127
 -49294.088831630368
 -49466.17508237165
 -49674.91500501136
 -49913.793136156062
 -50178.805373272218
 -50465.681400299305
 -50767.251497426776
 -55946.93731357147
 -56328.416880484561
 -56668.957762904749
 -57008.65110398527
 -57383.800163925604
 -57832.522521643681
 -58400.982462827822
 -59149.824310544434
 -60000.000000000022
 -60000
 -60000.000000000007
 -60000.000000000015
 -60000.000000000015
 -59999.999999999993
 -60000.000000000044
 -59999.999999999956
 0
 0
 0
 0
 0
 0
 0
 0
 -3702.2835929582297
 -3700.2480780411115
 -3698.2015821142618
 -3695.9456565540318
 -3693.4338925684328
 -3690.6770354777327
 -3687.7257822043384
 -3684.710530653314
 -11120.478911711481
 -11114.478185135496
 -11107.530197234973
 -11099.938788523043
 -11091.726498780055
 -11082.805641207799
 -11073.007358935745
 -11062.012120576886
 -18573.59844476997
 -18565.071372683971
 -18556.19484170519
 -18546.040835682514
 -18534.310967440317
 -18520.948322456879
 -18506.07733770405
 -18490.156266661354
 -26075.241425190878
 -26071.156597615332
 -26064.219525847879
 -26056.259400938645
 -26047.529355331233
 -26037.625979609129
 -26025.613272121729
 -26009.673308282261
 -33601.596335162525
 -33604.091321401174
 -33611.907852185985
 -33619.917728571578
 -33626.688352247504
 -33632.269978455966
 -33637.928741362542
 -33646.92911018664
 -41110.961870130799
 -41138.447962337035
 -41158.631904485999
 -41184.435574657939
 -41219.476517422649
 -41263.255733821527
 -41311.590438172774
 -41354.797936704163
 -48450.80336370039
 -48437.08714351969
 -48470.637859451504
 -48523.8525044302
 -48591.330392600918
 -48677.034425516998
 -48793.412687890581
 -48965.490880562698
 -55571.215529927336
 -55513.865380355659
 -55395.540299389409
 -55328.507335208626
 -55353.311246904595
 -55473.240475100945
 -55655.868813951223
 -55823.769403030434
 0
 0
 0
 0
 0
 0
 0
 0
 0
 -3716.3929823449575
 -3716.3930786155383
 -3716.0272332973068
 -3715.2856475272256
 -3714.1478964001731
 -3712.5848277962168
 -3710.5640154259017
 -3708.0832006532373
 -3705.2366591083182
 -11156.559381408399
 -11156.559573199553
 -11155.638993312985
 -11153.777923034761
 -11150.935544812144
 -11147.04637250745
 -11142.007325098864
 -11135.619548187176
 -11127.477043377949
 -18615.397549103131
 -18615.397922703913
 -18614.387492762391
 -18612.328553641899
 -18609.144381384885
 -18604.729794541254
 -18598.978255414324
 -18591.898626590628
 -18583.838175273937
 -26094.104467690537
 -26094.104503039591
 -26093.703569333349
 -26092.895270069785
 -26091.657413218822
 -26089.917314506183
 -26087.468287294159
 -26083.698334148656
 -26077.102012793846
 -33581.309637697181
 -33581.309402372928
 -33581.643218609686
 -33582.339910893417
 -33583.475465600939
 -33585.240660275871
 -33588.112301159643
 -33593.395038308568
 -33604.192976726466
 -41061.834878880029
 -41061.83258653144
 -41062.174518298867
 -41063.077104842407
 -41064.925268086539
 -41068.068684122904
 -41072.383500053998
 -41076.065506308456
 -41073.560519671133
 -48546.049884031389
 -48546.048397964296
 -48540.986187967355
 -48531.084616903398
 -48517.0396476198
 -48500.64773593955
 -48486.039810183422
 -48482.426465045297
 -48508.411317833976
 -56139.64896558554
 -56139.663779592178
 -56131.094714576902
 -56112.294745218285
 -56079.406053247272
 -56025.248986228864
 -55937.143474983379
 -55792.503043625882
 -55552.237140844802
 -60000.000000000036
 -59999.999999999978
 -60000.000000000015
 -59999.999999999993
 -60000.000000000007
 -60000.000000000015
 -59999.999999999993
 -59999.999999999971
 -60000.000000000058
 -60000.000000000022
 -59749.142950427864
 -58993.116124987362
 -58467.084986899084
 -58174.355816479278
 -58100.100588461144
 -58244.067554224457
 -58632.097749091394
 -59408.356027261769
 -60000.000000000022
 -59999.999999999964
 -59848.064283241059
 -59584.023799734568
 -59285.603902168499
 -59044.504022248082
 -58914.971578673278
 -58938.046190236717
 -59154.579339862699
 -59617.435425446878
 -60000.000000000022
 -60000.000000000022
 -59963.317096027582
 -59815.38374635145
 -59660.234817599907
 -59505.272350675827
 -59389.854409367821
 -59358.166795756624
 -59457.407823197136
 -59743.150644117588
 -60000.000000000029
 -60000.000000000007
 -59976.458333105555
 -59921.673124272929
 -59836.572714764639
 -59742.374829431828
 -59656.389976392325
 -59610.5735993095
 -59646.867476538813
 -59817.825029088541
 -60000.000000000022
 -59999.999999999964
 -59992.840182058637
 -59960.902964921494
 -59919.020001848861
 -59862.122826917315
 -59802.435906612169
 -59759.782613533644
 -59766.916960297451
 -59870.064186590433
 -60000
 -60000.000000000036
 -59995.670517117971
 -59981.8253419744
 -59956.954763050664
 -59923.585142985372
 -59881.761483829323
 -59845.496149963437
 -59841.176568751565
 -59905.983933112431
 -59999.999999999971
 -59999.999999999985
 -59998.283799244171
 -59990.228053436171
 -59976.927237354437
 -59955.301918099118
 -59927.718310536504
 -59895.177952157217
 -59882.579297343756
 -59929.261288349968
 -60000.000000000044
 -60000
 -59999.450708437093
 -59995.33552125797
 -59987.060815241392
 -59973.628921675379
 -59953.206321675083
 -59930.700504963293
 -59904.61904053513
 -59935.230486562155
 -59999.999999999956
 -60000.000000000029
 -59999.999999999985
 -60000.000000000029
 -60000.000000000007
 -60000
 -60000
 -60000.000000000036
 -59999.999999999942
 -59954.67847188111
 -59978.783469682938
 -59988.978764381682
 -59993.616524862839
 -59996.060514542303
 -59997.561388721151
 -59998.644241706927
 -59999.548085020433
 -59922.586883057731
 -59941.606240422028
 -59958.261073110705
 -59970.691306664281
 -59979.422455517153
 -59985.572071204959
 -59990.012286704863
 -59993.363131172475
 -59942.871166999357
 -59945.913073762153
 -59952.176008510585
 -59959.807852105747
 -59967.451614138794
 -59974.305046808091
 -59980.153847437963
 -59985.042117334946
 -59960.23033062755
 -59961.046807808802
 -59962.303108238681
 -59964.6089527566
 -59967.829853432711
 -59971.668600998084
 -59975.748235606421
 -59979.802116427316
 -59977.69635838049
 -59975.401761293149
 -59974.509892180809
 -59974.413745396654
 -59975.015560209955
 -59976.211965998227
 -59977.910440533182
 -59979.974393312965
 -59988.96294189529
 -59987.140258002983
 -59985.471859303871
 -59984.298587698511
 -59983.595781433964
 -59983.350647165527
 -59983.529378806837
 -59984.092105404838
 -59996.208909442808
 -59994.7960137954
 -59993.61340194381
 -59992.513848011396
 -59991.544130350405
 -59990.711304333054
 -59990.039716488354
 -59989.596938715447
 -59999.764998435596
 -59999.339168141218
 -59998.86119383356
 -59998.431084478398
 -59998.003717659405
 -59997.550560900461
 -59996.997861186232
 -59996.198260277437
 -59999.999999999993
 -59999.999999999985
 -60000.000000000015
 -60000.000000000007
 -60000.000000000007
 -59999.999999999985
 -60000.000000000022
 -59999.999999999964
 -59999.999999999964
 -60000.446453968128
 -59995.988952090607
 -59991.996000416701
 -59988.731421190576
 -59986.951835598338
 -59987.717261993901
 -59991.607542661186
 -59997.411421670156
 -59999.999999999978
 -60000.000000000036
 -59999.575290289496
 -59999.587508508645
 -59998.322231815073
 -59996.933228230955
 -59995.845182814526
 -59995.398121614126
 -59995.95128589317
 -59998.035786503126
 -60000.000000000029
 -59999.999999999978
 -60000.037983950773
 -59999.62719743434
 -59999.54819672658
 -59999.255162243957
 -59998.936795746937
 -59998.773430563808
 -59998.922589126858
 -59999.460884503205
 -59999.999999999978
 -60000.000000000029
 -59999.960245192211
 -59999.999589688996
 -59999.848078713199
 -59999.791577810152
 -59999.740043654245
 -59999.706351296896
 -59999.727630022644
 -59999.866033324055
 -59999.999999999971
 -59999.999999999964
 -60000.002385493521
 -59999.958426330231
 -59999.981512364284
 -59999.951226739642
 -59999.935762975503
 -59999.935526100904
 -59999.951203533863
 -59999.976787888001
 -60000.000000000058
 -60000.000000000022
 -59999.996119664655
 -60000.003042046155
 -59999.982460145424
 -59999.987323499961
 -59999.985654519376
 -59999.984426386247
 -59999.986126748576
 -59999.994684529542
 -59999.999999999956
 -60000
 -60000.000372505827
 -59999.995047296616
 -60000.001105244257
 -59999.996047557193
 -59999.996027676658
 -59999.997009890227
 -59999.998527048614
 -59999.999153693672
 -60000.000000000015
 -60000.000000000007
 -59999.999423832101
 -60000.001419876484
 -59999.997462607018
 -59999.999867359911
 -59999.999545763123
 -59999.999266849809
 -59999.999142491222
 -59999.999848202242
 -60000.000000000015
 -59999.999999999993
 -60000
 -59999.999999999993
 -59999.999999999978
 -60000.000000000051
 -59999.999999999956
 -60000.000000000015
 -59999.999999999978
 -60000
 -59999.999999999971
 -59999.999999999985
 -57198.996718181159
 -48688.117405586898
 -39956.197517697903
 -31615.826601995479
 -23891.168141815084
 -16678.742321037316
 -9854.0837492424798
 -3258.7937472349217
 0
 -60000.000000000015
 -53590.986665881428
 -43281.621258044412
 -34907.794950183023
 -27505.620152406256
 -20798.54856600365
 -14550.271251766482
 -8612.2491747139975
 -2851.3236524047898
 0
 -59999.999999999956
 -47175.288605273461
 -33492.129332038625
 -23068.933309121101
 -15159.092367706586
 -9015.3434716105548
 -4497.0518302604542
 -1497.4273779965395
 -0.077090598512933081
 0
 -60000.000000000022
 -52915.270857152689
 -42769.905029521178
 -34378.491423092593
 -27023.934154339891
 -20374.393155708502
 -14220.669187246955
 -8402.2387871059364
 -2779.3699436226539
 0
 -59999.999999999993
 -47849.314003641797
 -32513.569896074427
 -21983.847801935426
 -13999.98193168029
 -8134.5463835369346
 -3965.3440724753236
 -1299.6642001474161
 0.68062225580275293
 0
 0
 -2962.5579249309494
 -8920.0206064905979
 -14978.416231510459
 -21223.826296273539
 -27775.693498132794
 -34822.060759586209
 -42767.235859144253
 -52434.518327326768
 -60000
 0
 -3646.9737141247788
 -10934.64144126632
 -18283.164237320532
 -25783.734453768808
 -33592.901217932085
 -41747.289114635103
 -50918.189129098988
 -59657.86378607533
 -59999.999999999993
 0
 -3683.5566431400639
 -11055.161602777838
 -18483.279641922261
 -25995.402205178503
 -33663.124088747951
 -41347.871060731224
 -49144.378633270229
 -55709.488771380245
 -59999.999999999985
 0
 -3703.8848364193141
 -11121.974624901573
 -18580.118077843035
 -26070.28195941354
 -33616.5240504147
 -41061.238272873081
 -48556.348225083675
 -55347.649857643468
 -60000
 -59010.407051555456
 -58108.662077258472
 -57642.158138220577
 -57448.432140593723
 -57466.913568571887
 -57692.592516028759
 -58181.672681560107
 -59049.868566054043
 -60000.000000000015
 -60000.000777249537
 -59996.912696719206
 -59990.181736199476
 -59978.91484743639
 -59961.602856205755
 -59940.085705436941
 -59919.971426920914
 -59923.130940556111
 -60000.000000000007
 -60000.000000000022
 -59999.986642916963
 -59994.693997030314
 -59987.092233878786
 -59981.722492742039
 -59981.156433953496
 -59984.478461460509
 -59989.61452300712
 -59995.513585184417
 -60000


