# nurbs mesh v.2.1
#
# 17-Feb-2020
#
2 2 6 4 0 
PATCH 1 
1 1 
2 2 
0.000000000000000   0.000000000000000   1.000000000000000   1.000000000000000   
0.000000000000000   0.000000000000000   1.000000000000000   1.000000000000000   
0.302000000000000   0.302000000000000   0.311500000000000   0.318800000000000   
0.020400000000000   0.037800000000000   0.020000000000000   0.037800000000000   
1.000000000000000   1.000000000000000   1.000000000000000   1.000000000000000   
PATCH 2 
2 1 
3 2 
0.000000000000000   0.000000000000000   0.000000000000000   1.000000000000000   1.000000000000000   1.000000000000000   
0.000000000000000   0.000000000000000   1.000000000000000   1.000000000000000   
0.302000000000000   0.302000000000000   0.302000000000000   0.318800000000000   0.286485550673818   0.317606798015338   
0.037800000000000   0.041400000000000   0.045000000000000   0.037800000000000   0.040431950402958   0.052466230707512   
1.000000000000000   1.000000000000000   1.000000000000000   1.000000000000000   0.889805573858082   1.000000000000000   
PATCH 3 
2 1 
3 2 
0.000000000000000   0.000000000000000   0.000000000000000   1.000000000000000   1.000000000000000   1.000000000000000   
0.000000000000000   0.000000000000000   1.000000000000000   1.000000000000000   
0.252500000000000   0.277250000000000   0.302000000000000   0.305000000000000   0.278731047664714   0.317606798015338   
0.045000000000000   0.045000000000000   0.045000000000000   0.060055084240336   0.052937538642780   0.052466230707512   
1.000000000000000   1.000000000000000   1.000000000000000   1.000000000000000   0.889805573858082   1.000000000000000   
PATCH 4 
1 1 
2 2 
0.000000000000000   0.000000000000000   1.000000000000000   1.000000000000000   
0.000000000000000   0.000000000000000   1.000000000000000   1.000000000000000   
0.252500000000000   0.235000000000000   0.305000000000000   0.267500000000000   
0.045000000000000   0.055000000000000   0.060055084240336   0.062527542120168   
1.000000000000000   1.000000000000000   1.000000000000000   1.000000000000000   
PATCH 5 
2 1 
3 2 
0.000000000000000   0.000000000000000   0.000000000000000   1.000000000000000   1.000000000000000   1.000000000000000   
0.000000000000000   0.000000000000000   1.000000000000000   1.000000000000000   
0.220000000000000   0.155563491861040   0.230000000000000   0.235000000000000   0.251250000000000   0.267500000000000   
0.055000000000000   0.045961940777126   0.065000000000000   0.055000000000000   0.058763771060084   0.062527542120168   
1.000000000000000   0.707106781186547   1.000000000000000   1.000000000000000   1.000000000000000   1.000000000000000   
PATCH 6 
2 1 
3 2 
0.000000000000000   0.000000000000000   0.000000000000000   1.000000000000000   1.000000000000000   1.000000000000000   
0.000000000000000   0.000000000000000   1.000000000000000   1.000000000000000   
0.230000000000000   0.155563491861040   0.220000000000000   0.252500000000000   0.243750000000000   0.235000000000000   
0.045000000000000   0.031819805153395   0.055000000000000   0.045000000000000   0.050000000000000   0.055000000000000   
1.000000000000000   0.707106781186547   1.000000000000000   1.000000000000000   1.000000000000000   1.000000000000000   
INTERFACE 1 
1 2 
2 1 
1 
INTERFACE 2 
2 2 
3 2 
1 
INTERFACE 3 
3 1 
4 1 
1 
INTERFACE 4 
5 1 
6 2 
1 
