# nurbs mesh v.2.1
#
# 17-Feb-2020
#
2 2 34 37 0 
PATCH 1 
1 1 
2 2 
0.000000000000000   0.000000000000000   1.000000000000000   1.000000000000000   
0.000000000000000   0.000000000000000   1.000000000000000   1.000000000000000   
0.416000000000000   0.416000000000000   0.447000000000000   0.447000000000000   
0.000000000000000   0.020000000000000   0.000000000000000   0.020000000000000   
1.000000000000000   1.000000000000000   1.000000000000000   1.000000000000000   
PATCH 2 
1 1 
2 2 
0.000000000000000   0.000000000000000   1.000000000000000   1.000000000000000   
0.000000000000000   0.000000000000000   1.000000000000000   1.000000000000000   
0.406000000000000   0.406000000000000   0.416000000000000   0.416000000000000   
0.000000000000000   0.020000000000000   0.000000000000000   0.020000000000000   
1.000000000000000   1.000000000000000   1.000000000000000   1.000000000000000   
PATCH 3 
1 1 
2 2 
0.000000000000000   0.000000000000000   1.000000000000000   1.000000000000000   
0.000000000000000   0.000000000000000   1.000000000000000   1.000000000000000   
0.397000000000000   0.397000000000000   0.406000000000000   0.406000000000000   
0.000000000000000   0.011000000000000   0.000000000000000   0.020000000000000   
1.000000000000000   1.000000000000000   1.000000000000000   1.000000000000000   
PATCH 4 
1 2 
2 3 
0.000000000000000   0.000000000000000   1.000000000000000   1.000000000000000   
0.000000000000000   0.000000000000000   0.000000000000000   1.000000000000000   1.000000000000000   1.000000000000000   
0.391000000000000   0.392737932446640   0.394000000000000   0.315285930171627   0.397000000000000   0.397000000000000   
0.000000000000000   0.010405566040374   0.000000000000000   0.007256584617217   0.000000000000000   0.011000000000000   
1.000000000000000   1.000000000000000   1.000000000000000   0.798003485892253   1.000000000000000   1.000000000000000   
PATCH 5 
1 1 
2 2 
0.000000000000000   0.000000000000000   1.000000000000000   1.000000000000000   
0.000000000000000   0.000000000000000   1.000000000000000   1.000000000000000   
0.307000000000000   0.307000000000000   0.391000000000000   0.392737932446640   
0.000000000000000   0.005000000000000   0.000000000000000   0.010405566040374   
1.000000000000000   1.000000000000000   1.000000000000000   1.000000000000000   
PATCH 6 
2 1 
3 2 
0.000000000000000   0.000000000000000   0.000000000000000   1.000000000000000   1.000000000000000   1.000000000000000   
0.000000000000000   0.000000000000000   1.000000000000000   1.000000000000000   
0.307000000000000   0.307250000000000   0.307500000000000   0.392737932446640   0.311526548097443   0.391000000000000   
0.005000000000000   0.007450000000000   0.009900000000000   0.010405566040374   0.009350771328584   0.014342336591559   
1.000000000000000   1.000000000000000   1.000000000000000   1.000000000000000   0.798003485892253   1.000000000000000   
PATCH 7 
1 1 
2 2 
0.000000000000000   0.000000000000000   1.000000000000000   1.000000000000000   
0.000000000000000   0.000000000000000   1.000000000000000   1.000000000000000   
0.307500000000000   0.310509900990099   0.391000000000000   0.393000000000000   
0.009900000000000   0.017500000000000   0.014342336591559   0.022000000000000   
1.000000000000000   1.000000000000000   1.000000000000000   1.000000000000000   
PATCH 8 
1 1 
2 2 
0.000000000000000   0.000000000000000   1.000000000000000   1.000000000000000   
0.000000000000000   0.000000000000000   1.000000000000000   1.000000000000000   
0.310509900990099   0.311500000000000   0.393000000000000   0.393000000000000   
0.017500000000000   0.020000000000000   0.022000000000000   0.025000000000000   
1.000000000000000   1.000000000000000   1.000000000000000   1.000000000000000   
PATCH 9 
2 1 
3 2 
0.000000000000000   0.000000000000000   0.000000000000000   1.000000000000000   1.000000000000000   1.000000000000000   
0.000000000000000   0.000000000000000   1.000000000000000   1.000000000000000   
0.311500000000000   0.315150000000000   0.318800000000000   0.393000000000000   0.277892965006313   0.398000000000000   
0.020000000000000   0.028900000000000   0.037800000000000   0.025000000000000   0.021213203435596   0.030000000000000   
1.000000000000000   1.000000000000000   1.000000000000000   1.000000000000000   0.707106781186547   1.000000000000000   
PATCH 10 
1 1 
2 2 
0.000000000000000   0.000000000000000   1.000000000000000   1.000000000000000   
0.000000000000000   0.000000000000000   1.000000000000000   1.000000000000000   
0.416000000000000   0.416000000000000   0.447000000000000   0.447000000000000   
0.030000000000000   0.128000000000000   0.030000000000000   0.128000000000000   
1.000000000000000   1.000000000000000   1.000000000000000   1.000000000000000   
PATCH 11 
1 1 
2 2 
0.000000000000000   0.000000000000000   1.000000000000000   1.000000000000000   
0.000000000000000   0.000000000000000   1.000000000000000   1.000000000000000   
0.406000000000000   0.406000000000000   0.416000000000000   0.416000000000000   
0.030000000000000   0.128000000000000   0.030000000000000   0.128000000000000   
1.000000000000000   1.000000000000000   1.000000000000000   1.000000000000000   
PATCH 12 
1 1 
2 2 
0.000000000000000   0.000000000000000   1.000000000000000   1.000000000000000   
0.000000000000000   0.000000000000000   1.000000000000000   1.000000000000000   
0.398000000000000   0.398000000000000   0.406000000000000   0.406000000000000   
0.030000000000000   0.128000000000000   0.030000000000000   0.128000000000000   
1.000000000000000   1.000000000000000   1.000000000000000   1.000000000000000   
PATCH 13 
2 1 
3 2 
0.000000000000000   0.000000000000000   0.000000000000000   1.000000000000000   1.000000000000000   1.000000000000000   
0.000000000000000   0.000000000000000   1.000000000000000   1.000000000000000   
0.318800000000000   0.286485550673818   0.317606798015338   0.398000000000000   0.398000000000000   0.398000000000000   
0.037800000000000   0.040431950402958   0.052466230707512   0.030000000000000   0.079000000000000   0.128000000000000   
1.000000000000000   0.889805573858082   1.000000000000000   1.000000000000000   1.000000000000000   1.000000000000000   
PATCH 14 
1 2 
2 3 
0.000000000000000   0.000000000000000   1.000000000000000   1.000000000000000   
0.000000000000000   0.000000000000000   0.000000000000000   1.000000000000000   1.000000000000000   1.000000000000000   
0.305000000000000   0.305000000000000   0.278731047664714   0.351500000000000   0.317606798015338   0.398000000000000   
0.060055084240336   0.128000000000000   0.052937538642780   0.128000000000000   0.052466230707512   0.128000000000000   
1.000000000000000   1.000000000000000   0.889805573858082   1.000000000000000   1.000000000000000   1.000000000000000   
PATCH 15 
1 1 
2 2 
0.000000000000000   0.000000000000000   1.000000000000000   1.000000000000000   
0.000000000000000   0.000000000000000   1.000000000000000   1.000000000000000   
0.267500000000000   0.267500000000000   0.305000000000000   0.305000000000000   
0.062527542120168   0.128000000000000   0.060055084240336   0.128000000000000   
1.000000000000000   1.000000000000000   1.000000000000000   1.000000000000000   
PATCH 16 
1 1 
2 2 
0.000000000000000   0.000000000000000   1.000000000000000   1.000000000000000   
0.000000000000000   0.000000000000000   1.000000000000000   1.000000000000000   
0.230000000000000   0.230000000000000   0.267500000000000   0.267500000000000   
0.065000000000000   0.128000000000000   0.062527542120168   0.128000000000000   
1.000000000000000   1.000000000000000   1.000000000000000   1.000000000000000   
PATCH 17 
2 1 
3 2 
0.000000000000000   0.000000000000000   0.000000000000000   1.000000000000000   1.000000000000000   1.000000000000000   
0.000000000000000   0.000000000000000   1.000000000000000   1.000000000000000   
0.190000000000000   0.210000000000000   0.230000000000000   0.220000000000000   0.155563491861040   0.230000000000000   
0.055000000000000   0.091500000000000   0.128000000000000   0.055000000000000   0.045961940777126   0.065000000000000   
1.000000000000000   1.000000000000000   1.000000000000000   1.000000000000000   0.707106781186547   1.000000000000000   
PATCH 18 
2 1 
3 2 
0.000000000000000   0.000000000000000   0.000000000000000   1.000000000000000   1.000000000000000   1.000000000000000   
0.000000000000000   0.000000000000000   1.000000000000000   1.000000000000000   
0.222500000000000   0.206250000000000   0.190000000000000   0.230000000000000   0.155563491861040   0.220000000000000   
0.045000000000000   0.050000000000000   0.055000000000000   0.045000000000000   0.031819805153395   0.055000000000000   
1.000000000000000   1.000000000000000   1.000000000000000   1.000000000000000   0.707106781186547   1.000000000000000   
PATCH 19 
1 1 
2 2 
0.000000000000000   0.000000000000000   1.000000000000000   1.000000000000000   
0.000000000000000   0.000000000000000   1.000000000000000   1.000000000000000   
0.012500000000000   0.012500000000000   0.190000000000000   0.230000000000000   
0.080000000000000   0.128000000000000   0.055000000000000   0.128000000000000   
1.000000000000000   1.000000000000000   1.000000000000000   1.000000000000000   
PATCH 20 
1 1 
2 2 
0.000000000000000   0.000000000000000   1.000000000000000   1.000000000000000   
0.000000000000000   0.000000000000000   1.000000000000000   1.000000000000000   
0.000000000000000   0.000000000000000   0.012500000000000   0.012500000000000   
0.065000000000000   0.128000000000000   0.080000000000000   0.128000000000000   
1.000000000000000   1.000000000000000   1.000000000000000   1.000000000000000   
PATCH 21 
1 1 
2 2 
0.000000000000000   0.000000000000000   1.000000000000000   1.000000000000000   
0.000000000000000   0.000000000000000   1.000000000000000   1.000000000000000   
0.012500000000000   0.012500000000000   0.222500000000000   0.190000000000000   
0.062000000000000   0.080000000000000   0.045000000000000   0.055000000000000   
1.000000000000000   1.000000000000000   1.000000000000000   1.000000000000000   
PATCH 22 
1 1 
2 2 
0.000000000000000   0.000000000000000   1.000000000000000   1.000000000000000   
0.000000000000000   0.000000000000000   1.000000000000000   1.000000000000000   
0.000000000000000   0.000000000000000   0.012500000000000   0.012500000000000   
0.062000000000000   0.065000000000000   0.062000000000000   0.080000000000000   
1.000000000000000   1.000000000000000   1.000000000000000   1.000000000000000   
PATCH 23 
1 1 
2 2 
0.000000000000000   0.000000000000000   1.000000000000000   1.000000000000000   
0.000000000000000   0.000000000000000   1.000000000000000   1.000000000000000   
0.012500000000000   0.012500000000000   0.222500000000000   0.222500000000000   
0.052000000000000   0.062000000000000   0.035000000000000   0.045000000000000   
1.000000000000000   1.000000000000000   1.000000000000000   1.000000000000000   
PATCH 24 
1 1 
2 2 
0.000000000000000   0.000000000000000   1.000000000000000   1.000000000000000   
0.000000000000000   0.000000000000000   1.000000000000000   1.000000000000000   
0.000000000000000   0.000000000000000   0.012500000000000   0.012500000000000   
0.052000000000000   0.062000000000000   0.052000000000000   0.062000000000000   
1.000000000000000   1.000000000000000   1.000000000000000   1.000000000000000   
PATCH 25 
1 1 
2 2 
0.000000000000000   0.000000000000000   1.000000000000000   1.000000000000000   
0.000000000000000   0.000000000000000   1.000000000000000   1.000000000000000   
0.000000000000000   0.000000000000000   0.046000000000000   0.012500000000000   
0.027000000000000   0.052000000000000   0.027000000000000   0.052000000000000   
1.000000000000000   1.000000000000000   1.000000000000000   1.000000000000000   
PATCH 26 
1 1 
2 2 
0.000000000000000   0.000000000000000   1.000000000000000   1.000000000000000   
0.000000000000000   0.000000000000000   1.000000000000000   1.000000000000000   
0.046000000000000   0.012500000000000   0.236000000000000   0.222500000000000   
0.027000000000000   0.052000000000000   0.027000000000000   0.035000000000000   
1.000000000000000   1.000000000000000   1.000000000000000   1.000000000000000   
PATCH 27 
1 1 
2 2 
0.000000000000000   0.000000000000000   1.000000000000000   1.000000000000000   
0.000000000000000   0.000000000000000   1.000000000000000   1.000000000000000   
0.236000000000000   0.222500000000000   0.253000000000000   0.252500000000000   
0.027000000000000   0.035000000000000   0.027000000000000   0.035000000000000   
1.000000000000000   1.000000000000000   1.000000000000000   1.000000000000000   
PATCH 28 
1 1 
2 2 
0.000000000000000   0.000000000000000   1.000000000000000   1.000000000000000   
0.000000000000000   0.000000000000000   1.000000000000000   1.000000000000000   
0.252500000000000   0.252500000000000   0.302000000000000   0.302000000000000   
0.035000000000000   0.045000000000000   0.037800000000000   0.045000000000000   
1.000000000000000   1.000000000000000   1.000000000000000   1.000000000000000   
PATCH 29 
1 1 
2 2 
0.000000000000000   0.000000000000000   1.000000000000000   1.000000000000000   
0.000000000000000   0.000000000000000   1.000000000000000   1.000000000000000   
0.253000000000000   0.252500000000000   0.302000000000000   0.302000000000000   
0.027000000000000   0.035000000000000   0.020400000000000   0.037800000000000   
1.000000000000000   1.000000000000000   1.000000000000000   1.000000000000000   
PATCH 30 
1 1 
2 2 
0.000000000000000   0.000000000000000   1.000000000000000   1.000000000000000   
0.000000000000000   0.000000000000000   1.000000000000000   1.000000000000000   
0.264000000000000   0.253000000000000   0.302000000000000   0.302000000000000   
0.021000000000000   0.027000000000000   0.017500000000000   0.020400000000000   
1.000000000000000   1.000000000000000   1.000000000000000   1.000000000000000   
PATCH 31 
1 1 
2 2 
0.000000000000000   0.000000000000000   1.000000000000000   1.000000000000000   
0.000000000000000   0.000000000000000   1.000000000000000   1.000000000000000   
0.253000000000000   0.253000000000000   0.264000000000000   0.264000000000000   
0.000000000000000   0.027000000000000   0.000000000000000   0.021000000000000   
1.000000000000000   1.000000000000000   1.000000000000000   1.000000000000000   
PATCH 32 
1 1 
2 2 
0.000000000000000   0.000000000000000   1.000000000000000   1.000000000000000   
0.000000000000000   0.000000000000000   1.000000000000000   1.000000000000000   
0.236000000000000   0.236000000000000   0.253000000000000   0.253000000000000   
0.000000000000000   0.027000000000000   0.000000000000000   0.027000000000000   
1.000000000000000   1.000000000000000   1.000000000000000   1.000000000000000   
PATCH 33 
1 1 
2 2 
0.000000000000000   0.000000000000000   1.000000000000000   1.000000000000000   
0.000000000000000   0.000000000000000   1.000000000000000   1.000000000000000   
0.046000000000000   0.046000000000000   0.236000000000000   0.236000000000000   
0.000000000000000   0.027000000000000   0.000000000000000   0.027000000000000   
1.000000000000000   1.000000000000000   1.000000000000000   1.000000000000000   
PATCH 34 
1 1 
2 2 
0.000000000000000   0.000000000000000   1.000000000000000   1.000000000000000   
0.000000000000000   0.000000000000000   1.000000000000000   1.000000000000000   
0.000000000000000   0.000000000000000   0.046000000000000   0.046000000000000   
0.000000000000000   0.027000000000000   0.000000000000000   0.027000000000000   
1.000000000000000   1.000000000000000   1.000000000000000   1.000000000000000   
INTERFACE 1 
1 3 
2 4 
1 
INTERFACE 2 
2 3 
3 4 
1 
INTERFACE 3 
3 3 
4 4 
1 
INTERFACE 4 
4 3 
5 4 
1 
INTERFACE 5 
5 2 
6 1 
1 
INTERFACE 6 
6 2 
7 1 
1 
INTERFACE 7 
7 2 
8 1 
1 
INTERFACE 8 
8 2 
9 1 
1 
INTERFACE 9 
9 2 
13 1 
1 
INTERFACE 10 
10 3 
11 4 
1 
INTERFACE 11 
11 3 
12 4 
1 
INTERFACE 12 
13 2 
14 4 
1 
INTERFACE 13 
14 3 
15 4 
1 
INTERFACE 14 
15 3 
16 4 
1 
INTERFACE 15 
16 3 
17 2 
-1 
INTERFACE 16 
17 1 
18 2 
1 
INTERFACE 17 
19 1 
21 2 
1 
INTERFACE 18 
19 3 
20 4 
1 
INTERFACE 19 
20 1 
22 2 
1 
INTERFACE 20 
21 1 
23 2 
1 
INTERFACE 21 
21 3 
22 4 
1 
INTERFACE 22 
22 1 
24 2 
1 
INTERFACE 23 
23 1 
26 2 
1 
INTERFACE 24 
23 3 
24 4 
1 
INTERFACE 25 
24 1 
25 2 
1 
INTERFACE 26 
25 1 
34 2 
1 
INTERFACE 27 
25 4 
26 3 
1 
INTERFACE 28 
26 1 
33 2 
1 
INTERFACE 29 
26 4 
27 3 
1 
INTERFACE 30 
27 1 
32 2 
1 
INTERFACE 31 
27 4 
29 3 
1 
INTERFACE 32 
28 1 
29 2 
1 
INTERFACE 33 
29 1 
30 2 
1 
INTERFACE 34 
30 3 
31 2 
-1 
INTERFACE 35 
31 3 
32 4 
1 
INTERFACE 36 
32 3 
33 4 
1 
INTERFACE 37 
33 3 
34 4 
1 
BOUNDARY 1 
21 
5 1 
6 1 
7 1 
8 1 
9 1 
13 1 
14 3 
15 3 
16 3 
17 2 
18 2 
18 3 
23 2 
27 4 
28 1 
28 4 
28 2 
29 2 
30 2 
30 3 
31 2 
BOUNDARY 2 
14 
1 2 
10 2 
10 4 
11 4 
12 4 
14 4 
15 4 
16 4 
19 14 
20 4 
20 1 
24 1 
25 1 
34 1 
BOUNDARY 3 
9 
1 3 
2 3 
3 3 
4 3 
5 3 
31 3 
32 3 
33 3 
34 3 
