# nurbs mesh v.2.1
#
# 17-Nov-2019
#
2 2 27 31 0 
PATCH 1 
1 1 
2 2 
0.000000000000000   0.000000000000000   1.000000000000000   1.000000000000000   
0.000000000000000   0.000000000000000   1.000000000000000   1.000000000000000   
0.190000000000000   0.373000000000000   0.190000000000000   0.373000000000000   
0.000000000000000   0.000000000000000   0.005000000000000   0.005000000000000   
1.000000000000000   1.000000000000000   1.000000000000000   1.000000000000000   
PATCH 2 
1 1 
2 2 
0.000000000000000   0.000000000000000   1.000000000000000   1.000000000000000   
0.000000000000000   0.000000000000000   1.000000000000000   1.000000000000000   
0.190000000000000   0.373000000000000   0.190500000000000   0.373000000000000   
0.005000000000000   0.005000000000000   0.009900000000000   0.009900000000000   
1.000000000000000   1.000000000000000   1.000000000000000   1.000000000000000   
PATCH 3 
1 1 
2 2 
0.000000000000000   0.000000000000000   1.000000000000000   1.000000000000000   
0.000000000000000   0.000000000000000   1.000000000000000   1.000000000000000   
0.190500000000000   0.373000000000000   0.194700000000000   0.373000000000000   
0.009900000000000   0.009900000000000   0.020000000000000   0.020000000000000   
1.000000000000000   1.000000000000000   1.000000000000000   1.000000000000000   
PATCH 4 
1 1 
2 2 
0.000000000000000   0.000000000000000   1.000000000000000   1.000000000000000   
0.000000000000000   0.000000000000000   1.000000000000000   1.000000000000000   
0.194700000000000   0.373000000000000   0.201800000000000   0.373000000000000   
0.020000000000000   0.020000000000000   0.037800000000000   0.037800000000000   
1.000000000000000   1.000000000000000   1.000000000000000   1.000000000000000   
PATCH 5 
1 2 
2 3 
0.000000000000000   0.000000000000000   1.000000000000000   1.000000000000000   
0.000000000000000   0.000000000000000   0.000000000000000   1.000000000000000   1.000000000000000   1.000000000000000   
0.201800000000000   0.373000000000000   0.182378298532422   0.373000000000000   0.200607843119771   0.373000000000000   
0.037800000000000   0.037800000000000   0.040431950402958   0.074900000000000   0.052464545280904   0.112000000000000   
1.000000000000000   1.000000000000000   0.889805573858082   1.000000000000000   1.000000000000000   1.000000000000000   
PATCH 6 
2 1 
3 2 
0.000000000000000   0.000000000000000   0.000000000000000   1.000000000000000   1.000000000000000   1.000000000000000   
0.000000000000000   0.000000000000000   1.000000000000000   1.000000000000000   
0.188003031606009   0.174623795523318   0.200607843119771   0.188000000000000   0.280500000000000   0.373000000000000   
0.060049847001049   0.052937538642780   0.052464545280904   0.112000000000000   0.112000000000000   0.112000000000000   
1.000000000000000   0.889805573858082   1.000000000000000   1.000000000000000   1.000000000000000   1.000000000000000   
PATCH 7 
2 1 
3 2 
0.000000000000000   0.000000000000000   0.000000000000000   1.000000000000000   1.000000000000000   1.000000000000000   
0.000000000000000   0.000000000000000   1.000000000000000   1.000000000000000   
0.181503542667724   0.184750000000000   0.188003031606009   0.181500000000000   0.184750000000000   0.188000000000000   
0.060483410030260   0.060269363923254   0.060049847001049   0.112000000000000   0.112000000000000   0.112000000000000   
1.000000000000000   1.000000000000000   1.000000000000000   1.000000000000000   1.000000000000000   1.000000000000000   
PATCH 8 
2 1 
3 2 
0.000000000000000   0.000000000000000   0.000000000000000   1.000000000000000   1.000000000000000   1.000000000000000   
0.000000000000000   0.000000000000000   1.000000000000000   1.000000000000000   
0.146503257333182   0.164000000000000   0.181503542667724   0.146500000000000   0.164000000000000   0.181500000000000   
0.062791056197507   0.061637457283428   0.060483410030260   0.112000000000000   0.112000000000000   0.112000000000000   
1.000000000000000   1.000000000000000   1.000000000000000   1.000000000000000   1.000000000000000   1.000000000000000   
PATCH 9 
2 1 
3 2 
0.000000000000000   0.000000000000000   0.000000000000000   1.000000000000000   1.000000000000000   1.000000000000000   
0.000000000000000   0.000000000000000   1.000000000000000   1.000000000000000   
0.112985893425148   0.129750000000000   0.146503257333182   0.113000000000000   0.129750000000000   0.146500000000000   
0.064587735835670   0.063895635480342   0.062791056197507   0.112000000000000   0.112000000000000   0.112000000000000   
1.000000000000000   1.000000000000000   1.000000000000000   1.000000000000000   1.000000000000000   1.000000000000000   
PATCH 10 
1 2 
2 3 
0.000000000000000   0.000000000000000   1.000000000000000   1.000000000000000   
0.000000000000000   0.000000000000000   0.000000000000000   1.000000000000000   1.000000000000000   1.000000000000000   
0.067800000000000   0.103000000000000   0.090400000000000   0.072831998462214   0.113000000000000   0.112985893425148   
0.067333333333333   0.055001905605862   0.089666666666667   0.045961940777126   0.112000000000000   0.064587735835670   
1.000000000000000   1.000000000000000   1.000000000000000   0.707106781186547   1.000000000000000   1.000000000000000   
PATCH 11 
1 2 
2 3 
0.000000000000000   0.000000000000000   1.000000000000000   1.000000000000000   
0.000000000000000   0.000000000000000   0.000000000000000   1.000000000000000   1.000000000000000   1.000000000000000   
0.100000000000000   0.113000000000000   0.083900000000000   0.072831998462214   0.067800000000000   0.103000000000000   
0.045000000000000   0.045000000000000   0.056166666666667   0.031819805153395   0.067333333333333   0.055001905605862   
1.000000000000000   1.000000000000000   1.000000000000000   0.707106781186547   1.000000000000000   1.000000000000000   
PATCH 12 
1 2 
2 3 
0.000000000000000   0.000000000000000   1.000000000000000   1.000000000000000   
0.000000000000000   0.000000000000000   0.000000000000000   1.000000000000000   1.000000000000000   1.000000000000000   
0.000000000000000   0.067800000000000   0.000000000000000   0.090400000000000   0.000000000000000   0.113000000000000   
0.055666666666667   0.067333333333333   0.083833333333333   0.089666666666667   0.112000000000000   0.112000000000000   
1.000000000000000   1.000000000000000   1.000000000000000   1.000000000000000   1.000000000000000   1.000000000000000   
PATCH 13 
1 2 
2 3 
0.000000000000000   0.000000000000000   1.000000000000000   1.000000000000000   
0.000000000000000   0.000000000000000   0.000000000000000   1.000000000000000   1.000000000000000   1.000000000000000   
0.000000000000000   0.100000000000000   0.000000000000000   0.083900000000000   0.000000000000000   0.067800000000000   
0.045000000000000   0.045000000000000   0.050333333333333   0.056166666666667   0.055666666666667   0.067333333333333   
1.000000000000000   1.000000000000000   1.000000000000000   1.000000000000000   1.000000000000000   1.000000000000000   
PATCH 14 
1 1 
2 2 
0.000000000000000   0.000000000000000   1.000000000000000   1.000000000000000   
0.000000000000000   0.000000000000000   1.000000000000000   1.000000000000000   
0.000000000000000   0.100000000000000   0.000000000000000   0.100000000000000   
0.035000000000000   0.035000000000000   0.045000000000000   0.045000000000000   
1.000000000000000   1.000000000000000   1.000000000000000   1.000000000000000   
PATCH 15 
1 1 
2 2 
0.000000000000000   0.000000000000000   1.000000000000000   1.000000000000000   
0.000000000000000   0.000000000000000   1.000000000000000   1.000000000000000   
0.000000000000000   0.016000000000000   0.000000000000000   0.100000000000000   
0.021000000000000   0.021000000000000   0.035000000000000   0.035000000000000   
1.000000000000000   1.000000000000000   1.000000000000000   1.000000000000000   
PATCH 16 
1 1 
2 2 
0.000000000000000   0.000000000000000   1.000000000000000   1.000000000000000   
0.000000000000000   0.000000000000000   1.000000000000000   1.000000000000000   
0.016000000000000   0.075000000000000   0.100000000000000   0.110000000000000   
0.021000000000000   0.021000000000000   0.035000000000000   0.035000000000000   
1.000000000000000   1.000000000000000   1.000000000000000   1.000000000000000   
PATCH 17 
1 1 
2 2 
0.000000000000000   0.000000000000000   1.000000000000000   1.000000000000000   
0.000000000000000   0.000000000000000   1.000000000000000   1.000000000000000   
0.000000000000000   0.006000000000000   0.000000000000000   0.016000000000000   
0.016000000000000   0.016000000000000   0.021000000000000   0.021000000000000   
1.000000000000000   1.000000000000000   1.000000000000000   1.000000000000000   
PATCH 18 
1 1 
2 2 
0.000000000000000   0.000000000000000   1.000000000000000   1.000000000000000   
0.000000000000000   0.000000000000000   1.000000000000000   1.000000000000000   
0.000000000000000   0.006000000000000   0.000000000000000   0.006000000000000   
0.010000000000000   0.010000000000000   0.016000000000000   0.016000000000000   
1.000000000000000   1.000000000000000   1.000000000000000   1.000000000000000   
PATCH 19 
1 1 
2 2 
0.000000000000000   0.000000000000000   1.000000000000000   1.000000000000000   
0.000000000000000   0.000000000000000   1.000000000000000   1.000000000000000   
0.006000000000000   0.016000000000000   0.006000000000000   0.016000000000000   
0.010000000000000   0.010000000000000   0.016000000000000   0.021000000000000   
1.000000000000000   1.000000000000000   1.000000000000000   1.000000000000000   
PATCH 20 
1 1 
2 2 
0.000000000000000   0.000000000000000   1.000000000000000   1.000000000000000   
0.000000000000000   0.000000000000000   1.000000000000000   1.000000000000000   
0.016000000000000   0.075000000000000   0.016000000000000   0.075000000000000   
0.010000000000000   0.010000000000000   0.021000000000000   0.021000000000000   
1.000000000000000   1.000000000000000   1.000000000000000   1.000000000000000   
PATCH 21 
1 1 
2 2 
0.000000000000000   0.000000000000000   1.000000000000000   1.000000000000000   
0.000000000000000   0.000000000000000   1.000000000000000   1.000000000000000   
0.000000000000000   0.006000000000000   0.000000000000000   0.006000000000000   
0.000000000000000   0.000000000000000   0.010000000000000   0.010000000000000   
1.000000000000000   1.000000000000000   1.000000000000000   1.000000000000000   
PATCH 22 
1 1 
2 2 
0.000000000000000   0.000000000000000   1.000000000000000   1.000000000000000   
0.000000000000000   0.000000000000000   1.000000000000000   1.000000000000000   
0.006000000000000   0.016000000000000   0.006000000000000   0.016000000000000   
0.000000000000000   0.000000000000000   0.010000000000000   0.010000000000000   
1.000000000000000   1.000000000000000   1.000000000000000   1.000000000000000   
PATCH 23 
1 1 
2 2 
0.000000000000000   0.000000000000000   1.000000000000000   1.000000000000000   
0.000000000000000   0.000000000000000   1.000000000000000   1.000000000000000   
0.016000000000000   0.075000000000000   0.016000000000000   0.075000000000000   
0.000000000000000   0.000000000000000   0.010000000000000   0.010000000000000   
1.000000000000000   1.000000000000000   1.000000000000000   1.000000000000000   
PATCH 24 
1 1 
2 2 
0.000000000000000   0.000000000000000   1.000000000000000   1.000000000000000   
0.000000000000000   0.000000000000000   1.000000000000000   1.000000000000000   
0.075000000000000   0.125000000000000   0.110000000000000   0.130000000000000   
0.021000000000000   0.021000000000000   0.035000000000000   0.035000000000000   
1.000000000000000   1.000000000000000   1.000000000000000   1.000000000000000   
PATCH 25 
1 1 
2 2 
0.000000000000000   0.000000000000000   1.000000000000000   1.000000000000000   
0.000000000000000   0.000000000000000   1.000000000000000   1.000000000000000   
0.125000000000000   0.185000000000000   0.125000000000000   0.185000000000000   
0.020000000000000   0.020000000000000   0.021000000000000   0.030000000000000   
1.000000000000000   1.000000000000000   1.000000000000000   1.000000000000000   
PATCH 26 
1 1 
2 2 
0.000000000000000   0.000000000000000   1.000000000000000   1.000000000000000   
0.000000000000000   0.000000000000000   1.000000000000000   1.000000000000000   
0.125000000000000   0.185000000000000   0.130000000000000   0.185000000000000   
0.021000000000000   0.030000000000000   0.035000000000000   0.035000000000000   
1.000000000000000   1.000000000000000   1.000000000000000   1.000000000000000   
PATCH 27 
1 1 
2 2 
0.000000000000000   0.000000000000000   1.000000000000000   1.000000000000000   
0.000000000000000   0.000000000000000   1.000000000000000   1.000000000000000   
0.130000000000000   0.185000000000000   0.130000000000000   0.185000000000000   
0.035000000000000   0.035000000000000   0.045000000000000   0.045000000000000   
1.000000000000000   1.000000000000000   1.000000000000000   1.000000000000000   
INTERFACE 1 
1 4 
2 3 
1 
INTERFACE 2 
2 4 
3 3 
1 
INTERFACE 3 
3 4 
4 3 
1 
INTERFACE 4 
4 4 
5 3 
1 
INTERFACE 5 
5 4 
6 2 
1 
INTERFACE 6 
6 1 
7 2 
1 
INTERFACE 7 
7 1 
8 2 
1 
INTERFACE 8 
8 1 
9 2 
1 
INTERFACE 9 
9 1 
10 4 
-1 
INTERFACE 10 
10 1 
12 2 
1 
INTERFACE 11 
10 3 
11 4 
1 
INTERFACE 12 
11 1 
13 2 
1 
INTERFACE 13 
12 3 
13 4 
1 
INTERFACE 14 
13 3 
14 4 
1 
INTERFACE 15 
14 3 
15 4 
1 
INTERFACE 16 
15 2 
16 1 
1 
INTERFACE 17 
15 3 
17 4 
1 
INTERFACE 18 
16 2 
24 1 
1 
INTERFACE 19 
16 3 
20 4 
1 
INTERFACE 20 
17 2 
19 4 
1 
INTERFACE 21 
17 3 
18 4 
1 
INTERFACE 22 
18 2 
19 1 
1 
INTERFACE 23 
18 3 
21 4 
1 
INTERFACE 24 
19 2 
20 1 
1 
INTERFACE 25 
19 3 
22 4 
1 
INTERFACE 26 
20 3 
23 4 
1 
INTERFACE 27 
21 2 
22 1 
1 
INTERFACE 28 
22 2 
23 1 
1 
INTERFACE 29 
24 2 
26 1 
1 
INTERFACE 30 
25 4 
26 3 
1 
INTERFACE 31 
26 4 
27 3 
1 
BOUNDARY 1 
25 
1 1 
2 1 
3 1 
4 1 
5 1 
6 3 
7 3 
8 3 
9 3 
10 2 
11 2 
11 3 
14 2 
16 4 
20 2 
23 2 
24 3 
24 4 
25 1 
25 2 
25 3 
26 2 
27 1 
27 2 
27 4 
BOUNDARY 2 
21 
1 2 
2 2 
3 2 
4 2 
5 2 
6 4 
7 4 
8 4 
9 4 
12 1 
12 4 
13 1 
14 1 
15 1 
17 1 
17 2 
17 3 
18 3 
19 2 
19 3 
21 1 
BOUNDARY 3 
4 
1 3 
21 3 
22 3 
23 3 
