# nurbs mesh v.2.1
#
# 30-Jun-2020
#
2 2 34 41 0 
PATCH 1 
1 1 
2 2 
0.000000000000000   0.000000000000000   1.000000000000000   1.000000000000000   
0.000000000000000   0.000000000000000   1.000000000000000   1.000000000000000   
0.416000000000000   0.416000000000000   0.447000000000000   0.447000000000000   
0.000000000000000   0.020000000000000   0.000000000000000   0.020000000000000   
1.000000000000000   1.000000000000000   1.000000000000000   1.000000000000000   
PATCH 2 
1 2 
2 3 
0.000000000000000   0.000000000000000   1.000000000000000   1.000000000000000   
0.000000000000000   0.000000000000000   0.000000000000000   1.000000000000000   1.000000000000000   1.000000000000000   
0.406000000000000   0.406000000000000   0.411000000000000   0.411000000000000   0.416000000000000   0.416000000000000   
0.000000000000000   0.020000000000000   0.000000000000000   0.020000000000000   0.000000000000000   0.020000000000000   
1.000000000000000   1.000000000000000   1.000000000000000   1.000000000000000   1.000000000000000   1.000000000000000   
PATCH 3 
1 2 
2 3 
0.000000000000000   0.000000000000000   1.000000000000000   1.000000000000000   
0.000000000000000   0.000000000000000   0.000000000000000   1.000000000000000   1.000000000000000   1.000000000000000   
0.397000000000000   0.397000000000000   0.401500000000000   0.401500000000000   0.406000000000000   0.406000000000000   
0.000000000000000   0.011000000000000   0.000000000000000   0.015500000000000   0.000000000000000   0.020000000000000   
1.000000000000000   1.000000000000000   1.000000000000000   1.000000000000000   1.000000000000000   1.000000000000000   
PATCH 4 
1 2 
2 3 
0.000000000000000   0.000000000000000   1.000000000000000   1.000000000000000   
0.000000000000000   0.000000000000000   0.000000000000000   1.000000000000000   1.000000000000000   1.000000000000000   
0.392737932446640   0.392737932446640   0.394868966223320   0.315285930171627   0.397000000000000   0.397000000000000   
0.000000000000000   0.010405566040374   0.000000000000000   0.007256584617217   0.000000000000000   0.011000000000000   
1.000000000000000   1.000000000000000   1.000000000000000   0.798003485892253   1.000000000000000   1.000000000000000   
PATCH 5 
1 2 
2 3 
0.000000000000000   0.000000000000000   1.000000000000000   1.000000000000000   
0.000000000000000   0.000000000000000   0.000000000000000   1.000000000000000   1.000000000000000   1.000000000000000   
0.406000000000000   0.406000000000000   0.411000000000000   0.411000000000000   0.416000000000000   0.416000000000000   
0.020000000000000   0.030000000000000   0.020000000000000   0.030000000000000   0.020000000000000   0.030000000000000   
1.000000000000000   1.000000000000000   1.000000000000000   1.000000000000000   1.000000000000000   1.000000000000000   
PATCH 6 
1 1 
2 2 
0.000000000000000   0.000000000000000   1.000000000000000   1.000000000000000   
0.000000000000000   0.000000000000000   1.000000000000000   1.000000000000000   
0.307000000000000   0.307000000000000   0.392737932446640   0.392737932446640   
0.000000000000000   0.005000000000000   0.000000000000000   0.010405566040374   
1.000000000000000   1.000000000000000   1.000000000000000   1.000000000000000   
PATCH 7 
2 1 
3 2 
0.000000000000000   0.000000000000000   0.000000000000000   1.000000000000000   1.000000000000000   1.000000000000000   
0.000000000000000   0.000000000000000   1.000000000000000   1.000000000000000   
0.307000000000000   0.307250000000000   0.307500000000000   0.392737932446640   0.311526548097443   0.391000000000000   
0.005000000000000   0.007450000000000   0.009900000000000   0.010405566040374   0.009350771328584   0.014342336591559   
1.000000000000000   1.000000000000000   1.000000000000000   1.000000000000000   0.798003485892253   1.000000000000000   
PATCH 8 
2 1 
3 2 
0.000000000000000   0.000000000000000   0.000000000000000   1.000000000000000   1.000000000000000   1.000000000000000   
0.000000000000000   0.000000000000000   1.000000000000000   1.000000000000000   
0.307500000000000   0.309004950495050   0.310509900990099   0.391000000000000   0.392000000000000   0.393000000000000   
0.009900000000000   0.013700000000000   0.017500000000000   0.014342336591559   0.018171168295780   0.022000000000000   
1.000000000000000   1.000000000000000   1.000000000000000   1.000000000000000   1.000000000000000   1.000000000000000   
PATCH 9 
2 1 
3 2 
0.000000000000000   0.000000000000000   0.000000000000000   1.000000000000000   1.000000000000000   1.000000000000000   
0.000000000000000   0.000000000000000   1.000000000000000   1.000000000000000   
0.310509900990099   0.311004950495050   0.311500000000000   0.393000000000000   0.393000000000000   0.393000000000000   
0.017500000000000   0.018750000000000   0.020000000000000   0.022000000000000   0.023500000000000   0.025000000000000   
1.000000000000000   1.000000000000000   1.000000000000000   1.000000000000000   1.000000000000000   1.000000000000000   
PATCH 10 
7 1 
8 2 
0.000000000000000   0.000000000000000   0.000000000000000   0.000000000000000   0.000000000000000   0.000000000000000   0.000000000000000   0.000000000000000   1.000000000000000   1.000000000000000   1.000000000000000   1.000000000000000   1.000000000000000   1.000000000000000   1.000000000000000   1.000000000000000   
0.000000000000000   0.000000000000000   1.000000000000000   1.000000000000000   
0.311500000000000   0.312224675598145   0.312525803338234   0.312643076687369   0.312669416897026   0.312600580393805   0.312377761180829   0.311920469337146   0.393000000000000   0.360112275716090   0.338425221431578   0.327938837146465   0.328653122860750   0.340568078574435   0.363683704287518   0.398000000000000   
0.020000000000000   0.021767017211914   0.024082637401549   0.026721603979885   0.029550616540733   0.032488405066689   0.035479958478672   0.038481340412187   0.025000000000000   0.023918058124456   0.023434858778855   0.023550401963198   0.024264687677484   0.025577715921713   0.027489486695885   0.030000000000000   
1.000000000000000   1.000000000000000   1.000000000000000   1.000000000000000   1.000000000000000   1.000000000000000   1.000000000000000   1.000000000000000   1.000000000000000   0.916316223196156   0.860527038660261   0.832632446392313   0.832632446392313   0.860527038660261   0.916316223196156   1.000000000000000   
PATCH 11 
7 1 
8 2 
0.000000000000000   0.000000000000000   0.000000000000000   0.000000000000000   0.000000000000000   0.000000000000000   0.000000000000000   0.000000000000000   1.000000000000000   1.000000000000000   1.000000000000000   1.000000000000000   1.000000000000000   1.000000000000000   1.000000000000000   1.000000000000000   
0.000000000000000   0.000000000000000   1.000000000000000   1.000000000000000   
0.416000000000000   0.416000000000000   0.416000000000000   0.416000000000000   0.416000000000000   0.416000000000000   0.416000000000000   0.416000000000000   0.447000000000000   0.447000000000000   0.447000000000000   0.447000000000000   0.447000000000000   0.447000000000000   0.447000000000000   0.447000000000000   
0.030000000000000   0.044000000000000   0.058000000000000   0.072000000000000   0.086000000000000   0.100000000000000   0.114000000000000   0.128000000000000   0.030000000000000   0.044000000000000   0.058000000000000   0.072000000000000   0.086000000000000   0.100000000000000   0.114000000000000   0.128000000000000   
1.000000000000000   1.000000000000000   1.000000000000000   1.000000000000000   1.000000000000000   1.000000000000000   1.000000000000000   1.000000000000000   1.000000000000000   1.000000000000000   1.000000000000000   1.000000000000000   1.000000000000000   1.000000000000000   1.000000000000000   1.000000000000000   
PATCH 12 
7 2 
8 3 
0.000000000000000   0.000000000000000   0.000000000000000   0.000000000000000   0.000000000000000   0.000000000000000   0.000000000000000   0.000000000000000   1.000000000000000   1.000000000000000   1.000000000000000   1.000000000000000   1.000000000000000   1.000000000000000   1.000000000000000   1.000000000000000   
0.000000000000000   0.000000000000000   0.000000000000000   1.000000000000000   1.000000000000000   1.000000000000000   
0.406000000000000   0.406000000000000   0.406000000000000   0.406000000000000   0.406000000000000   0.406000000000000   0.406000000000000   0.406000000000000   0.411000000000000   0.411000000000000   0.411000000000000   0.411000000000000   0.411000000000000   0.411000000000000   0.411000000000000   0.411000000000000   0.416000000000000   0.416000000000000   0.416000000000000   0.416000000000000   0.416000000000000   0.416000000000000   0.416000000000000   0.416000000000000   
0.030000000000000   0.044000000000000   0.058000000000000   0.072000000000000   0.086000000000000   0.100000000000000   0.114000000000000   0.128000000000000   0.030000000000000   0.044000000000000   0.058000000000000   0.072000000000000   0.086000000000000   0.100000000000000   0.114000000000000   0.128000000000000   0.030000000000000   0.044000000000000   0.058000000000000   0.072000000000000   0.086000000000000   0.100000000000000   0.114000000000000   0.128000000000000   
1.000000000000000   1.000000000000000   1.000000000000000   1.000000000000000   1.000000000000000   1.000000000000000   1.000000000000000   1.000000000000000   1.000000000000000   1.000000000000000   1.000000000000000   1.000000000000000   1.000000000000000   1.000000000000000   1.000000000000000   1.000000000000000   1.000000000000000   1.000000000000000   1.000000000000000   1.000000000000000   1.000000000000000   1.000000000000000   1.000000000000000   1.000000000000000   
PATCH 13 
7 2 
8 3 
0.000000000000000   0.000000000000000   0.000000000000000   0.000000000000000   0.000000000000000   0.000000000000000   0.000000000000000   0.000000000000000   1.000000000000000   1.000000000000000   1.000000000000000   1.000000000000000   1.000000000000000   1.000000000000000   1.000000000000000   1.000000000000000   
0.000000000000000   0.000000000000000   0.000000000000000   1.000000000000000   1.000000000000000   1.000000000000000   
0.398000000000000   0.398000000000000   0.398000000000000   0.398000000000000   0.398000000000000   0.398000000000000   0.398000000000000   0.398000000000000   0.402000000000000   0.402000000000000   0.402000000000000   0.402000000000000   0.402000000000000   0.402000000000000   0.402000000000000   0.402000000000000   0.406000000000000   0.406000000000000   0.406000000000000   0.406000000000000   0.406000000000000   0.406000000000000   0.406000000000000   0.406000000000000   
0.030000000000000   0.044000000000000   0.058000000000000   0.072000000000000   0.086000000000000   0.100000000000000   0.114000000000000   0.128000000000000   0.030000000000000   0.044000000000000   0.058000000000000   0.072000000000000   0.086000000000000   0.100000000000000   0.114000000000000   0.128000000000000   0.030000000000000   0.044000000000000   0.058000000000000   0.072000000000000   0.086000000000000   0.100000000000000   0.114000000000000   0.128000000000000   
1.000000000000000   1.000000000000000   1.000000000000000   1.000000000000000   1.000000000000000   1.000000000000000   1.000000000000000   1.000000000000000   1.000000000000000   1.000000000000000   1.000000000000000   1.000000000000000   1.000000000000000   1.000000000000000   1.000000000000000   1.000000000000000   1.000000000000000   1.000000000000000   1.000000000000000   1.000000000000000   1.000000000000000   1.000000000000000   1.000000000000000   1.000000000000000   
PATCH 14 
7 1 
8 2 
0.000000000000000   0.000000000000000   0.000000000000000   0.000000000000000   0.000000000000000   0.000000000000000   0.000000000000000   0.000000000000000   1.000000000000000   1.000000000000000   1.000000000000000   1.000000000000000   1.000000000000000   1.000000000000000   1.000000000000000   1.000000000000000   
0.000000000000000   0.000000000000000   1.000000000000000   1.000000000000000   
0.311920469337146   0.311767265534002   0.311587744248635   0.311378878778275   0.311137369244342   0.310859781361438   0.310542671456521   0.310182696450216   0.398000000000000   0.398000000000000   0.398000000000000   0.398000000000000   0.398000000000000   0.398000000000000   0.398000000000000   0.398000000000000   
0.038481340412187   0.039486875790202   0.040493514332965   0.041499603879380   0.042503631788492   0.043504160852026   0.044499780177518   0.045489069352166   0.030000000000000   0.044000000000000   0.058000000000000   0.072000000000000   0.086000000000000   0.100000000000000   0.114000000000000   0.128000000000000   
1.000000000000000   1.000000000000000   1.000000000000000   1.000000000000000   1.000000000000000   1.000000000000000   1.000000000000000   1.000000000000000   1.000000000000000   1.000000000000000   1.000000000000000   1.000000000000000   1.000000000000000   1.000000000000000   1.000000000000000   1.000000000000000   
PATCH 15 
7 1 
8 2 
0.000000000000000   0.000000000000000   0.000000000000000   0.000000000000000   0.000000000000000   0.000000000000000   0.000000000000000   0.000000000000000   1.000000000000000   1.000000000000000   1.000000000000000   1.000000000000000   1.000000000000000   1.000000000000000   1.000000000000000   1.000000000000000   
0.000000000000000   0.000000000000000   1.000000000000000   1.000000000000000   
0.305002003867403   0.306036816153079   0.306964370624550   0.307788852220223   0.308515858170161   0.309152119303246   0.309705130048934   0.310182696450216   0.305000000000000   0.318285714285714   0.331571428571429   0.344857142857143   0.358142857142857   0.371428571428571   0.384714285714286   0.398000000000000   
0.054322578959315   0.053129097536807   0.051906473725664   0.050658748373181   0.049389696013576   0.048102839548566   0.046801525113504   0.045489069352166   0.128000000000000   0.128000000000000   0.128000000000000   0.128000000000000   0.128000000000000   0.128000000000000   0.128000000000000   0.128000000000000   
1.000000000000000   1.000000000000000   1.000000000000000   1.000000000000000   1.000000000000000   1.000000000000000   1.000000000000000   1.000000000000000   1.000000000000000   1.000000000000000   1.000000000000000   1.000000000000000   1.000000000000000   1.000000000000000   1.000000000000000   1.000000000000000   
PATCH 16 
7 1 
8 2 
0.000000000000000   0.000000000000000   0.000000000000000   0.000000000000000   0.000000000000000   0.000000000000000   0.000000000000000   0.000000000000000   1.000000000000000   1.000000000000000   1.000000000000000   1.000000000000000   1.000000000000000   1.000000000000000   1.000000000000000   1.000000000000000   
0.000000000000000   0.000000000000000   1.000000000000000   1.000000000000000   
0.230001760559134   0.236520651305292   0.248390962042089   0.263946839497582   0.279088097236800   0.291114154475526   0.299547874623708   0.305002003867403   0.230000000000000   0.240714285714286   0.251428571428571   0.262142857142857   0.272857142857143   0.283571428571429   0.294285714285714   0.305000000000000   
0.059850517546813   0.065937831957029   0.070675213253606   0.072054736584701   0.070173483194794   0.066093848066213   0.060612997055828   0.054322578959315   0.128000000000000   0.128000000000000   0.128000000000000   0.128000000000000   0.128000000000000   0.128000000000000   0.128000000000000   0.128000000000000   
1.000000000000000   1.000000000000000   1.000000000000000   1.000000000000000   1.000000000000000   1.000000000000000   1.000000000000000   1.000000000000000   1.000000000000000   1.000000000000000   1.000000000000000   1.000000000000000   1.000000000000000   1.000000000000000   1.000000000000000   1.000000000000000   
PATCH 17 
7 1 
8 2 
0.000000000000000   0.000000000000000   0.000000000000000   0.000000000000000   0.000000000000000   0.000000000000000   0.000000000000000   0.000000000000000   1.000000000000000   1.000000000000000   1.000000000000000   1.000000000000000   1.000000000000000   1.000000000000000   1.000000000000000   1.000000000000000   
0.000000000000000   0.000000000000000   1.000000000000000   1.000000000000000   
0.185000000000000   0.191428571428571   0.197857142857143   0.204285714285714   0.210714285714286   0.217142857142857   0.223571428571429   0.230000000000000   0.225881550428555   0.226100545163473   0.226444254378083   0.226913498583233   0.227507193778703   0.228222655649040   0.229055874242581   0.230001760559134   
0.065000000000000   0.074000000000000   0.083000000000000   0.092000000000000   0.101000000000000   0.110000000000000   0.119000000000000   0.128000000000000   0.053319696274801   0.054261724658574   0.055216059388529   0.056172399643867   0.057121593165252   0.058055566519030   0.058967252643414   0.059850517546813   
1.000000000000000   1.000000000000000   1.000000000000000   1.000000000000000   1.000000000000000   1.000000000000000   1.000000000000000   1.000000000000000   1.000000000000000   1.000000000000000   1.000000000000000   1.000000000000000   1.000000000000000   1.000000000000000   1.000000000000000   1.000000000000000   
PATCH 18 
7 1 
8 2 
0.000000000000000   0.000000000000000   0.000000000000000   0.000000000000000   0.000000000000000   0.000000000000000   0.000000000000000   0.000000000000000   1.000000000000000   1.000000000000000   1.000000000000000   1.000000000000000   1.000000000000000   1.000000000000000   1.000000000000000   1.000000000000000   
0.000000000000000   0.000000000000000   1.000000000000000   1.000000000000000   
0.222500000000000   0.217142857142857   0.211785714285714   0.206428571428571   0.201071428571429   0.195714285714286   0.190357142857143   0.185000000000000   0.230000000000000   0.228669131119924   0.227473777032156   0.226508196570224   0.225836348911204   0.225497532424354   0.225511277608685   0.225881550428555   
0.045000000000000   0.047857142857143   0.050714285714286   0.053571428571429   0.056428571428571   0.059285714285714   0.062142857142857   0.065000000000000   0.045000000000000   0.045433111469790   0.046253460687022   0.047368258326974   0.048696728052351   0.050169343792247   0.051726929644191   0.053319696274801   
1.000000000000000   1.000000000000000   1.000000000000000   1.000000000000000   1.000000000000000   1.000000000000000   1.000000000000000   1.000000000000000   1.000000000000000   1.000000000000000   1.000000000000000   1.000000000000000   1.000000000000000   1.000000000000000   1.000000000000000   1.000000000000000   
PATCH 19 
7 1 
8 2 
0.000000000000000   0.000000000000000   0.000000000000000   0.000000000000000   0.000000000000000   0.000000000000000   0.000000000000000   0.000000000000000   1.000000000000000   1.000000000000000   1.000000000000000   1.000000000000000   1.000000000000000   1.000000000000000   1.000000000000000   1.000000000000000   
0.000000000000000   0.000000000000000   1.000000000000000   1.000000000000000   
0.012500000000000   0.012500000000000   0.012500000000000   0.012500000000000   0.012500000000000   0.012500000000000   0.012500000000000   0.012500000000000   0.185000000000000   0.191428571428571   0.197857142857143   0.204285714285714   0.210714285714286   0.217142857142857   0.223571428571429   0.230000000000000   
0.085000000000000   0.091142857142857   0.097285714285714   0.103428571428571   0.109571428571429   0.115714285714286   0.121857142857143   0.128000000000000   0.065000000000000   0.074000000000000   0.083000000000000   0.092000000000000   0.101000000000000   0.110000000000000   0.119000000000000   0.128000000000000   
1.000000000000000   1.000000000000000   1.000000000000000   1.000000000000000   1.000000000000000   1.000000000000000   1.000000000000000   1.000000000000000   1.000000000000000   1.000000000000000   1.000000000000000   1.000000000000000   1.000000000000000   1.000000000000000   1.000000000000000   1.000000000000000   
PATCH 20 
7 1 
8 2 
0.000000000000000   0.000000000000000   0.000000000000000   0.000000000000000   0.000000000000000   0.000000000000000   0.000000000000000   0.000000000000000   1.000000000000000   1.000000000000000   1.000000000000000   1.000000000000000   1.000000000000000   1.000000000000000   1.000000000000000   1.000000000000000   
0.000000000000000   0.000000000000000   1.000000000000000   1.000000000000000   
0.000000000000000   0.000000000000000   0.000000000000000   0.000000000000000   0.000000000000000   0.000000000000000   0.000000000000000   0.000000000000000   0.012500000000000   0.012500000000000   0.012500000000000   0.012500000000000   0.012500000000000   0.012500000000000   0.012500000000000   0.012500000000000   
0.085000000000000   0.091142857142857   0.097285714285714   0.103428571428571   0.109571428571429   0.115714285714286   0.121857142857143   0.128000000000000   0.085000000000000   0.091142857142857   0.097285714285714   0.103428571428571   0.109571428571429   0.115714285714286   0.121857142857143   0.128000000000000   
1.000000000000000   1.000000000000000   1.000000000000000   1.000000000000000   1.000000000000000   1.000000000000000   1.000000000000000   1.000000000000000   1.000000000000000   1.000000000000000   1.000000000000000   1.000000000000000   1.000000000000000   1.000000000000000   1.000000000000000   1.000000000000000   
PATCH 21 
7 1 
8 2 
0.000000000000000   0.000000000000000   0.000000000000000   0.000000000000000   0.000000000000000   0.000000000000000   0.000000000000000   0.000000000000000   1.000000000000000   1.000000000000000   1.000000000000000   1.000000000000000   1.000000000000000   1.000000000000000   1.000000000000000   1.000000000000000   
0.000000000000000   0.000000000000000   1.000000000000000   1.000000000000000   
0.012500000000000   0.012500000000000   0.012500000000000   0.012500000000000   0.012500000000000   0.012500000000000   0.012500000000000   0.012500000000000   0.222500000000000   0.217142857142857   0.211785714285714   0.206428571428571   0.201071428571429   0.195714285714286   0.190357142857143   0.185000000000000   
0.062000000000000   0.065285714285714   0.068571428571429   0.071857142857143   0.075142857142857   0.078428571428571   0.081714285714286   0.085000000000000   0.045000000000000   0.047857142857143   0.050714285714286   0.053571428571429   0.056428571428571   0.059285714285714   0.062142857142857   0.065000000000000   
1.000000000000000   1.000000000000000   1.000000000000000   1.000000000000000   1.000000000000000   1.000000000000000   1.000000000000000   1.000000000000000   1.000000000000000   1.000000000000000   1.000000000000000   1.000000000000000   1.000000000000000   1.000000000000000   1.000000000000000   1.000000000000000   
PATCH 22 
7 1 
8 2 
0.000000000000000   0.000000000000000   0.000000000000000   0.000000000000000   0.000000000000000   0.000000000000000   0.000000000000000   0.000000000000000   1.000000000000000   1.000000000000000   1.000000000000000   1.000000000000000   1.000000000000000   1.000000000000000   1.000000000000000   1.000000000000000   
0.000000000000000   0.000000000000000   1.000000000000000   1.000000000000000   
0.000000000000000   0.000000000000000   0.000000000000000   0.000000000000000   0.000000000000000   0.000000000000000   0.000000000000000   0.000000000000000   0.012500000000000   0.012500000000000   0.012500000000000   0.012500000000000   0.012500000000000   0.012500000000000   0.012500000000000   0.012500000000000   
0.062000000000000   0.065285714285714   0.068571428571429   0.071857142857143   0.075142857142857   0.078428571428571   0.081714285714286   0.085000000000000   0.062000000000000   0.065285714285714   0.068571428571429   0.071857142857143   0.075142857142857   0.078428571428571   0.081714285714286   0.085000000000000   
1.000000000000000   1.000000000000000   1.000000000000000   1.000000000000000   1.000000000000000   1.000000000000000   1.000000000000000   1.000000000000000   1.000000000000000   1.000000000000000   1.000000000000000   1.000000000000000   1.000000000000000   1.000000000000000   1.000000000000000   1.000000000000000   
PATCH 23 
1 1 
2 2 
0.000000000000000   0.000000000000000   1.000000000000000   1.000000000000000   
0.000000000000000   0.000000000000000   1.000000000000000   1.000000000000000   
0.012500000000000   0.012500000000000   0.222500000000000   0.222500000000000   
0.052000000000000   0.062000000000000   0.035000000000000   0.045000000000000   
1.000000000000000   1.000000000000000   1.000000000000000   1.000000000000000   
PATCH 24 
1 1 
2 2 
0.000000000000000   0.000000000000000   1.000000000000000   1.000000000000000   
0.000000000000000   0.000000000000000   1.000000000000000   1.000000000000000   
0.000000000000000   0.000000000000000   0.012500000000000   0.012500000000000   
0.052000000000000   0.062000000000000   0.052000000000000   0.062000000000000   
1.000000000000000   1.000000000000000   1.000000000000000   1.000000000000000   
PATCH 25 
1 1 
2 2 
0.000000000000000   0.000000000000000   1.000000000000000   1.000000000000000   
0.000000000000000   0.000000000000000   1.000000000000000   1.000000000000000   
0.000000000000000   0.000000000000000   0.046000000000000   0.012500000000000   
0.027000000000000   0.052000000000000   0.027000000000000   0.052000000000000   
1.000000000000000   1.000000000000000   1.000000000000000   1.000000000000000   
PATCH 26 
1 1 
2 2 
0.000000000000000   0.000000000000000   1.000000000000000   1.000000000000000   
0.000000000000000   0.000000000000000   1.000000000000000   1.000000000000000   
0.046000000000000   0.012500000000000   0.236000000000000   0.222500000000000   
0.027000000000000   0.052000000000000   0.027000000000000   0.035000000000000   
1.000000000000000   1.000000000000000   1.000000000000000   1.000000000000000   
PATCH 27 
1 1 
2 2 
0.000000000000000   0.000000000000000   1.000000000000000   1.000000000000000   
0.000000000000000   0.000000000000000   1.000000000000000   1.000000000000000   
0.236000000000000   0.222500000000000   0.253000000000000   0.252500000000000   
0.027000000000000   0.035000000000000   0.027000000000000   0.035000000000000   
1.000000000000000   1.000000000000000   1.000000000000000   1.000000000000000   
PATCH 28 
1 1 
2 2 
0.000000000000000   0.000000000000000   1.000000000000000   1.000000000000000   
0.000000000000000   0.000000000000000   1.000000000000000   1.000000000000000   
0.252500000000000   0.252500000000000   0.302000000000000   0.302000000000000   
0.035000000000000   0.045000000000000   0.037800000000000   0.045000000000000   
1.000000000000000   1.000000000000000   1.000000000000000   1.000000000000000   
PATCH 29 
1 1 
2 2 
0.000000000000000   0.000000000000000   1.000000000000000   1.000000000000000   
0.000000000000000   0.000000000000000   1.000000000000000   1.000000000000000   
0.253000000000000   0.252500000000000   0.302000000000000   0.302000000000000   
0.027000000000000   0.035000000000000   0.020400000000000   0.037800000000000   
1.000000000000000   1.000000000000000   1.000000000000000   1.000000000000000   
PATCH 30 
1 1 
2 2 
0.000000000000000   0.000000000000000   1.000000000000000   1.000000000000000   
0.000000000000000   0.000000000000000   1.000000000000000   1.000000000000000   
0.264000000000000   0.253000000000000   0.302000000000000   0.302000000000000   
0.017500000000000   0.027000000000000   0.017500000000000   0.020400000000000   
1.000000000000000   1.000000000000000   1.000000000000000   1.000000000000000   
PATCH 31 
1 1 
2 2 
0.000000000000000   0.000000000000000   1.000000000000000   1.000000000000000   
0.000000000000000   0.000000000000000   1.000000000000000   1.000000000000000   
0.253000000000000   0.253000000000000   0.264000000000000   0.264000000000000   
0.000000000000000   0.027000000000000   0.000000000000000   0.017500000000000   
1.000000000000000   1.000000000000000   1.000000000000000   1.000000000000000   
PATCH 32 
1 1 
2 2 
0.000000000000000   0.000000000000000   1.000000000000000   1.000000000000000   
0.000000000000000   0.000000000000000   1.000000000000000   1.000000000000000   
0.236000000000000   0.236000000000000   0.253000000000000   0.253000000000000   
0.000000000000000   0.027000000000000   0.000000000000000   0.027000000000000   
1.000000000000000   1.000000000000000   1.000000000000000   1.000000000000000   
PATCH 33 
1 1 
2 2 
0.000000000000000   0.000000000000000   1.000000000000000   1.000000000000000   
0.000000000000000   0.000000000000000   1.000000000000000   1.000000000000000   
0.046000000000000   0.046000000000000   0.236000000000000   0.236000000000000   
0.000000000000000   0.027000000000000   0.000000000000000   0.027000000000000   
1.000000000000000   1.000000000000000   1.000000000000000   1.000000000000000   
PATCH 34 
1 1 
2 2 
0.000000000000000   0.000000000000000   1.000000000000000   1.000000000000000   
0.000000000000000   0.000000000000000   1.000000000000000   1.000000000000000   
0.000000000000000   0.000000000000000   0.046000000000000   0.046000000000000   
0.000000000000000   0.027000000000000   0.000000000000000   0.027000000000000   
1.000000000000000   1.000000000000000   1.000000000000000   1.000000000000000   
INTERFACE 1 
1 3 
2 4 
1 
INTERFACE 2 
2 2 
5 1 
1 
INTERFACE 3 
2 3 
3 4 
1 
INTERFACE 4 
3 3 
4 4 
1 
INTERFACE 5 
4 3 
6 4 
1 
INTERFACE 6 
5 2 
12 1 
1 
INTERFACE 7 
6 2 
7 1 
1 
INTERFACE 8 
7 2 
8 1 
1 
INTERFACE 9 
8 2 
9 1 
1 
INTERFACE 10 
9 2 
10 1 
1 
INTERFACE 11 
10 2 
14 1 
1 
INTERFACE 12 
11 3 
12 4 
1 
INTERFACE 13 
12 3 
13 4 
1 
INTERFACE 14 
13 3 
14 4 
1 
INTERFACE 15 
14 2 
15 2 
1 
INTERFACE 16 
15 1 
16 2 
1 
INTERFACE 17 
16 1 
17 2 
-1 
INTERFACE 18 
17 1 
18 2 
1 
INTERFACE 19 
17 3 
19 4 
1 
INTERFACE 20 
18 3 
21 4 
1 
INTERFACE 21 
19 1 
21 2 
1 
INTERFACE 22 
19 3 
20 4 
1 
INTERFACE 23 
20 1 
22 2 
1 
INTERFACE 24 
21 1 
23 2 
1 
INTERFACE 25 
21 3 
22 4 
1 
INTERFACE 26 
22 1 
24 2 
1 
INTERFACE 27 
23 1 
26 2 
1 
INTERFACE 28 
23 3 
24 4 
1 
INTERFACE 29 
24 1 
25 2 
1 
INTERFACE 30 
25 1 
34 2 
1 
INTERFACE 31 
25 4 
26 3 
1 
INTERFACE 32 
26 1 
33 2 
1 
INTERFACE 33 
26 4 
27 3 
1 
INTERFACE 34 
27 1 
32 2 
1 
INTERFACE 35 
27 4 
29 3 
1 
INTERFACE 36 
28 1 
29 2 
1 
INTERFACE 37 
29 1 
30 2 
1 
INTERFACE 38 
30 3 
31 2 
-1 
INTERFACE 39 
31 3 
32 4 
1 
INTERFACE 40 
32 3 
33 4 
1 
INTERFACE 41 
33 3 
34 4 
1 
BOUNDARY 1 
20 
6 3 
7 3 
8 3 
9 3 
10 3 
14 3 
15 3 
16 3 
17 4 
18 4 
18 1 
23 4 
27 2 
28 3 
28 2 
28 4 
29 4 
30 4 
30 1 
31 4 
BOUNDARY 2 
8 
5 3 
13 1 
10 4 
9 4 
8 4 
7 4 
4 2 
3 2 
BOUNDARY 3 
17 
1 4 
1 2 
5 4 
11 1 
11 4 
11 2 
12 2 
13 2 
15 4 
16 4 
19 2 
20 2 
20 3 
22 3 
24 3 
25 3 
34 3 
BOUNDARY 4 
9 
1 1 
2 1 
3 1 
4 1 
6 1 
31 1 
32 1 
33 1 
34 1 
