# nurbs mesh v.2.1
#
# 09-Jun-2020
#
2 2 34 41 0 
PATCH 1 
1 1 
2 2 
0.000000000000000   0.000000000000000   1.000000000000000   1.000000000000000   
0.000000000000000   0.000000000000000   1.000000000000000   1.000000000000000   
0.416000000000000   0.416000000000000   0.447000000000000   0.447000000000000   
0.000000000000000   0.020000000000000   0.000000000000000   0.020000000000000   
1.000000000000000   1.000000000000000   1.000000000000000   1.000000000000000   
PATCH 2 
1 2 
2 3 
0.000000000000000   0.000000000000000   1.000000000000000   1.000000000000000   
0.000000000000000   0.000000000000000   0.000000000000000   1.000000000000000   1.000000000000000   1.000000000000000   
0.406000000000000   0.406000000000000   0.411000000000000   0.411000000000000   0.416000000000000   0.416000000000000   
0.000000000000000   0.020000000000000   0.000000000000000   0.020000000000000   0.000000000000000   0.020000000000000   
1.000000000000000   1.000000000000000   1.000000000000000   1.000000000000000   1.000000000000000   1.000000000000000   
PATCH 3 
1 2 
2 3 
0.000000000000000   0.000000000000000   1.000000000000000   1.000000000000000   
0.000000000000000   0.000000000000000   0.000000000000000   1.000000000000000   1.000000000000000   1.000000000000000   
0.397000000000000   0.397000000000000   0.401500000000000   0.401500000000000   0.406000000000000   0.406000000000000   
0.000000000000000   0.011000000000000   0.000000000000000   0.015500000000000   0.000000000000000   0.020000000000000   
1.000000000000000   1.000000000000000   1.000000000000000   1.000000000000000   1.000000000000000   1.000000000000000   
PATCH 4 
1 2 
2 3 
0.000000000000000   0.000000000000000   1.000000000000000   1.000000000000000   
0.000000000000000   0.000000000000000   0.000000000000000   1.000000000000000   1.000000000000000   1.000000000000000   
0.392737932446640   0.392737932446640   0.394868966223320   0.315285930171627   0.397000000000000   0.397000000000000   
0.000000000000000   0.010405566040374   0.000000000000000   0.007256584617217   0.000000000000000   0.011000000000000   
1.000000000000000   1.000000000000000   1.000000000000000   0.798003485892253   1.000000000000000   1.000000000000000   
PATCH 5 
1 2 
2 3 
0.000000000000000   0.000000000000000   1.000000000000000   1.000000000000000   
0.000000000000000   0.000000000000000   0.000000000000000   1.000000000000000   1.000000000000000   1.000000000000000   
0.406000000000000   0.406000000000000   0.411000000000000   0.411000000000000   0.416000000000000   0.416000000000000   
0.020000000000000   0.030000000000000   0.020000000000000   0.030000000000000   0.020000000000000   0.030000000000000   
1.000000000000000   1.000000000000000   1.000000000000000   1.000000000000000   1.000000000000000   1.000000000000000   
PATCH 6 
1 1 
2 2 
0.000000000000000   0.000000000000000   1.000000000000000   1.000000000000000   
0.000000000000000   0.000000000000000   1.000000000000000   1.000000000000000   
0.307000000000000   0.307000000000000   0.392737932446640   0.392737932446640   
0.000000000000000   0.005000000000000   0.000000000000000   0.010405566040374   
1.000000000000000   1.000000000000000   1.000000000000000   1.000000000000000   
PATCH 7 
2 1 
3 2 
0.000000000000000   0.000000000000000   0.000000000000000   1.000000000000000   1.000000000000000   1.000000000000000   
0.000000000000000   0.000000000000000   1.000000000000000   1.000000000000000   
0.307000000000000   0.307250000000000   0.307500000000000   0.392737932446640   0.311526548097443   0.391000000000000   
0.005000000000000   0.007450000000000   0.009900000000000   0.010405566040374   0.009350771328584   0.014342336591559   
1.000000000000000   1.000000000000000   1.000000000000000   1.000000000000000   0.798003485892253   1.000000000000000   
PATCH 8 
2 1 
3 2 
0.000000000000000   0.000000000000000   0.000000000000000   1.000000000000000   1.000000000000000   1.000000000000000   
0.000000000000000   0.000000000000000   1.000000000000000   1.000000000000000   
0.307500000000000   0.309004950495050   0.310509900990099   0.391000000000000   0.392000000000000   0.393000000000000   
0.009900000000000   0.013700000000000   0.017500000000000   0.014342336591559   0.018171168295780   0.022000000000000   
1.000000000000000   1.000000000000000   1.000000000000000   1.000000000000000   1.000000000000000   1.000000000000000   
PATCH 9 
2 1 
3 2 
0.000000000000000   0.000000000000000   0.000000000000000   1.000000000000000   1.000000000000000   1.000000000000000   
0.000000000000000   0.000000000000000   1.000000000000000   1.000000000000000   
0.310509900990099   0.311004950495050   0.311500000000000   0.393000000000000   0.393000000000000   0.393000000000000   
0.017500000000000   0.018750000000000   0.020000000000000   0.022000000000000   0.023500000000000   0.025000000000000   
1.000000000000000   1.000000000000000   1.000000000000000   1.000000000000000   1.000000000000000   1.000000000000000   
PATCH 10 
4 1 
5 2 
0.000000000000000   0.000000000000000   0.000000000000000   0.000000000000000   0.000000000000000   1.000000000000000   1.000000000000000   1.000000000000000   1.000000000000000   1.000000000000000   
0.000000000000000   0.000000000000000   1.000000000000000   1.000000000000000   
0.311500000000000   0.315150000000000   0.307065476756594   0.300927371003451   0.316407869835647   0.393000000000000   0.335446482503157   0.317095310004209   0.337946482503157   0.398000000000000   
0.020000000000000   0.028900000000000   0.031130394088655   0.032969333943614   0.036854907716575   0.025000000000000   0.023106601717798   0.023308802290398   0.025606601717798   0.030000000000000   
1.000000000000000   1.000000000000000   0.972451393464520   0.951789938562911   1.000000000000000   1.000000000000000   0.853553390593274   0.804737854124365   0.853553390593274   1.000000000000000   
PATCH 11 
4 1 
5 2 
0.000000000000000   0.000000000000000   0.000000000000000   0.000000000000000   0.000000000000000   1.000000000000000   1.000000000000000   1.000000000000000   1.000000000000000   1.000000000000000   
0.000000000000000   0.000000000000000   1.000000000000000   1.000000000000000   
0.416000000000000   0.416000000000000   0.416000000000000   0.416000000000000   0.416000000000000   0.447000000000000   0.447000000000000   0.447000000000000   0.447000000000000   0.447000000000000   
0.030000000000000   0.054500000000000   0.079000000000000   0.103500000000000   0.128000000000000   0.030000000000000   0.054500000000000   0.079000000000000   0.103500000000000   0.128000000000000   
1.000000000000000   1.000000000000000   1.000000000000000   1.000000000000000   1.000000000000000   1.000000000000000   1.000000000000000   1.000000000000000   1.000000000000000   1.000000000000000   
PATCH 12 
4 2 
5 3 
0.000000000000000   0.000000000000000   0.000000000000000   0.000000000000000   0.000000000000000   1.000000000000000   1.000000000000000   1.000000000000000   1.000000000000000   1.000000000000000   
0.000000000000000   0.000000000000000   0.000000000000000   1.000000000000000   1.000000000000000   1.000000000000000   
0.406000000000000   0.406000000000000   0.406000000000000   0.406000000000000   0.406000000000000   0.411000000000000   0.411000000000000   0.411000000000000   0.411000000000000   0.411000000000000   0.416000000000000   0.416000000000000   0.416000000000000   0.416000000000000   0.416000000000000   
0.030000000000000   0.054500000000000   0.079000000000000   0.103500000000000   0.128000000000000   0.030000000000000   0.054500000000000   0.079000000000000   0.103500000000000   0.128000000000000   0.030000000000000   0.054500000000000   0.079000000000000   0.103500000000000   0.128000000000000   
1.000000000000000   1.000000000000000   1.000000000000000   1.000000000000000   1.000000000000000   1.000000000000000   1.000000000000000   1.000000000000000   1.000000000000000   1.000000000000000   1.000000000000000   1.000000000000000   1.000000000000000   1.000000000000000   1.000000000000000   
PATCH 13 
4 2 
5 3 
0.000000000000000   0.000000000000000   0.000000000000000   0.000000000000000   0.000000000000000   1.000000000000000   1.000000000000000   1.000000000000000   1.000000000000000   1.000000000000000   
0.000000000000000   0.000000000000000   0.000000000000000   1.000000000000000   1.000000000000000   1.000000000000000   
0.398000000000000   0.398000000000000   0.398000000000000   0.398000000000000   0.398000000000000   0.402000000000000   0.402000000000000   0.402000000000000   0.402000000000000   0.402000000000000   0.406000000000000   0.406000000000000   0.406000000000000   0.406000000000000   0.406000000000000   
0.030000000000000   0.054500000000000   0.079000000000000   0.103500000000000   0.128000000000000   0.030000000000000   0.054500000000000   0.079000000000000   0.103500000000000   0.128000000000000   0.030000000000000   0.054500000000000   0.079000000000000   0.103500000000000   0.128000000000000   
1.000000000000000   1.000000000000000   1.000000000000000   1.000000000000000   1.000000000000000   1.000000000000000   1.000000000000000   1.000000000000000   1.000000000000000   1.000000000000000   1.000000000000000   1.000000000000000   1.000000000000000   1.000000000000000   1.000000000000000   
PATCH 14 
4 1 
5 2 
0.000000000000000   0.000000000000000   0.000000000000000   0.000000000000000   0.000000000000000   1.000000000000000   1.000000000000000   1.000000000000000   1.000000000000000   1.000000000000000   
0.000000000000000   0.000000000000000   1.000000000000000   1.000000000000000   
0.316407869835647   0.282230842922068   0.281384210456203   0.280687360133899   0.314410848463951   0.398000000000000   0.398000000000000   0.398000000000000   0.398000000000000   0.398000000000000   
0.036854907716575   0.039121255015772   0.041026559537606   0.042666583240062   0.049481483654060   0.030000000000000   0.054500000000000   0.079000000000000   0.103500000000000   0.128000000000000   
1.000000000000000   0.889837143126664   0.889931850932411   0.890310682155396   1.000000000000000   1.000000000000000   1.000000000000000   1.000000000000000   1.000000000000000   1.000000000000000   
PATCH 15 
1 4 
2 5 
0.000000000000000   0.000000000000000   1.000000000000000   1.000000000000000   
0.000000000000000   0.000000000000000   0.000000000000000   0.000000000000000   0.000000000000000   1.000000000000000   1.000000000000000   1.000000000000000   1.000000000000000   1.000000000000000   
0.302619770372193   0.305000000000000   0.277821937173598   0.328250000000000   0.277528861472740   0.351500000000000   0.277218005071346   0.374750000000000   0.314410848463951   0.398000000000000   
0.060141230753608   0.128000000000000   0.054065403816554   0.128000000000000   0.052737519193167   0.128000000000000   0.051266390928586   0.128000000000000   0.049481483654060   0.128000000000000   
1.000000000000000   1.000000000000000   0.911364355884861   1.000000000000000   0.903078613015550   1.000000000000000   0.894018311157225   1.000000000000000   1.000000000000000   1.000000000000000   
PATCH 16 
1 4 
2 5 
0.000000000000000   0.000000000000000   1.000000000000000   1.000000000000000   
0.000000000000000   0.000000000000000   0.000000000000000   0.000000000000000   0.000000000000000   1.000000000000000   1.000000000000000   1.000000000000000   1.000000000000000   1.000000000000000   
0.241120029227054   0.230000000000000   0.269161769072841   0.248750000000000   0.280955055989523   0.267500000000000   0.280956903238382   0.286250000000000   0.302619770372193   0.305000000000000   
0.062215010536194   0.128000000000000   0.070090086125961   0.128000000000000   0.066425789199178   0.128000000000000   0.068112591040606   0.128000000000000   0.060141230753608   0.128000000000000   
1.000000000000000   1.000000000000000   1.000000000000000   1.000000000000000   1.000000000000000   1.000000000000000   1.000000000000000   1.000000000000000   1.000000000000000   1.000000000000000   
PATCH 17 
4 1 
5 2 
0.000000000000000   0.000000000000000   0.000000000000000   0.000000000000000   0.000000000000000   1.000000000000000   1.000000000000000   1.000000000000000   1.000000000000000   1.000000000000000   
0.000000000000000   0.000000000000000   1.000000000000000   1.000000000000000   
0.185000000000000   0.196250000000000   0.207500000000000   0.218750000000000   0.230000000000000   0.225053396046837   0.165599441293392   0.173847386998488   0.181516807321805   0.241120029227054   
0.065000000000000   0.080750000000000   0.096500000000000   0.112250000000000   0.128000000000000   0.052104577689292   0.042375076332039   0.044686073380431   0.046779241607672   0.062215010536194   
1.000000000000000   1.000000000000000   1.000000000000000   1.000000000000000   1.000000000000000   1.000000000000000   0.719289280551083   0.742126762811333   0.763106280413123   1.000000000000000   
PATCH 18 
4 1 
5 2 
0.000000000000000   0.000000000000000   0.000000000000000   0.000000000000000   0.000000000000000   1.000000000000000   1.000000000000000   1.000000000000000   1.000000000000000   1.000000000000000   
0.000000000000000   0.000000000000000   1.000000000000000   1.000000000000000   
0.222500000000000   0.213125000000000   0.203750000000000   0.194375000000000   0.185000000000000   0.230000000000000   0.156054731824089   0.157130286338320   0.158444128764907   0.225053396046837   
0.045000000000000   0.050000000000000   0.055000000000000   0.060000000000000   0.065000000000000   0.045000000000000   0.032110895876547   0.033996138210729   0.035618256253385   0.052104577689292   
1.000000000000000   1.000000000000000   1.000000000000000   1.000000000000000   1.000000000000000   1.000000000000000   0.707106781186547   0.707106781186547   0.708392087663155   1.000000000000000   
PATCH 19 
4 1 
5 2 
0.000000000000000   0.000000000000000   0.000000000000000   0.000000000000000   0.000000000000000   1.000000000000000   1.000000000000000   1.000000000000000   1.000000000000000   1.000000000000000   
0.000000000000000   0.000000000000000   1.000000000000000   1.000000000000000   
0.012500000000000   0.012500000000000   0.012500000000000   0.012500000000000   0.012500000000000   0.185000000000000   0.196250000000000   0.207500000000000   0.218750000000000   0.230000000000000   
0.085000000000000   0.095750000000000   0.106500000000000   0.117250000000000   0.128000000000000   0.065000000000000   0.080750000000000   0.096500000000000   0.112250000000000   0.128000000000000   
1.000000000000000   1.000000000000000   1.000000000000000   1.000000000000000   1.000000000000000   1.000000000000000   1.000000000000000   1.000000000000000   1.000000000000000   1.000000000000000   
PATCH 20 
4 1 
5 2 
0.000000000000000   0.000000000000000   0.000000000000000   0.000000000000000   0.000000000000000   1.000000000000000   1.000000000000000   1.000000000000000   1.000000000000000   1.000000000000000   
0.000000000000000   0.000000000000000   1.000000000000000   1.000000000000000   
0.000000000000000   0.000000000000000   0.000000000000000   0.000000000000000   0.000000000000000   0.012500000000000   0.012500000000000   0.012500000000000   0.012500000000000   0.012500000000000   
0.085000000000000   0.095750000000000   0.106500000000000   0.117250000000000   0.128000000000000   0.085000000000000   0.095750000000000   0.106500000000000   0.117250000000000   0.128000000000000   
1.000000000000000   1.000000000000000   1.000000000000000   1.000000000000000   1.000000000000000   1.000000000000000   1.000000000000000   1.000000000000000   1.000000000000000   1.000000000000000   
PATCH 21 
4 1 
5 2 
0.000000000000000   0.000000000000000   0.000000000000000   0.000000000000000   0.000000000000000   1.000000000000000   1.000000000000000   1.000000000000000   1.000000000000000   1.000000000000000   
0.000000000000000   0.000000000000000   1.000000000000000   1.000000000000000   
0.012500000000000   0.012500000000000   0.012500000000000   0.012500000000000   0.012500000000000   0.222500000000000   0.213125000000000   0.203750000000000   0.194375000000000   0.185000000000000   
0.062000000000000   0.067750000000000   0.073500000000000   0.079250000000000   0.085000000000000   0.045000000000000   0.050000000000000   0.055000000000000   0.060000000000000   0.065000000000000   
1.000000000000000   1.000000000000000   1.000000000000000   1.000000000000000   1.000000000000000   1.000000000000000   1.000000000000000   1.000000000000000   1.000000000000000   1.000000000000000   
PATCH 22 
4 1 
5 2 
0.000000000000000   0.000000000000000   0.000000000000000   0.000000000000000   0.000000000000000   1.000000000000000   1.000000000000000   1.000000000000000   1.000000000000000   1.000000000000000   
0.000000000000000   0.000000000000000   1.000000000000000   1.000000000000000   
0.000000000000000   0.000000000000000   0.000000000000000   0.000000000000000   0.000000000000000   0.012500000000000   0.012500000000000   0.012500000000000   0.012500000000000   0.012500000000000   
0.062000000000000   0.067750000000000   0.073500000000000   0.079250000000000   0.085000000000000   0.062000000000000   0.067750000000000   0.073500000000000   0.079250000000000   0.085000000000000   
1.000000000000000   1.000000000000000   1.000000000000000   1.000000000000000   1.000000000000000   1.000000000000000   1.000000000000000   1.000000000000000   1.000000000000000   1.000000000000000   
PATCH 23 
1 1 
2 2 
0.000000000000000   0.000000000000000   1.000000000000000   1.000000000000000   
0.000000000000000   0.000000000000000   1.000000000000000   1.000000000000000   
0.012500000000000   0.012500000000000   0.222500000000000   0.222500000000000   
0.052000000000000   0.062000000000000   0.035000000000000   0.045000000000000   
1.000000000000000   1.000000000000000   1.000000000000000   1.000000000000000   
PATCH 24 
1 1 
2 2 
0.000000000000000   0.000000000000000   1.000000000000000   1.000000000000000   
0.000000000000000   0.000000000000000   1.000000000000000   1.000000000000000   
0.000000000000000   0.000000000000000   0.012500000000000   0.012500000000000   
0.052000000000000   0.062000000000000   0.052000000000000   0.062000000000000   
1.000000000000000   1.000000000000000   1.000000000000000   1.000000000000000   
PATCH 25 
1 1 
2 2 
0.000000000000000   0.000000000000000   1.000000000000000   1.000000000000000   
0.000000000000000   0.000000000000000   1.000000000000000   1.000000000000000   
0.000000000000000   0.000000000000000   0.046000000000000   0.012500000000000   
0.027000000000000   0.052000000000000   0.027000000000000   0.052000000000000   
1.000000000000000   1.000000000000000   1.000000000000000   1.000000000000000   
PATCH 26 
1 1 
2 2 
0.000000000000000   0.000000000000000   1.000000000000000   1.000000000000000   
0.000000000000000   0.000000000000000   1.000000000000000   1.000000000000000   
0.046000000000000   0.012500000000000   0.236000000000000   0.222500000000000   
0.027000000000000   0.052000000000000   0.027000000000000   0.035000000000000   
1.000000000000000   1.000000000000000   1.000000000000000   1.000000000000000   
PATCH 27 
1 1 
2 2 
0.000000000000000   0.000000000000000   1.000000000000000   1.000000000000000   
0.000000000000000   0.000000000000000   1.000000000000000   1.000000000000000   
0.236000000000000   0.222500000000000   0.253000000000000   0.252500000000000   
0.027000000000000   0.035000000000000   0.027000000000000   0.035000000000000   
1.000000000000000   1.000000000000000   1.000000000000000   1.000000000000000   
PATCH 28 
1 1 
2 2 
0.000000000000000   0.000000000000000   1.000000000000000   1.000000000000000   
0.000000000000000   0.000000000000000   1.000000000000000   1.000000000000000   
0.252500000000000   0.252500000000000   0.302000000000000   0.302000000000000   
0.035000000000000   0.045000000000000   0.037800000000000   0.045000000000000   
1.000000000000000   1.000000000000000   1.000000000000000   1.000000000000000   
PATCH 29 
1 1 
2 2 
0.000000000000000   0.000000000000000   1.000000000000000   1.000000000000000   
0.000000000000000   0.000000000000000   1.000000000000000   1.000000000000000   
0.253000000000000   0.252500000000000   0.302000000000000   0.302000000000000   
0.027000000000000   0.035000000000000   0.020400000000000   0.037800000000000   
1.000000000000000   1.000000000000000   1.000000000000000   1.000000000000000   
PATCH 30 
1 1 
2 2 
0.000000000000000   0.000000000000000   1.000000000000000   1.000000000000000   
0.000000000000000   0.000000000000000   1.000000000000000   1.000000000000000   
0.264000000000000   0.253000000000000   0.302000000000000   0.302000000000000   
0.021000000000000   0.027000000000000   0.017500000000000   0.020400000000000   
1.000000000000000   1.000000000000000   1.000000000000000   1.000000000000000   
PATCH 31 
1 1 
2 2 
0.000000000000000   0.000000000000000   1.000000000000000   1.000000000000000   
0.000000000000000   0.000000000000000   1.000000000000000   1.000000000000000   
0.253000000000000   0.253000000000000   0.264000000000000   0.264000000000000   
0.000000000000000   0.027000000000000   0.000000000000000   0.021000000000000   
1.000000000000000   1.000000000000000   1.000000000000000   1.000000000000000   
PATCH 32 
1 1 
2 2 
0.000000000000000   0.000000000000000   1.000000000000000   1.000000000000000   
0.000000000000000   0.000000000000000   1.000000000000000   1.000000000000000   
0.236000000000000   0.236000000000000   0.253000000000000   0.253000000000000   
0.000000000000000   0.027000000000000   0.000000000000000   0.027000000000000   
1.000000000000000   1.000000000000000   1.000000000000000   1.000000000000000   
PATCH 33 
1 1 
2 2 
0.000000000000000   0.000000000000000   1.000000000000000   1.000000000000000   
0.000000000000000   0.000000000000000   1.000000000000000   1.000000000000000   
0.046000000000000   0.046000000000000   0.236000000000000   0.236000000000000   
0.000000000000000   0.027000000000000   0.000000000000000   0.027000000000000   
1.000000000000000   1.000000000000000   1.000000000000000   1.000000000000000   
PATCH 34 
1 1 
2 2 
0.000000000000000   0.000000000000000   1.000000000000000   1.000000000000000   
0.000000000000000   0.000000000000000   1.000000000000000   1.000000000000000   
0.000000000000000   0.000000000000000   0.046000000000000   0.046000000000000   
0.000000000000000   0.027000000000000   0.000000000000000   0.027000000000000   
1.000000000000000   1.000000000000000   1.000000000000000   1.000000000000000   
INTERFACE 1 
1 3 
2 4 
1 
INTERFACE 2 
2 2 
5 1 
1 
INTERFACE 3 
2 3 
3 4 
1 
INTERFACE 4 
3 3 
4 4 
1 
INTERFACE 5 
4 3 
6 4 
1 
INTERFACE 6 
5 2 
12 1 
1 
INTERFACE 7 
6 2 
7 1 
1 
INTERFACE 8 
7 2 
8 1 
1 
INTERFACE 9 
8 2 
9 1 
1 
INTERFACE 10 
9 2 
10 1 
1 
INTERFACE 11 
10 2 
14 1 
1 
INTERFACE 12 
11 3 
12 4 
1 
INTERFACE 13 
12 3 
13 4 
1 
INTERFACE 14 
13 3 
14 4 
1 
INTERFACE 15 
14 2 
15 4 
1 
INTERFACE 16 
15 3 
16 4 
1 
INTERFACE 17 
16 3 
17 2 
-1 
INTERFACE 18 
17 1 
18 2 
1 
INTERFACE 19 
17 3 
19 4 
1 
INTERFACE 20 
18 3 
21 4 
1 
INTERFACE 21 
19 1 
21 2 
1 
INTERFACE 22 
19 3 
20 4 
1 
INTERFACE 23 
20 1 
22 2 
1 
INTERFACE 24 
21 1 
23 2 
1 
INTERFACE 25 
21 3 
22 4 
1 
INTERFACE 26 
22 1 
24 2 
1 
INTERFACE 27 
23 1 
26 2 
1 
INTERFACE 28 
23 3 
24 4 
1 
INTERFACE 29 
24 1 
25 2 
1 
INTERFACE 30 
25 1 
34 2 
1 
INTERFACE 31 
25 4 
26 3 
1 
INTERFACE 32 
26 1 
33 2 
1 
INTERFACE 33 
26 4 
27 3 
1 
INTERFACE 34 
27 1 
32 2 
1 
INTERFACE 35 
27 4 
29 3 
1 
INTERFACE 36 
28 1 
29 2 
1 
INTERFACE 37 
29 1 
30 2 
1 
INTERFACE 38 
30 3 
31 2 
-1 
INTERFACE 39 
31 3 
32 4 
1 
INTERFACE 40 
32 3 
33 4 
1 
INTERFACE 41 
33 3 
34 4 
1 
BOUNDARY 1 
20 
6 3 
7 3 
8 3 
9 3 
10 3 
14 3 
15 1 
16 1 
17 4 
18 4 
18 1 
23 4 
27 2 
28 3 
28 2 
28 4 
29 4 
30 4 
30 1 
31 4 
BOUNDARY 2 
8 
5 3 
13 1 
10 4 
9 4 
8 4 
7 4 
4 2 
3 2 
BOUNDARY 3 
17 
1 4 
1 2 
5 4 
11 1 
11 4 
11 2 
12 2 
13 2 
15 2 
16 2 
19 2 
20 2 
20 3 
22 3 
24 3 
25 3 
34 3 
BOUNDARY 4 
9 
1 1 
2 1 
3 1 
4 1 
6 1 
31 1 
32 1 
33 1 
34 1 
