  3.0830E-01  6.9324E-02  3.9895E-05  3.9927E-01  1.3102E+00  3.8601E-02 -9.4193E-01
  3.0970E-01  1.0472E-01  3.4893E-05  3.9748E-01  1.9581E+00  7.1698E-02 -1.6057E+00
  3.1110E-01  1.3097E-01  2.9996E-05  3.9484E-01  2.4546E+00  9.4211E-02 -2.1523E+00
  3.1250E-01  1.5282E-01  2.5400E-05  3.9152E-01  2.8388E+00  1.0807E-01 -2.5892E+00
  3.1390E-01  1.7192E-01  2.1241E-05  3.8766E-01  3.1323E+00  1.1563E-01 -2.9284E+00
  3.1530E-01  1.8920E-01  1.7475E-05  3.8336E-01  3.3541E+00  1.1844E-01 -3.1888E+00
  3.1671E-01  2.0500E-01  1.4110E-05  3.7876E-01  3.5164E+00  1.1810E-01 -3.3822E+00
  3.1810E-01  2.1965E-01  1.1102E-05  3.7393E-01  3.6311E+00  1.1568E-01 -3.5216E+00
  3.1950E-01  2.3345E-01  8.4019E-06  3.6893E-01  3.7079E+00  1.1196E-01 -3.6180E+00
  3.2090E-01  2.4645E-01  5.9948E-06  3.6383E-01  3.7537E+00  1.0749E-01 -3.6793E+00
  3.2230E-01  2.5884E-01  3.8384E-06  3.5864E-01  3.7748E+00  1.0258E-01 -3.7129E+00
  3.2370E-01  2.7068E-01  1.9104E-06  3.5343E-01  3.7762E+00  9.7468E-02 -3.7243E+00
  3.2510E-01  2.8203E-01  1.8469E-07  3.4822E-01  3.7619E+00  9.2308E-02 -3.7182E+00
  3.2651E-01  2.9302E-01 -1.3719E-06  3.4300E-01  3.7352E+00  8.7190E-02 -3.6981E+00
  3.2791E-01  3.0358E-01 -2.7656E-06  3.3783E-01  3.6988E+00  8.2254E-02 -3.6673E+00
  3.2931E-01  3.1383E-01 -4.0258E-06  3.3270E-01  3.6549E+00  7.7523E-02 -3.6279E+00
  3.3070E-01  3.2372E-01 -5.1578E-06  3.2767E-01  3.6056E+00  7.3082E-02 -3.5822E+00
  3.3211E-01  3.3342E-01 -6.1934E-06  3.2266E-01  3.5515E+00  6.8887E-02 -3.5313E+00
  3.3351E-01  3.4282E-01 -7.1293E-06  3.1774E-01  3.4947E+00  6.5014E-02 -3.4771E+00
  3.3491E-01  3.5204E-01 -7.9876E-06  3.1289E-01  3.4356E+00  6.1422E-02 -3.4201E+00
  3.3631E-01  3.6101E-01 -8.7710E-06  3.0813E-01  3.3755E+00  5.8140E-02 -3.3617E+00
  3.3771E-01  3.6980E-01 -9.4928E-06  3.0346E-01  3.3147E+00  5.5142E-02 -3.3024E+00
  3.3910E-01  3.7841E-01 -1.0160E-05  2.9887E-01  3.2539E+00  5.2425E-02 -3.2429E+00
  3.4051E-01  3.8689E-01 -1.0783E-05  2.9434E-01  3.1933E+00  4.9964E-02 -3.1833E+00
  3.4191E-01  3.9519E-01 -1.1363E-05  2.8992E-01  3.1335E+00  4.7767E-02 -3.1244E+00
  3.4331E-01  4.0337E-01 -1.1908E-05  2.8556E-01  3.0747E+00  4.5806E-02 -3.0663E+00
  3.4471E-01  4.1143E-01 -1.2423E-05  2.8128E-01  3.0170E+00  4.4069E-02 -3.0092E+00
  3.4610E-01  4.1930E-01 -1.2908E-05  2.7712E-01  2.9610E+00  4.2552E-02 -2.9538E+00
  3.4750E-01  4.2711E-01 -1.3372E-05  2.7300E-01  2.9063E+00  4.1216E-02 -2.8994E+00
  3.4890E-01  4.3480E-01 -1.3816E-05  2.6897E-01  2.8532E+00  4.0056E-02 -2.8467E+00
  3.5031E-01  4.4243E-01 -1.4244E-05  2.6499E-01  2.8015E+00  3.9047E-02 -2.7953E+00
  3.5171E-01  4.4994E-01 -1.4655E-05  2.6109E-01  2.7516E+00  3.8178E-02 -2.7456E+00
  3.5310E-01  4.5732E-01 -1.5050E-05  2.5728E-01  2.7037E+00  3.7427E-02 -2.6979E+00
  3.5451E-01  4.6471E-01 -1.5435E-05  2.5349E-01  2.6568E+00  3.6760E-02 -2.6512E+00
  3.5590E-01  4.7191E-01 -1.5802E-05  2.4982E-01  2.6122E+00  3.6172E-02 -2.6067E+00
  3.5731E-01  4.7911E-01 -1.6160E-05  2.4617E-01  2.5687E+00  3.5626E-02 -2.5633E+00
  3.5870E-01  4.8619E-01 -1.6503E-05  2.4261E-01  2.5269E+00  3.5108E-02 -2.5216E+00
  3.6011E-01  4.9327E-01 -1.6835E-05  2.3907E-01  2.4861E+00  3.4585E-02 -2.4809E+00
  3.6151E-01  5.0023E-01 -1.7148E-05  2.3562E-01  2.4468E+00  3.4034E-02 -2.4417E+00
  3.6291E-01  5.0713E-01 -1.7443E-05  2.3222E-01  2.4086E+00  3.3412E-02 -2.4036E+00
  3.6430E-01  5.1397E-01 -1.7714E-05  2.2887E-01  2.3712E+00  3.2676E-02 -2.3663E+00
  3.6571E-01  5.2080E-01 -1.7958E-05  2.2555E-01  2.3341E+00  3.1768E-02 -2.3294E+00
  3.6711E-01  5.2751E-01 -1.8164E-05  2.2231E-01  2.2977E+00  3.0654E-02 -2.2933E+00
  3.6851E-01  5.3423E-01 -1.8330E-05  2.1910E-01  2.2610E+00  2.9259E-02 -2.2569E+00
  3.6990E-01  5.4082E-01 -1.8443E-05  2.1598E-01  2.2243E+00  2.7554E-02 -2.2207E+00
  3.7130E-01  5.4741E-01 -1.8493E-05  2.1288E-01  2.1866E+00  2.5454E-02 -2.1834E+00
  3.7271E-01  5.5400E-01 -1.8463E-05  2.0982E-01  2.1472E+00  2.2922E-02 -2.1446E+00
  3.7410E-01  5.6047E-01 -1.8336E-05  2.0685E-01  2.1064E+00  2.0064E-02 -2.1043E+00
  3.7550E-01  5.6694E-01 -1.8096E-05  2.0392E-01  2.0628E+00  1.7105E-02 -2.0612E+00
  3.7691E-01  5.7341E-01 -1.7725E-05  2.0103E-01  2.0158E+00  1.4830E-02 -2.0147E+00
  3.7830E-01  5.7976E-01 -1.7226E-05  1.9825E-01  1.9661E+00  1.4736E-02 -1.9649E+00
  3.7971E-01  5.8617E-01 -1.6585E-05  1.9550E-01  1.9119E+00  1.7900E-02 -1.9100E+00
  3.8111E-01  5.9246E-01 -1.5835E-05  1.9286E-01  1.8546E+00  2.3623E-02 -1.8513E+00
  3.8250E-01  5.9874E-01 -1.4996E-05  1.9030E-01  1.7936E+00  3.0783E-02 -1.7878E+00
  3.8391E-01  6.0503E-01 -1.4111E-05  1.8782E-01  1.7292E+00  3.8487E-02 -1.7197E+00
  3.8531E-01  6.1126E-01 -1.3242E-05  1.8545E-01  1.6627E+00  4.5999E-02 -1.6483E+00
  3.8671E-01  6.1748E-01 -1.2430E-05  1.8317E-01  1.5939E+00  5.2891E-02 -1.5739E+00
  3.8811E-01  6.2365E-01 -1.1721E-05  1.8101E-01  1.5241E+00  5.8724E-02 -1.4981E+00
  3.8951E-01  6.2981E-01 -1.1129E-05  1.7895E-01  1.4529E+00  6.3315E-02 -1.4208E+00
  3.9091E-01  6.3597E-01 -1.0659E-05  1.7699E-01  1.3806E+00  6.6500E-02 -1.3431E+00
  3.9231E-01  6.4208E-01 -1.0308E-05  1.7516E-01  1.3084E+00  6.8185E-02 -1.2663E+00
  3.9370E-01  6.4818E-01 -1.0059E-05  1.7343E-01  1.2358E+00  6.8384E-02 -1.1905E+00
  3.9511E-01  6.5429E-01 -9.8980E-06  1.7181E-01  1.1632E+00  6.7128E-02 -1.1162E+00
  3.9651E-01  6.6039E-01 -9.8109E-06  1.7028E-01  1.0910E+00  6.4492E-02 -1.0444E+00
  3.9790E-01  6.6643E-01 -9.7810E-06  1.6887E-01  1.0208E+00  6.0657E-02 -9.7636E-01
  3.9931E-01  6.7253E-01 -9.7916E-06  1.6753E-01  9.5210E-01  5.5738E-02 -9.1150E-01
  4.0071E-01  6.7858E-01 -9.8270E-06  1.6630E-01  8.8729E-01  5.0077E-02 -8.5186E-01
  4.0211E-01  6.8462E-01 -9.8780E-06  1.6514E-01  8.2691E-01  4.3926E-02 -7.9747E-01
  4.0351E-01  6.9066E-01 -9.9399E-06  1.6406E-01  7.7210E-01  3.7603E-02 -7.4886E-01
  4.0491E-01  6.9670E-01 -1.0016E-05  1.6304E-01  7.2381E-01  3.1442E-02 -7.0637E-01
  4.0631E-01  7.0275E-01 -1.0113E-05  1.6207E-01  6.8245E-01  2.5705E-02 -6.7002E-01
  4.0771E-01  7.0879E-01 -1.0236E-05  1.6116E-01  6.4801E-01  2.0598E-02 -6.3955E-01
  4.0910E-01  7.1477E-01 -1.0389E-05  1.6028E-01  6.2023E-01  1.6267E-02 -6.1468E-01
  4.1051E-01  7.2081E-01 -1.0577E-05  1.5944E-01  5.9775E-01  1.2637E-02 -5.9425E-01
  4.1191E-01  7.2686E-01 -1.0798E-05  1.5861E-01  5.7996E-01  9.7107E-03 -5.7781E-01
  4.1330E-01  7.3284E-01 -1.1044E-05  1.5782E-01  5.6606E-01  7.4215E-03 -5.6476E-01
  4.1471E-01  7.3888E-01 -1.1317E-05  1.5703E-01  5.5498E-01  5.6297E-03 -5.5421E-01
  4.1611E-01  7.4492E-01 -1.1609E-05  1.5626E-01  5.4621E-01  4.2691E-03 -5.4575E-01
  4.1750E-01  7.5090E-01 -1.1914E-05  1.5551E-01  5.3930E-01  3.2802E-03 -5.3902E-01
  4.1891E-01  7.5695E-01 -1.2235E-05  1.5475E-01  5.3370E-01  2.5874E-03 -5.3353E-01
  4.2031E-01  7.6299E-01 -1.2566E-05  1.5401E-01  5.2919E-01  2.1590E-03 -5.2907E-01
  4.2171E-01  7.6897E-01 -1.2902E-05  1.5327E-01  5.2556E-01  1.9488E-03 -5.2546E-01
  4.2311E-01  7.7501E-01 -1.3247E-05  1.5254E-01  5.2257E-01  1.8896E-03 -5.2247E-01
  4.2450E-01  7.8099E-01 -1.3594E-05  1.5181E-01  5.2013E-01  1.9213E-03 -5.2003E-01
  4.2591E-01  7.8704E-01 -1.3948E-05  1.5108E-01  5.1810E-01  1.9971E-03 -5.1799E-01
  4.2730E-01  7.9302E-01 -1.4302E-05  1.5036E-01  5.1643E-01  2.0871E-03 -5.1630E-01
  4.2871E-01  7.9906E-01 -1.4662E-05  1.4963E-01  5.1502E-01  2.1789E-03 -5.1488E-01
  4.3011E-01  8.0510E-01 -1.5025E-05  1.4891E-01  5.1384E-01  2.2647E-03 -5.1369E-01
  4.3151E-01  8.1108E-01 -1.5386E-05  1.4820E-01  5.1286E-01  2.3416E-03 -5.1270E-01
  4.3291E-01  8.1713E-01 -1.5752E-05  1.4748E-01  5.1203E-01  2.4107E-03 -5.1186E-01
  4.3430E-01  8.2311E-01 -1.6116E-05  1.4676E-01  5.1134E-01  2.4713E-03 -5.1115E-01
  4.3571E-01  8.2915E-01 -1.6484E-05  1.4605E-01  5.1075E-01  2.5255E-03 -5.1056E-01
  4.3710E-01  8.3513E-01 -1.6850E-05  1.4534E-01  5.1026E-01  2.5731E-03 -5.1006E-01
  4.3851E-01  8.4117E-01 -1.7221E-05  1.4462E-01  5.0986E-01  2.6156E-03 -5.0964E-01
  4.3990E-01  8.4716E-01 -1.7588E-05  1.4391E-01  5.0952E-01  2.6526E-03 -5.0930E-01
  4.4131E-01  8.5320E-01 -1.7960E-05  1.4319E-01  5.0924E-01  2.6852E-03 -5.0901E-01
  4.4270E-01  8.5918E-01 -1.8328E-05  1.4248E-01  5.0901E-01  2.7131E-03 -5.0877E-01
  4.4411E-01  8.6522E-01 -1.8700E-05  1.4177E-01  5.0882E-01  2.7372E-03 -5.0858E-01
  4.4700E-01  8.7765E-01 -1.9466E-05  1.4030E-01  5.0854E-01  2.7755E-03 -5.0829E-01
