  3.0830E-01  6.9323E-02  4.7937E-05  3.9926E-01  1.3145E+00  3.8879E-02 -9.4158E-01
  3.0970E-01  1.0472E-01  3.1443E-05  3.9747E-01  1.9596E+00  7.2062E-02 -1.6036E+00
  3.1110E-01  1.3097E-01  1.3594E-05  3.9484E-01  2.4545E+00  9.4609E-02 -2.1494E+00
  3.1250E-01  1.5282E-01 -3.9035E-06  3.9152E-01  2.8376E+00  1.0844E-01 -2.5861E+00
  3.1390E-01  1.7198E-01 -2.0373E-05  3.8765E-01  3.1313E+00  1.1600E-01 -2.9261E+00
  3.1530E-01  1.8920E-01 -3.5353E-05  3.8337E-01  3.3520E+00  1.1876E-01 -3.1857E+00
  3.1671E-01  2.0507E-01 -4.8879E-05  3.7875E-01  3.5148E+00  1.1840E-01 -3.3799E+00
  3.1811E-01  2.1971E-01 -6.0801E-05  3.7393E-01  3.6294E+00  1.1593E-01 -3.5194E+00
  3.1951E-01  2.3351E-01 -7.1336E-05  3.6893E-01  3.7062E+00  1.1219E-01 -3.6159E+00
  3.2090E-01  2.4645E-01 -8.0481E-05  3.6385E-01  3.7518E+00  1.0771E-01 -3.6771E+00
  3.2231E-01  2.5890E-01 -8.8531E-05  3.5865E-01  3.7732E+00  1.0275E-01 -3.7110E+00
  3.2371E-01  2.7074E-01 -9.5459E-05  3.5344E-01  3.7746E+00  9.7615E-02 -3.7226E+00
  3.2511E-01  2.8209E-01 -1.0142E-04  3.4822E-01  3.7604E+00  9.2436E-02 -3.7166E+00
  3.2651E-01  2.9308E-01 -1.0653E-04  3.4300E-01  3.7337E+00  8.7301E-02 -3.6966E+00
  3.2791E-01  3.0358E-01 -1.1084E-04  3.3787E-01  3.6977E+00  8.2378E-02 -3.6661E+00
  3.2931E-01  3.1383E-01 -1.1450E-04  3.3274E-01  3.6539E+00  7.7633E-02 -3.6268E+00
  3.3070E-01  3.2372E-01 -1.1755E-04  3.2771E-01  3.6047E+00  7.3181E-02 -3.5813E+00
  3.3212E-01  3.3348E-01 -1.2011E-04  3.2266E-01  3.5504E+00  6.8949E-02 -3.5302E+00
  3.3351E-01  3.4288E-01 -1.2217E-04  3.1775E-01  3.4937E+00  6.5068E-02 -3.4760E+00
  3.3491E-01  3.5204E-01 -1.2384E-04  3.1293E-01  3.4351E+00  6.1494E-02 -3.4195E+00
  3.3632E-01  3.6107E-01 -1.2517E-04  3.0814E-01  3.3746E+00  5.8183E-02 -3.3608E+00
  3.3772E-01  3.6986E-01 -1.2619E-04  3.0347E-01  3.3139E+00  5.5182E-02 -3.3016E+00
  3.3910E-01  3.7840E-01 -1.2694E-04  2.9891E-01  3.2536E+00  5.2480E-02 -3.2426E+00
  3.4052E-01  3.8695E-01 -1.2749E-04  2.9435E-01  3.1926E+00  4.9998E-02 -3.1826E+00
  3.4192E-01  3.9525E-01 -1.2783E-04  2.8993E-01  3.1329E+00  4.7800E-02 -3.1238E+00
  3.4332E-01  4.0343E-01 -1.2802E-04  2.8557E-01  3.0741E+00  4.5838E-02 -3.0657E+00
  3.4472E-01  4.1149E-01 -1.2807E-04  2.8129E-01  3.0164E+00  4.4101E-02 -3.0086E+00
  3.4610E-01  4.1930E-01 -1.2801E-04  2.7716E-01  2.9610E+00  4.2595E-02 -2.9537E+00
  3.4750E-01  4.2711E-01 -1.2786E-04  2.7304E-01  2.9062E+00  4.1258E-02 -2.8994E+00
  3.4890E-01  4.3480E-01 -1.2763E-04  2.6901E-01  2.8531E+00  4.0097E-02 -2.8466E+00
  3.5032E-01  4.4249E-01 -1.2734E-04  2.6500E-01  2.8010E+00  3.9080E-02 -2.7948E+00
  3.5171E-01  4.4994E-01 -1.2700E-04  2.6113E-01  2.7516E+00  3.8218E-02 -2.7456E+00
  3.5311E-01  4.5738E-01 -1.2663E-04  2.5729E-01  2.7033E+00  3.7460E-02 -2.6975E+00
  3.5451E-01  4.6471E-01 -1.2622E-04  2.5353E-01  2.6568E+00  3.6798E-02 -2.6512E+00
  3.5590E-01  4.7191E-01 -1.2580E-04  2.4986E-01  2.6122E+00  3.6208E-02 -2.6067E+00
  3.5731E-01  4.7911E-01 -1.2534E-04  2.4621E-01  2.5687E+00  3.5660E-02 -2.5633E+00
  3.5870E-01  4.8619E-01 -1.2488E-04  2.4265E-01  2.5269E+00  3.5140E-02 -2.5216E+00
  3.6011E-01  4.9327E-01 -1.2439E-04  2.3911E-01  2.4861E+00  3.4613E-02 -2.4809E+00
  3.6151E-01  5.0023E-01 -1.2388E-04  2.3566E-01  2.4468E+00  3.4057E-02 -2.4417E+00
  3.6292E-01  5.0719E-01 -1.2335E-04  2.3223E-01  2.4082E+00  3.3422E-02 -2.4032E+00
  3.6432E-01  5.1402E-01 -1.2278E-04  2.2888E-01  2.3708E+00  3.2676E-02 -2.3660E+00
  3.6572E-01  5.2086E-01 -1.2217E-04  2.2556E-01  2.3337E+00  3.1756E-02 -2.3291E+00
  3.6712E-01  5.2757E-01 -1.2150E-04  2.2232E-01  2.2973E+00  3.0627E-02 -2.2929E+00
  3.6852E-01  5.3429E-01 -1.2074E-04  2.1911E-01  2.2606E+00  2.9213E-02 -2.2565E+00
  3.6991E-01  5.4088E-01 -1.1988E-04  2.1599E-01  2.2239E+00  2.7486E-02 -2.2202E+00
  3.7131E-01  5.4747E-01 -1.1887E-04  2.1289E-01  2.1861E+00  2.5361E-02 -2.1829E+00
  3.7272E-01  5.5406E-01 -1.1768E-04  2.0983E-01  2.1466E+00  2.2805E-02 -2.1440E+00
  3.7411E-01  5.6053E-01 -1.1627E-04  2.0686E-01  2.1057E+00  1.9934E-02 -2.1037E+00
  3.7551E-01  5.6700E-01 -1.1458E-04  2.0392E-01  2.0621E+00  1.6998E-02 -2.0606E+00
  3.7692E-01  5.7347E-01 -1.1252E-04  2.0104E-01  2.0151E+00  1.4825E-02 -2.0140E+00
  3.7831E-01  5.7982E-01 -1.1010E-04  1.9826E-01  1.9654E+00  1.4925E-02 -1.9642E+00
  3.7971E-01  5.8617E-01 -1.0722E-04  1.9553E-01  1.9117E+00  1.8229E-02 -1.9098E+00
  3.8112E-01  5.9252E-01 -1.0384E-04  1.9287E-01  1.8541E+00  2.4103E-02 -1.8506E+00
  3.8250E-01  5.9874E-01 -1.0003E-04  1.9033E-01  1.7938E+00  3.1225E-02 -1.7878E+00
  3.8392E-01  6.0509E-01 -9.5659E-05  1.8783E-01  1.7291E+00  3.8991E-02 -1.7192E+00
  3.8532E-01  6.1131E-01 -9.0955E-05  1.8546E-01  1.6628E+00  4.6460E-02 -1.6482E+00
  3.8673E-01  6.1754E-01 -8.5920E-05  1.8318E-01  1.5943E+00  5.3295E-02 -1.5740E+00
  3.8811E-01  6.2364E-01 -8.0752E-05  1.8104E-01  1.5254E+00  5.9026E-02 -1.4992E+00
  3.8952E-01  6.2987E-01 -7.5344E-05  1.7896E-01  1.4538E+00  6.3624E-02 -1.4215E+00
  3.9091E-01  6.3597E-01 -7.0005E-05  1.7702E-01  1.3825E+00  6.6744E-02 -1.3447E+00
  3.9231E-01  6.4208E-01 -6.4718E-05  1.7519E-01  1.3105E+00  6.8405E-02 -1.2681E+00
  3.9370E-01  6.4818E-01 -5.9561E-05  1.7346E-01  1.2379E+00  6.8581E-02 -1.1924E+00
  3.9510E-01  6.5428E-01 -5.4608E-05  1.7183E-01  1.1653E+00  6.7306E-02 -1.1182E+00
  3.9651E-01  6.6039E-01 -4.9930E-05  1.7030E-01  1.0931E+00  6.4663E-02 -1.0463E+00
  3.9792E-01  6.6649E-01 -4.5596E-05  1.6887E-01  1.0221E+00  6.0783E-02 -9.7753E-01
  3.9932E-01  6.7259E-01 -4.1667E-05  1.6753E-01  9.5330E-01  5.5852E-02 -9.1258E-01
  4.0071E-01  6.7857E-01 -3.8253E-05  1.6631E-01  8.8897E-01  5.0225E-02 -8.5340E-01
  4.0212E-01  6.8468E-01 -3.5238E-05  1.6514E-01  8.2777E-01  4.3977E-02 -7.9830E-01
  4.0351E-01  6.9066E-01 -3.2743E-05  1.6406E-01  7.7330E-01  3.7676E-02 -7.5000E-01
  4.0492E-01  6.9676E-01 -3.0643E-05  1.6303E-01  7.2430E-01  3.1409E-02 -7.0691E-01
  4.0631E-01  7.0274E-01 -2.8981E-05  1.6208E-01  6.8319E-01  2.5702E-02 -6.7078E-01
  4.0773E-01  7.0885E-01 -2.7640E-05  1.6115E-01  6.4827E-01  2.0528E-02 -6.3987E-01
  4.0912E-01  7.1483E-01 -2.6620E-05  1.6028E-01  6.2045E-01  1.6199E-02 -6.1495E-01
  4.1051E-01  7.2081E-01 -2.5841E-05  1.5944E-01  5.9815E-01  1.2613E-02 -5.9466E-01
  4.1192E-01  7.2691E-01 -2.5249E-05  1.5860E-01  5.8014E-01  9.6706E-03 -5.7801E-01
  4.1331E-01  7.3290E-01 -2.4827E-05  1.5781E-01  5.6623E-01  7.3975E-03 -5.6495E-01
  4.1470E-01  7.3888E-01 -2.4529E-05  1.5703E-01  5.5525E-01  5.6356E-03 -5.5448E-01
  4.1612E-01  7.4498E-01 -2.4328E-05  1.5625E-01  5.4638E-01  4.2720E-03 -5.4593E-01
  4.1752E-01  7.5096E-01 -2.4210E-05  1.5550E-01  5.3947E-01  3.2911E-03 -5.3919E-01
  4.1891E-01  7.5694E-01 -2.4153E-05  1.5475E-01  5.3392E-01  2.6087E-03 -5.3374E-01
  4.2033E-01  7.6305E-01 -2.4147E-05  1.5399E-01  5.2936E-01  2.1750E-03 -5.2923E-01
  4.2172E-01  7.6903E-01 -2.4181E-05  1.5326E-01  5.2573E-01  1.9605E-03 -5.2562E-01
  4.2311E-01  7.7501E-01 -2.4247E-05  1.5253E-01  5.2276E-01  1.8952E-03 -5.2266E-01
  4.2450E-01  7.8099E-01 -2.4339E-05  1.5181E-01  5.2031E-01  1.9196E-03 -5.2021E-01
  4.2592E-01  7.8709E-01 -2.4454E-05  1.5107E-01  5.1826E-01  1.9900E-03 -5.1814E-01
  4.2731E-01  7.9308E-01 -2.4585E-05  1.5035E-01  5.1658E-01  2.0754E-03 -5.1646E-01
  4.2871E-01  7.9906E-01 -2.4729E-05  1.4963E-01  5.1518E-01  2.1625E-03 -5.1505E-01
  4.3013E-01  8.0516E-01 -2.4889E-05  1.4890E-01  5.1399E-01  2.2463E-03 -5.1385E-01
  4.3152E-01  8.1114E-01 -2.5056E-05  1.4818E-01  5.1301E-01  2.3208E-03 -5.1285E-01
  4.3291E-01  8.1712E-01 -2.5231E-05  1.4747E-01  5.1219E-01  2.3874E-03 -5.1202E-01
  4.3430E-01  8.2311E-01 -2.5413E-05  1.4676E-01  5.1149E-01  2.4466E-03 -5.1131E-01
  4.3572E-01  8.2921E-01 -2.5606E-05  1.4603E-01  5.1090E-01  2.5001E-03 -5.1071E-01
  4.3712E-01  8.3519E-01 -2.5799E-05  1.4532E-01  5.1041E-01  2.5466E-03 -5.1021E-01
  4.3851E-01  8.4117E-01 -2.5998E-05  1.4461E-01  5.1001E-01  2.5877E-03 -5.0980E-01
  4.3990E-01  8.4715E-01 -2.6201E-05  1.4390E-01  5.0967E-01  2.6238E-03 -5.0945E-01
  4.4132E-01  8.5326E-01 -2.6411E-05  1.4318E-01  5.0938E-01  2.6561E-03 -5.0916E-01
  4.4271E-01  8.5924E-01 -2.6620E-05  1.4247E-01  5.0915E-01  2.6835E-03 -5.0892E-01
  4.4411E-01  8.6522E-01 -2.6831E-05  1.4176E-01  5.0896E-01  2.7069E-03 -5.0873E-01
  4.4700E-01  8.7765E-01 -2.7276E-05  1.4029E-01  5.0868E-01  2.7444E-03 -5.0844E-01
