  3.0831E-01  6.9568E-02  3.9867E-05  3.9926E-01  1.3144E+00  3.8815E-02 -9.4593E-01
  3.0970E-01  1.0472E-01  3.4893E-05  3.9748E-01  1.9581E+00  7.1698E-02 -1.6057E+00
  3.1111E-01  1.3109E-01  2.9972E-05  3.9483E-01  2.4568E+00  9.4302E-02 -2.1548E+00
  3.1252E-01  1.5306E-01  2.5347E-05  3.9147E-01  2.8428E+00  1.0820E-01 -2.5938E+00
  3.1391E-01  1.7211E-01  2.1201E-05  3.8761E-01  3.1349E+00  1.1568E-01 -2.9314E+00
  3.1530E-01  1.8920E-01  1.7475E-05  3.8336E-01  3.3541E+00  1.1844E-01 -3.1888E+00
  3.1673E-01  2.0531E-01  1.4046E-05  3.7866E-01  3.5192E+00  1.1807E-01 -3.3855E+00
  3.1813E-01  2.1996E-01  1.1041E-05  3.7383E-01  3.6331E+00  1.1561E-01 -3.5241E+00
  3.1952E-01  2.3363E-01  8.3674E-06  3.6886E-01  3.7087E+00  1.1190E-01 -3.6190E+00
  3.2094E-01  2.4681E-01  5.9294E-06  3.6368E-01  3.7546E+00  1.0736E-01 -3.6806E+00
  3.2232E-01  2.5902E-01  3.8080E-06  3.5857E-01  3.7750E+00  1.0251E-01 -3.7132E+00
  3.2371E-01  2.7074E-01  1.9012E-06  3.5340E-01  3.7762E+00  9.7441E-02 -3.7243E+00
  3.2515E-01  2.8246E-01  1.2253E-07  3.4802E-01  3.7611E+00  9.2111E-02 -3.7177E+00
  3.2653E-01  2.9320E-01 -1.3965E-06  3.4291E-01  3.7346E+00  8.7105E-02 -3.6977E+00
  3.2795E-01  3.0394E-01 -2.8116E-06  3.3765E-01  3.6974E+00  8.2084E-02 -3.6660E+00
  3.2936E-01  3.1420E-01 -4.0687E-06  3.3252E-01  3.6532E+00  7.7356E-02 -3.6263E+00
  3.3074E-01  3.2396E-01 -5.1842E-06  3.2754E-01  3.6043E+00  7.2975E-02 -3.5810E+00
  3.3215E-01  3.3373E-01 -6.2242E-06  3.2250E-01  3.5497E+00  6.8759E-02 -3.5296E+00
  3.3353E-01  3.4301E-01 -7.1464E-06  3.1765E-01  3.4936E+00  6.4941E-02 -3.4760E+00
  3.3495E-01  3.5228E-01 -8.0090E-06  3.1276E-01  3.4340E+00  6.1330E-02 -3.4185E+00
  3.3632E-01  3.6107E-01 -8.7756E-06  3.0810E-01  3.3751E+00  5.8119E-02 -3.3613E+00
  3.3772E-01  3.6986E-01 -9.4970E-06  3.0343E-01  3.3143E+00  5.5123E-02 -3.3020E+00
  3.3914E-01  3.7865E-01 -1.0178E-05  2.9874E-01  3.2522E+00  5.2351E-02 -3.2412E+00
  3.4052E-01  3.8695E-01 -1.0787E-05  2.9431E-01  3.1928E+00  4.9947E-02 -3.1829E+00
  3.4192E-01  3.9525E-01 -1.1366E-05  2.8988E-01  3.1331E+00  4.7752E-02 -3.1240E+00
  3.4334E-01  4.0355E-01 -1.1920E-05  2.8546E-01  3.0734E+00  4.5765E-02 -3.0650E+00
  3.4478E-01  4.1185E-01 -1.2449E-05  2.8106E-01  3.0139E+00  4.3983E-02 -3.0062E+00
  3.4617E-01  4.1967E-01 -1.2929E-05  2.7693E-01  2.9585E+00  4.2486E-02 -2.9512E+00
  3.4757E-01  4.2748E-01 -1.3393E-05  2.7281E-01  2.9037E+00  4.1158E-02 -2.8969E+00
  3.4890E-01  4.3480E-01 -1.3815E-05  2.6897E-01  2.8532E+00  4.0057E-02 -2.8467E+00
  3.5034E-01  4.4261E-01 -1.4253E-05  2.6489E-01  2.8002E+00  3.9025E-02 -2.7940E+00
  3.5171E-01  4.4994E-01 -1.4654E-05  2.6109E-01  2.7516E+00  3.8178E-02 -2.7456E+00
  3.5318E-01  4.5775E-01 -1.5071E-05  2.5706E-01  2.7009E+00  3.7386E-02 -2.6951E+00
  3.5458E-01  4.6508E-01 -1.5453E-05  2.5330E-01  2.6545E+00  3.6729E-02 -2.6489E+00
  3.5590E-01  4.7191E-01 -1.5801E-05  2.4982E-01  2.6122E+00  3.6172E-02 -2.6067E+00
  3.5733E-01  4.7924E-01 -1.6165E-05  2.4611E-01  2.5680E+00  3.5617E-02 -2.5625E+00
  3.5877E-01  4.8656E-01 -1.6519E-05  2.4243E-01  2.5248E+00  3.5082E-02 -2.5195E+00
  3.6014E-01  4.9340E-01 -1.6839E-05  2.3901E-01  2.4854E+00  3.4576E-02 -2.4802E+00
  3.6151E-01  5.0023E-01 -1.7147E-05  2.3562E-01  2.4468E+00  3.4034E-02 -2.4417E+00
  3.6299E-01  5.0756E-01 -1.7459E-05  2.3201E-01  2.4062E+00  3.3370E-02 -2.4012E+00
  3.6439E-01  5.1439E-01 -1.7729E-05  2.2866E-01  2.3689E+00  3.2625E-02 -2.3640E+00
  3.6580E-01  5.2123E-01 -1.7971E-05  2.2534E-01  2.3318E+00  3.1705E-02 -2.3271E+00
  3.6712E-01  5.2758E-01 -1.8165E-05  2.2229E-01  2.2974E+00  3.0643E-02 -2.2930E+00
  3.6855E-01  5.3441E-01 -1.8333E-05  2.1902E-01  2.2600E+00  2.9217E-02 -2.2559E+00
  3.6999E-01  5.4125E-01 -1.8447E-05  2.1578E-01  2.2219E+00  2.7431E-02 -2.2183E+00
  3.7134E-01  5.4759E-01 -1.8492E-05  2.1280E-01  2.1855E+00  2.5390E-02 -2.1823E+00
  3.7280E-01  5.5443E-01 -1.8457E-05  2.0962E-01  2.1446E+00  2.2745E-02 -2.1420E+00
  3.7417E-01  5.6078E-01 -1.8327E-05  2.0671E-01  2.1044E+00  1.9925E-02 -2.1024E+00
  3.7554E-01  5.6712E-01 -1.8086E-05  2.0384E-01  2.0615E+00  1.7028E-02 -2.0600E+00
  3.7692E-01  5.7347E-01 -1.7720E-05  2.0100E-01  2.0154E+00  1.4817E-02 -2.0142E+00
  3.7831E-01  5.7982E-01 -1.7220E-05  1.9822E-01  1.9656E+00  1.4750E-02 -1.9644E+00
  3.7971E-01  5.8617E-01 -1.6584E-05  1.9550E-01  1.9119E+00  1.7897E-02 -1.9101E+00
  3.8112E-01  5.9251E-01 -1.5827E-05  1.9284E-01  1.8541E+00  2.3683E-02 -1.8508E+00
  3.8253E-01  5.9886E-01 -1.4979E-05  1.9025E-01  1.7924E+00  3.0925E-02 -1.7865E+00
  3.8395E-01  6.0521E-01 -1.4085E-05  1.8775E-01  1.7274E+00  3.8708E-02 -1.7177E+00
  3.8538E-01  6.1156E-01 -1.3200E-05  1.8533E-01  1.6594E+00  4.6350E-02 -1.6448E+00
  3.8680E-01  6.1787E-01 -1.2381E-05  1.8303E-01  1.5895E+00  5.3292E-02 -1.5692E+00
  3.8813E-01  6.2373E-01 -1.1711E-05  1.8098E-01  1.5231E+00  5.8797E-02 -1.4970E+00
  3.8957E-01  6.3008E-01 -1.1105E-05  1.7886E-01  1.4497E+00  6.3484E-02 -1.4175E+00
  3.9090E-01  6.3594E-01 -1.0660E-05  1.7701E-01  1.3811E+00  6.6485E-02 -1.3435E+00
  3.9235E-01  6.4229E-01 -1.0296E-05  1.7510E-01  1.3060E+00  6.8216E-02 -1.2637E+00
  3.9380E-01  6.4860E-01 -1.0044E-05  1.7332E-01  1.2308E+00  6.8344E-02 -1.1853E+00
  3.9515E-01  6.5446E-01 -9.8929E-06  1.7176E-01  1.1611E+00  6.7071E-02 -1.1141E+00
  3.9660E-01  6.6078E-01 -9.8056E-06  1.7019E-01  1.0864E+00  6.4279E-02 -1.0399E+00
  3.9795E-01  6.6664E-01 -9.7789E-06  1.6882E-01  1.0184E+00  6.0504E-02 -9.7407E-01
  3.9930E-01  6.7250E-01 -9.7896E-06  1.6754E-01  9.5249E-01  5.5769E-02 -9.1186E-01
  4.0077E-01  6.7885E-01 -9.8270E-06  1.6625E-01  8.8448E-01  4.9810E-02 -8.4931E-01
  4.0213E-01  6.8471E-01 -9.8767E-06  1.6513E-01  8.2607E-01  4.3835E-02 -7.9673E-01
  4.0360E-01  6.9105E-01 -9.9423E-06  1.6399E-01  7.6876E-01  3.7195E-02 -7.4591E-01
  4.0496E-01  6.9691E-01 -1.0017E-05  1.6301E-01  7.2226E-01  3.1234E-02 -7.0501E-01
  4.0632E-01  7.0277E-01 -1.0111E-05  1.6207E-01  6.8229E-01  2.5682E-02 -6.6987E-01
  4.0779E-01  7.0912E-01 -1.0241E-05  1.6111E-01  6.4631E-01  2.0339E-02 -6.3804E-01
  4.0915E-01  7.1498E-01 -1.0393E-05  1.6025E-01  6.1937E-01  1.6128E-02 -6.1390E-01
  4.1051E-01  7.2084E-01 -1.0576E-05  1.5943E-01  5.9767E-01  1.2623E-02 -5.9417E-01
  4.1199E-01  7.2719E-01 -1.0808E-05  1.5857E-01  5.7910E-01  9.5690E-03 -5.7701E-01
  4.1335E-01  7.3305E-01 -1.1050E-05  1.5779E-01  5.6563E-01  7.3512E-03 -5.6436E-01
  4.1471E-01  7.3891E-01 -1.1315E-05  1.5703E-01  5.5493E-01  5.6229E-03 -5.5417E-01
  4.1619E-01  7.4525E-01 -1.1623E-05  1.5622E-01  5.4578E-01  4.2056E-03 -5.4534E-01
  4.1755E-01  7.5111E-01 -1.1923E-05  1.5548E-01  5.3908E-01  3.2513E-03 -5.3881E-01
  4.1891E-01  7.5697E-01 -1.2234E-05  1.5475E-01  5.3368E-01  2.5850E-03 -5.3351E-01
  4.2039E-01  7.6332E-01 -1.2582E-05  1.5396E-01  5.2897E-01  2.1423E-03 -5.2885E-01
  4.2175E-01  7.6918E-01 -1.2911E-05  1.5325E-01  5.2545E-01  1.9446E-03 -5.2535E-01
  4.2312E-01  7.7504E-01 -1.3246E-05  1.5253E-01  5.2256E-01  1.8896E-03 -5.2246E-01
  4.2459E-01  7.8139E-01 -1.3613E-05  1.5176E-01  5.1999E-01  1.9253E-03 -5.1989E-01
  4.2596E-01  7.8725E-01 -1.3957E-05  1.5105E-01  5.1804E-01  2.0001E-03 -5.1792E-01
  4.2732E-01  7.9311E-01 -1.4304E-05  1.5035E-01  5.1640E-01  2.0885E-03 -5.1628E-01
  4.2880E-01  7.9945E-01 -1.4682E-05  1.4959E-01  5.1493E-01  2.1847E-03 -5.1480E-01
  4.3016E-01  8.0531E-01 -1.5034E-05  1.4889E-01  5.1380E-01  2.2676E-03 -5.1365E-01
  4.3153E-01  8.1117E-01 -1.5388E-05  1.4819E-01  5.1285E-01  2.3427E-03 -5.1269E-01
  4.3300E-01  8.1750E-01 -1.5771E-05  1.4743E-01  5.1198E-01  2.4148E-03 -5.1181E-01
  4.3436E-01  8.2336E-01 -1.6128E-05  1.4673E-01  5.1131E-01  2.4737E-03 -5.1113E-01
  4.3573E-01  8.2922E-01 -1.6485E-05  1.4604E-01  5.1074E-01  2.5262E-03 -5.1055E-01
  4.3720E-01  8.3555E-01 -1.6872E-05  1.4529E-01  5.1023E-01  2.5762E-03 -5.1003E-01
  4.3856E-01  8.4141E-01 -1.7232E-05  1.4459E-01  5.0984E-01  2.6171E-03 -5.0963E-01
  4.3993E-01  8.4727E-01 -1.7591E-05  1.4390E-01  5.0951E-01  2.6533E-03 -5.0929E-01
  4.4140E-01  8.5359E-01 -1.7980E-05  1.4315E-01  5.0922E-01  2.6872E-03 -5.0899E-01
  4.4276E-01  8.5945E-01 -1.8341E-05  1.4245E-01  5.0900E-01  2.7143E-03 -5.0876E-01
  4.4413E-01  8.6531E-01 -1.8702E-05  1.4176E-01  5.0882E-01  2.7375E-03 -5.0857E-01
  4.4700E-01  8.7765E-01 -1.9462E-05  1.4030E-01  5.0854E-01  2.7755E-03 -5.0829E-01
