  3.0833E-01  7.6169E-02  5.9048E-05  3.9948E-01  7.6772E-01  6.7942E-03 -7.5372E-01
  3.0973E-01  1.0937E-01  6.0068E-05  3.9789E-01  1.5238E+00  1.2730E-02 -1.5118E+00
  3.1113E-01  1.3476E-01  6.1054E-05  3.9532E-01  2.1310E+00  1.6604E-02 -2.1214E+00
  3.1255E-01  1.5625E-01  6.1922E-05  3.9196E-01  2.6211E+00  1.8777E-02 -2.6136E+00
  3.1393E-01  1.7480E-01  6.2597E-05  3.8808E-01  2.9902E+00  2.0043E-02 -2.9842E+00
  3.1538E-01  1.9238E-01  6.3116E-05  3.8352E-01  3.2792E+00  2.0281E-02 -3.2745E+00
  3.1679E-01  2.0800E-01  6.3430E-05  3.7876E-01  3.4816E+00  2.0030E-02 -3.4779E+00
  3.1811E-01  2.2168E-01  6.3571E-05  3.7408E-01  3.6154E+00  1.9521E-02 -3.6123E+00
  3.1951E-01  2.3535E-01  6.3575E-05  3.6895E-01  3.7114E+00  1.8805E-02 -3.7089E+00
  3.2099E-01  2.4902E-01  6.3438E-05  3.6339E-01  3.7728E+00  1.7961E-02 -3.7708E+00
  3.2233E-01  2.6074E-01  6.3206E-05  3.5833E-01  3.8003E+00  1.7140E-02 -3.7986E+00
  3.2373E-01  2.7246E-01  6.2870E-05  3.5302E-01  3.8069E+00  1.6247E-02 -3.8055E+00
  3.2518E-01  2.8418E-01  6.2431E-05  3.4748E-01  3.7946E+00  1.5313E-02 -3.7934E+00
  3.2657E-01  2.9492E-01  6.1941E-05  3.4224E-01  3.7686E+00  1.4436E-02 -3.7676E+00
  3.2800E-01  3.0562E-01  6.1374E-05  3.3688E-01  3.7306E+00  1.3573E-02 -3.7298E+00
  3.2935E-01  3.1539E-01  6.0792E-05  3.3189E-01  3.6868E+00  1.2805E-02 -3.6861E+00
  3.3073E-01  3.2516E-01  6.0152E-05  3.2682E-01  3.6358E+00  1.2071E-02 -3.6352E+00
  3.3215E-01  3.3492E-01  5.9461E-05  3.2168E-01  3.5787E+00  1.1369E-02 -3.5781E+00
  3.3360E-01  3.4458E-01  5.8730E-05  3.1655E-01  3.5173E+00  1.0711E-02 -3.5168E+00
  3.3495E-01  3.5337E-01  5.8028E-05  3.1185E-01  3.4581E+00  1.0146E-02 -3.4577E+00
  3.3632E-01  3.6216E-01  5.7295E-05  3.0714E-01  3.3964E+00  9.6141E-03 -3.3960E+00
  3.3773E-01  3.7095E-01  5.6535E-05  3.0241E-01  3.3328E+00  9.1202E-03 -3.3325E+00
  3.3916E-01  3.7974E-01  5.5750E-05  2.9767E-01  3.2679E+00  8.6672E-03 -3.2676E+00
  3.4060E-01  3.8838E-01  5.4958E-05  2.9303E-01  3.2034E+00  8.2620E-03 -3.2031E+00
  3.4192E-01  3.9619E-01  5.4228E-05  2.8883E-01  3.1448E+00  7.9314E-03 -3.1445E+00
  3.4340E-01  4.0477E-01  5.3412E-05  2.8423E-01  3.0806E+00  7.6056E-03 -3.0803E+00
  3.4477E-01  4.1259E-01  5.2660E-05  2.8006E-01  3.0225E+00  7.3419E-03 -3.0223E+00
  3.4615E-01  4.2040E-01  5.1901E-05  2.7591E-01  2.9652E+00  7.1089E-03 -2.9650E+00
  3.4756E-01  4.2821E-01  5.1137E-05  2.7177E-01  2.9087E+00  6.9033E-03 -2.9085E+00
  3.4899E-01  4.3602E-01  5.0369E-05  2.6766E-01  2.8532E+00  6.7232E-03 -2.8530E+00
  3.5040E-01  4.4366E-01  4.9616E-05  2.6367E-01  2.8002E+00  6.5698E-03 -2.8000E+00
  3.5180E-01  4.5113E-01  4.8879E-05  2.5978E-01  2.7494E+00  6.4396E-03 -2.7493E+00
  3.5320E-01  4.5852E-01  4.8151E-05  2.5597E-01  2.7006E+00  6.3298E-03 -2.7004E+00
  3.5451E-01  4.6536E-01  4.7479E-05  2.5246E-01  2.6565E+00  6.2440E-03 -2.6563E+00
  3.5600E-01  4.7305E-01  4.6725E-05  2.4854E-01  2.6083E+00  6.1634E-03 -2.6081E+00
  3.5734E-01  4.7989E-01  4.6058E-05  2.4508E-01  2.5667E+00  6.1023E-03 -2.5665E+00
  3.5880E-01  4.8728E-01  4.5339E-05  2.4136E-01  2.5230E+00  6.0404E-03 -2.5229E+00
  3.6016E-01  4.9412E-01  4.4678E-05  2.3794E-01  2.4839E+00  5.9813E-03 -2.4837E+00
  3.6154E-01  5.0095E-01  4.4020E-05  2.3455E-01  2.4457E+00  5.9156E-03 -2.4456E+00
  3.6293E-01  5.0779E-01  4.3365E-05  2.3118E-01  2.4085E+00  5.8412E-03 -2.4084E+00
  3.6433E-01  5.1462E-01  4.2713E-05  2.2783E-01  2.3722E+00  5.7571E-03 -2.3720E+00
  3.6574E-01  5.2146E-01  4.2062E-05  2.2450E-01  2.3366E+00  5.6618E-03 -2.3364E+00
  3.6717E-01  5.2830E-01  4.1414E-05  2.2120E-01  2.3016E+00  5.5478E-03 -2.3014E+00
  3.6860E-01  5.3513E-01  4.0766E-05  2.1793E-01  2.2670E+00  5.4015E-03 -2.2669E+00
  3.7000E-01  5.4176E-01  4.0137E-05  2.1478E-01  2.2336E+00  5.2102E-03 -2.2335E+00
  3.7140E-01  5.4834E-01  3.9510E-05  2.1167E-01  2.2002E+00  4.9561E-03 -2.2001E+00
  3.7280E-01  5.5487E-01  3.8882E-05  2.0861E-01  2.1663E+00  4.6265E-03 -2.1662E+00
  3.7420E-01  5.6136E-01  3.8250E-05  2.0561E-01  2.1315E+00  4.2126E-03 -2.1314E+00
  3.7560E-01  5.6781E-01  3.7611E-05  2.0265E-01  2.0951E+00  3.7121E-03 -2.0950E+00
  3.7700E-01  5.7422E-01  3.6961E-05  1.9974E-01  2.0566E+00  3.1317E-03 -2.0565E+00
  3.7840E-01  5.8059E-01  3.6294E-05  1.9689E-01  2.0152E+00  2.5052E-03 -2.0152E+00
  3.7980E-01  5.8693E-01  3.5606E-05  1.9410E-01  1.9700E+00  2.0028E-03 -1.9700E+00
  3.8110E-01  5.9279E-01  3.4940E-05  1.9156E-01  1.9235E+00  2.0775E-03 -1.9235E+00
  3.8260E-01  5.9951E-01  3.4136E-05  1.8872E-01  1.8633E+00  3.1459E-03 -1.8632E+00
  3.8391E-01  6.0537E-01  3.3389E-05  1.8631E-01  1.8033E+00  4.6688E-03 -1.8031E+00
  3.8540E-01  6.1196E-01  3.2493E-05  1.8369E-01  1.7263E+00  6.7463E-03 -1.7260E+00
  3.8673E-01  6.1782E-01  3.1644E-05  1.8145E-01  1.6488E+00  8.7640E-03 -1.6482E+00
  3.8820E-01  6.2431E-01  3.0646E-05  1.7909E-01  1.5528E+00  1.1021E-02 -1.5519E+00
  3.8954E-01  6.3017E-01  2.9700E-05  1.7708E-01  1.4578E+00  1.2856E-02 -1.4565E+00
  3.9100E-01  6.3657E-01  2.8633E-05  1.7503E-01  1.3471E+00  1.4362E-02 -1.3453E+00
  3.9234E-01  6.4243E-01  2.7643E-05  1.7329E-01  1.2427E+00  1.5057E-02 -1.2405E+00
  3.9380E-01  6.4876E-01  2.6587E-05  1.7157E-01  1.1311E+00  1.4971E-02 -1.1288E+00
  3.9515E-01  6.5462E-01  2.5650E-05  1.7011E-01  1.0332E+00  1.4160E-02 -1.0309E+00
  3.9650E-01  6.6048E-01  2.4771E-05  1.6877E-01  9.4381E-01  1.2814E-02 -9.4172E-01
  3.9800E-01  6.6695E-01  2.3888E-05  1.6743E-01  8.5756E-01  1.0964E-02 -8.5586E-01
  3.9936E-01  6.7281E-01  2.3175E-05  1.6632E-01  7.9173E-01  9.2113E-03 -7.9042E-01
  4.0071E-01  6.7867E-01  2.2544E-05  1.6528E-01  7.3722E-01  7.5621E-03 -7.3626E-01
  4.0220E-01  6.8508E-01  2.1939E-05  1.6422E-01  6.8924E-01  6.0007E-03 -6.8859E-01
  4.0356E-01  6.9094E-01  2.1454E-05  1.6331E-01  6.5440E-01  4.8359E-03 -6.5395E-01
  4.0492E-01  6.9680E-01  2.1023E-05  1.6244E-01  6.2660E-01  3.9196E-03 -6.2629E-01
  4.0640E-01  7.0317E-01  2.0603E-05  1.6153E-01  6.0277E-01  3.1753E-03 -6.0255E-01
  4.0776E-01  7.0903E-01  2.0252E-05  1.6072E-01  5.8545E-01  2.6835E-03 -5.8530E-01
  4.0912E-01  7.1488E-01  1.9928E-05  1.5994E-01  5.7159E-01  2.3392E-03 -5.7147E-01
  4.1060E-01  7.2124E-01  1.9601E-05  1.5910E-01  5.5961E-01  2.0919E-03 -5.5951E-01
  4.1196E-01  7.2710E-01  1.9316E-05  1.5835E-01  5.5076E-01  1.9471E-03 -5.5067E-01
  4.1333E-01  7.3296E-01  1.9044E-05  1.5760E-01  5.4356E-01  1.8576E-03 -5.4348E-01
  4.1480E-01  7.3930E-01  1.8761E-05  1.5680E-01  5.3725E-01  1.8010E-03 -5.3716E-01
  4.1616E-01  7.4516E-01  1.8508E-05  1.5608E-01  5.3249E-01  1.7722E-03 -5.3241E-01
  4.1753E-01  7.5102E-01  1.8262E-05  1.5535E-01  5.2858E-01  1.7573E-03 -5.2850E-01
  4.1900E-01  7.5735E-01  1.8001E-05  1.5458E-01  5.2509E-01  1.7504E-03 -5.2501E-01
  4.2036E-01  7.6321E-01  1.7765E-05  1.5386E-01  5.2242E-01  1.7488E-03 -5.2234E-01
  4.2173E-01  7.6907E-01  1.7532E-05  1.5315E-01  5.2019E-01  1.7498E-03 -5.2010E-01
  4.2320E-01  7.7540E-01  1.7283E-05  1.5239E-01  5.1817E-01  1.7523E-03 -5.1809E-01
  4.2456E-01  7.8126E-01  1.7055E-05  1.5168E-01  5.1661E-01  1.7552E-03 -5.1652E-01
  4.2593E-01  7.8712E-01  1.6829E-05  1.5098E-01  5.1528E-01  1.7582E-03 -5.1519E-01
  4.2740E-01  7.9345E-01  1.6586E-05  1.5022E-01  5.1406E-01  1.7613E-03 -5.1397E-01
  4.2876E-01  7.9931E-01  1.6363E-05  1.4952E-01  5.1310E-01  1.7641E-03 -5.1302E-01
  4.3013E-01  8.0517E-01  1.6141E-05  1.4882E-01  5.1228E-01  1.7665E-03 -5.1219E-01
  4.3160E-01  8.1149E-01  1.5902E-05  1.4807E-01  5.1153E-01  1.7690E-03 -5.1144E-01
  4.3296E-01  8.1735E-01  1.5682E-05  1.4737E-01  5.1093E-01  1.7710E-03 -5.1084E-01
  4.3433E-01  8.2321E-01  1.5462E-05  1.4667E-01  5.1042E-01  1.7728E-03 -5.1032E-01
  4.3580E-01  8.2954E-01  1.5226E-05  1.4592E-01  5.0995E-01  1.7746E-03 -5.0985E-01
  4.3716E-01  8.3540E-01  1.5007E-05  1.4523E-01  5.0958E-01  1.7761E-03 -5.0948E-01
  4.3853E-01  8.4126E-01  1.4789E-05  1.4453E-01  5.0927E-01  1.7775E-03 -5.0917E-01
  4.4000E-01  8.4758E-01  1.4554E-05  1.4378E-01  5.0900E-01  1.7789E-03 -5.0890E-01
  4.4136E-01  8.5344E-01  1.4337E-05  1.4309E-01  5.0879E-01  1.7801E-03 -5.0869E-01
  4.4273E-01  8.5930E-01  1.4120E-05  1.4240E-01  5.0863E-01  1.7812E-03 -5.0853E-01
  4.4420E-01  8.6562E-01  1.3886E-05  1.4165E-01  5.0851E-01  1.7824E-03 -5.0841E-01
  4.4700E-01  8.7765E-01  1.3442E-05  1.4022E-01  5.0840E-01  1.7843E-03 -5.0829E-01
