  3.0830E-01  7.5437E-02  5.9032E-05  3.9950E-01  7.5356E-01  6.6657E-03 -7.3956E-01
  3.0971E-01  1.0888E-01  6.0050E-05  3.9792E-01  1.5120E+00  1.2661E-02 -1.5000E+00
  3.1110E-01  1.3427E-01  6.1034E-05  3.9539E-01  2.1193E+00  1.6529E-02 -2.1096E+00
  3.1251E-01  1.5576E-01  6.1903E-05  3.9205E-01  2.6107E+00  1.8738E-02 -2.6032E+00
  3.1391E-01  1.7456E-01  6.2590E-05  3.8814E-01  2.9857E+00  2.0035E-02 -2.9797E+00
  3.1532E-01  1.9165E-01  6.3098E-05  3.8373E-01  3.2684E+00  2.0276E-02 -3.2637E+00
  3.1672E-01  2.0727E-01  6.3420E-05  3.7900E-01  3.4733E+00  2.0054E-02 -3.4696E+00
  3.1811E-01  2.2168E-01  6.3571E-05  3.7408E-01  3.6154E+00  1.9521E-02 -3.6123E+00
  3.1951E-01  2.3535E-01  6.3576E-05  3.6895E-01  3.7114E+00  1.8805E-02 -3.7089E+00
  3.2091E-01  2.4829E-01  6.3450E-05  3.6370E-01  3.7703E+00  1.8010E-02 -3.7683E+00
  3.2230E-01  2.6050E-01  6.3213E-05  3.5844E-01  3.7999E+00  1.7157E-02 -3.7983E+00
  3.2373E-01  2.7246E-01  6.2871E-05  3.5302E-01  3.8069E+00  1.6247E-02 -3.8055E+00
  3.2512E-01  2.8369E-01  6.2452E-05  3.4772E-01  3.7954E+00  1.5352E-02 -3.7943E+00
  3.2651E-01  2.9443E-01  6.1966E-05  3.4248E-01  3.7701E+00  1.4476E-02 -3.7691E+00
  3.2791E-01  3.0493E-01  6.1414E-05  3.3723E-01  3.7334E+00  1.3629E-02 -3.7326E+00
  3.2932E-01  3.1518E-01  6.0806E-05  3.3199E-01  3.6879E+00  1.2821E-02 -3.6871E+00
  3.3070E-01  3.2495E-01  6.0168E-05  3.2693E-01  3.6369E+00  1.2086E-02 -3.6363E+00
  3.3212E-01  3.3471E-01  5.9478E-05  3.2179E-01  3.5800E+00  1.1384E-02 -3.5794E+00
  3.3351E-01  3.4399E-01  5.8778E-05  3.1687E-01  3.5212E+00  1.0750E-02 -3.5207E+00
  3.3493E-01  3.5327E-01  5.8039E-05  3.1191E-01  3.4588E+00  1.0152E-02 -3.4584E+00
  3.3631E-01  3.6206E-01  5.7306E-05  3.0719E-01  3.3971E+00  9.6202E-03 -3.3968E+00
  3.3771E-01  3.7085E-01  5.6546E-05  3.0246E-01  3.3336E+00  9.1258E-03 -3.3332E+00
  3.3911E-01  3.7939E-01  5.5783E-05  2.9786E-01  3.2705E+00  8.6844E-03 -3.2702E+00
  3.4053E-01  3.8794E-01  5.5001E-05  2.9326E-01  3.2067E+00  8.2816E-03 -3.2064E+00
  3.4193E-01  3.9624E-01  5.4225E-05  2.8880E-01  3.1444E+00  7.9294E-03 -3.1442E+00
  3.4332E-01  4.0429E-01  5.3460E-05  2.8448E-01  3.0841E+00  7.6227E-03 -3.0839E+00
  3.4473E-01  4.1235E-01  5.2685E-05  2.8018E-01  3.0243E+00  7.3494E-03 -3.0240E+00
  3.4611E-01  4.2016E-01  5.1926E-05  2.7603E-01  2.9669E+00  7.1154E-03 -2.9667E+00
  3.4752E-01  4.2798E-01  5.1162E-05  2.7190E-01  2.9104E+00  6.9090E-03 -2.9102E+00
  3.4894E-01  4.3579E-01  5.0394E-05  2.6779E-01  2.8549E+00  6.7283E-03 -2.8547E+00
  3.5034E-01  4.4336E-01  4.9649E-05  2.6383E-01  2.8023E+00  6.5755E-03 -2.8021E+00
  3.5171E-01  4.5068E-01  4.8926E-05  2.6002E-01  2.7525E+00  6.4469E-03 -2.7523E+00
  3.5310E-01  4.5801E-01  4.8205E-05  2.5623E-01  2.7039E+00  6.3368E-03 -2.7038E+00
  3.5450E-01  4.6533E-01  4.7484E-05  2.5247E-01  2.6566E+00  6.2443E-03 -2.6565E+00
  3.5592E-01  4.7265E-01  4.6766E-05  2.4874E-01  2.6107E+00  6.1672E-03 -2.6105E+00
  3.5731E-01  4.7973E-01  4.6075E-05  2.4515E-01  2.5676E+00  6.1036E-03 -2.5674E+00
  3.5871E-01  4.8681E-01  4.5387E-05  2.4159E-01  2.5257E+00  6.0443E-03 -2.5256E+00
  3.6012E-01  4.9389E-01  4.4702E-05  2.3805E-01  2.4851E+00  5.9833E-03 -2.4849E+00
  3.6155E-01  5.0097E-01  4.4021E-05  2.3454E-01  2.4456E+00  5.9153E-03 -2.4454E+00
  3.6293E-01  5.0781E-01  4.3366E-05  2.3116E-01  2.4084E+00  5.8409E-03 -2.4083E+00
  3.6433E-01  5.1465E-01  4.2714E-05  2.2782E-01  2.3721E+00  5.7568E-03 -2.3719E+00
  3.6575E-01  5.2148E-01  4.2063E-05  2.2449E-01  2.3365E+00  5.6615E-03 -2.3363E+00
  3.6712E-01  5.2807E-01  4.1438E-05  2.2131E-01  2.3027E+00  5.5519E-03 -2.3026E+00
  3.6850E-01  5.3467E-01  4.0813E-05  2.1815E-01  2.2693E+00  5.4128E-03 -2.2692E+00
  3.6995E-01  5.4150E-01  4.0164E-05  2.1490E-01  2.2349E+00  5.2186E-03 -2.2348E+00
  3.7135E-01  5.4809E-01  3.9536E-05  2.1178E-01  2.2014E+00  4.9667E-03 -2.2013E+00
  3.7271E-01  5.5444E-01  3.8926E-05  2.0881E-01  2.1686E+00  4.6506E-03 -2.1685E+00
  3.7413E-01  5.6103E-01  3.8285E-05  2.0576E-01  2.1333E+00  4.2355E-03 -2.1332E+00
  3.7551E-01  5.6738E-01  3.7657E-05  2.0284E-01  2.0976E+00  3.7480E-03 -2.0975E+00
  3.7695E-01  5.7397E-01  3.6989E-05  1.9985E-01  2.0581E+00  3.1554E-03 -2.0581E+00
  3.7834E-01  5.8032E-01  3.6326E-05  1.9701E-01  2.0170E+00  2.5317E-03 -2.0170E+00
  3.7974E-01  5.8667E-01  3.5638E-05  1.9421E-01  1.9720E+00  2.0158E-03 -1.9719E+00
  3.8115E-01  5.9302E-01  3.4918E-05  1.9147E-01  1.9217E+00  2.0970E-03 -1.9216E+00
  3.8251E-01  5.9912E-01  3.4187E-05  1.8889E-01  1.8670E+00  3.0607E-03 -1.8669E+00
  3.8394E-01  6.0547E-01  3.3380E-05  1.8627E-01  1.8022E+00  4.6980E-03 -1.8021E+00
  3.8531E-01  6.1157E-01  3.2552E-05  1.8384E-01  1.7311E+00  6.6156E-03 -1.7309E+00
  3.8675E-01  6.1792E-01  3.1633E-05  1.8142E-01  1.6474E+00  8.7980E-03 -1.6469E+00
  3.8813E-01  6.2402E-01  3.0696E-05  1.7919E-01  1.5573E+00  1.0924E-02 -1.5564E+00
  3.8953E-01  6.3013E-01  2.9711E-05  1.7710E-01  1.4585E+00  1.2843E-02 -1.4572E+00
  3.9092E-01  6.3623E-01  2.8694E-05  1.7513E-01  1.3531E+00  1.4300E-02 -1.3514E+00
  3.9232E-01  6.4233E-01  2.7663E-05  1.7332E-01  1.2444E+00  1.5052E-02 -1.2423E+00
  3.9373E-01  6.4844E-01  2.6644E-05  1.7165E-01  1.1367E+00  1.4997E-02 -1.1344E+00
  3.9513E-01  6.5454E-01  2.5666E-05  1.7013E-01  1.0345E+00  1.4175E-02 -1.0322E+00
  3.9654E-01  6.6064E-01  2.4751E-05  1.6874E-01  9.4145E-01  1.2770E-02 -9.3937E-01
  3.9795E-01  6.6675E-01  2.3918E-05  1.6747E-01  8.6007E-01  1.1026E-02 -8.5836E-01
  3.9931E-01  6.7261E-01  2.3202E-05  1.6635E-01  7.9384E-01  9.2718E-03 -7.9252E-01
  4.0072E-01  6.7871E-01  2.2543E-05  1.6527E-01  7.3689E-01  7.5518E-03 -7.3594E-01
  4.0214E-01  6.8481E-01  2.1966E-05  1.6427E-01  6.9100E-01  6.0592E-03 -6.9034E-01
  4.0356E-01  6.9092E-01  2.1459E-05  1.6331E-01  6.5450E-01  4.8395E-03 -6.5405E-01
  4.0492E-01  6.9678E-01  2.1028E-05  1.6244E-01  6.2669E-01  3.9223E-03 -6.2638E-01
  4.0633E-01  7.0288E-01  2.0624E-05  1.6157E-01  6.0372E-01  3.2039E-03 -6.0350E-01
  4.0775E-01  7.0898E-01  2.0258E-05  1.6073E-01  5.8557E-01  2.6866E-03 -5.8541E-01
  4.0911E-01  7.1484E-01  1.9933E-05  1.5994E-01  5.7168E-01  2.3413E-03 -5.7156E-01
  4.1053E-01  7.2095E-01  1.9618E-05  1.5914E-01  5.6010E-01  2.1011E-03 -5.6000E-01
  4.1195E-01  7.2705E-01  1.9321E-05  1.5835E-01  5.5082E-01  1.9482E-03 -5.5073E-01
  4.1331E-01  7.3291E-01  1.9048E-05  1.5761E-01  5.4361E-01  1.8582E-03 -5.4353E-01
  4.1473E-01  7.3901E-01  1.8776E-05  1.5684E-01  5.3750E-01  1.8030E-03 -5.3742E-01
  4.1615E-01  7.4512E-01  1.8512E-05  1.5608E-01  5.3252E-01  1.7724E-03 -5.3244E-01
  4.1752E-01  7.5097E-01  1.8266E-05  1.5536E-01  5.2860E-01  1.7575E-03 -5.2852E-01
  4.1894E-01  7.5708E-01  1.8014E-05  1.5461E-01  5.2522E-01  1.7506E-03 -5.2514E-01
  4.2030E-01  7.6294E-01  1.7777E-05  1.5390E-01  5.2253E-01  1.7489E-03 -5.2245E-01
  4.2172E-01  7.6904E-01  1.7534E-05  1.5315E-01  5.2020E-01  1.7499E-03 -5.2011E-01
  4.2314E-01  7.7514E-01  1.7294E-05  1.5242E-01  5.1825E-01  1.7523E-03 -5.1816E-01
  4.2450E-01  7.8100E-01  1.7066E-05  1.5171E-01  5.1667E-01  1.7552E-03 -5.1658E-01
  4.2592E-01  7.8711E-01  1.6830E-05  1.5098E-01  5.1528E-01  1.7583E-03 -5.1519E-01
  4.2735E-01  7.9321E-01  1.6596E-05  1.5025E-01  5.1410E-01  1.7613E-03 -5.1402E-01
  4.2871E-01  7.9907E-01  1.6373E-05  1.4955E-01  5.1314E-01  1.7641E-03 -5.1305E-01
  4.3013E-01  8.0517E-01  1.6141E-05  1.4882E-01  5.1228E-01  1.7666E-03 -5.1219E-01
  4.3155E-01  8.1128E-01  1.5911E-05  1.4809E-01  5.1155E-01  1.7690E-03 -5.1146E-01
  4.3291E-01  8.1714E-01  1.5690E-05  1.4740E-01  5.1095E-01  1.7710E-03 -5.1086E-01
  4.3433E-01  8.2324E-01  1.5461E-05  1.4667E-01  5.1041E-01  1.7729E-03 -5.1032E-01
  4.3576E-01  8.2934E-01  1.5233E-05  1.4595E-01  5.0996E-01  1.7746E-03 -5.0986E-01
  4.3712E-01  8.3520E-01  1.5014E-05  1.4525E-01  5.0959E-01  1.7762E-03 -5.0949E-01
  4.3854E-01  8.4131E-01  1.4787E-05  1.4453E-01  5.0927E-01  1.7776E-03 -5.0917E-01
  4.3990E-01  8.4717E-01  1.4569E-05  1.4383E-01  5.0901E-01  1.7789E-03 -5.0891E-01
  4.4132E-01  8.5327E-01  1.4342E-05  1.4311E-01  5.0880E-01  1.7801E-03 -5.0870E-01
  4.4275E-01  8.5937E-01  1.4116E-05  1.4239E-01  5.0863E-01  1.7813E-03 -5.0853E-01
  4.4411E-01  8.6523E-01  1.3899E-05  1.4169E-01  5.0851E-01  1.7824E-03 -5.0841E-01
  4.4700E-01  8.7765E-01  1.3441E-05  1.4022E-01  5.0840E-01  1.7844E-03 -5.0829E-01
