x y z c
0.185  0.02  1.424482623115801e-18  1  1  1  1  1  1  1  1  1  1  1  1  1  1  1  1  1
0.185  0.01859576602124861  0.007361894191237456  1  1  1  1  1  1  1  1  1  1  1  1  1  1  1  1  1
0.185  0.01414213562373096  0.01414213562373096  1  1  1  1  1  1  1  1  1  1  1  1  1  1  1  1  1
0.185  0.007361894191237468  0.01859576602124861  1  1  1  1  1  1  1  1  1  1  1  1  1  1  1  1  1
0.185  1.409990023123409e-17  0.02000000000000001  1  1  1  1  1  1  1  1  1  1  1  1  1  1  1  1  1
0.185  -0.007361894191237442  0.01859576602124862  1  1  1  1  1  1  1  1  1  1  1  1  1  1  1  1  1
0.185  -0.01414213562373094  0.01414213562373097  1  1  1  1  1  1  1  1  1  1  1  1  1  1  1  1  1
0.185  -0.0185957660212486  0.007361894191237479  1  1  1  1  1  1  1  1  1  1  1  1  1  1  1  1  1
0.185  -0.02  2.665252992249446e-17  1  1  1  1  1  1  1  1  1  1  1  1  1  1  1  1  1
0.185  -0.01859576602124861  -0.00736189419123743  1  1  1  1  1  1  1  1  1  1  1  1  1  1  1  1  1
0.185  -0.01414213562373096  -0.01414213562373093  1  1  1  1  1  1  1  1  1  1  1  1  1  1  1  1  1
0.185  -0.00736189419123747  -0.01859576602124859  1  1  1  1  1  1  1  1  1  1  1  1  1  1  1  1  1
0.185  -1.654919382952879e-17  -0.01999999999999999  1  1  1  1  1  1  1  1  1  1  1  1  1  1  1  1  1
0.185  0.007361894191237441  -0.0185957660212486  1  1  1  1  1  1  1  1  1  1  1  1  1  1  1  1  1
0.185  0.01414213562373094  -0.01414213562373095  1  1  1  1  1  1  1  1  1  1  1  1  1  1  1  1  1
0.185  0.0185957660212486  -0.007361894191237458  1  1  1  1  1  1  1  1  1  1  1  1  1  1  1  1  1
0.185  0.02  -6.44585773656313e-18  1  1  1  1  1  1  1  1  1  1  1  1  1  1  1  1  1

0.185  0.020625  1.531331873944072e-18  1  1  1  1  1  1  1  1  1  1  1  1  1  1  1  1  1
0.185  0.01917688370941263  0.007591953384713627  1  1  1  1  1  1  1  1  1  1  1  1  1  1  1  1  1
0.185  0.01458407736197255  0.01458407736197255  1  1  1  1  1  1  1  1  1  1  1  1  1  1  1  1  1
0.185  0.007591953384713638  0.01917688370941263  1  1  1  1  1  1  1  1  1  1  1  1  1  1  1  1  1
0.185  1.412418847922572e-17  0.02062500000000001  1  1  1  1  1  1  1  1  1  1  1  1  1  1  1  1  1
0.185  -0.007591953384713611  0.01917688370941264  1  1  1  1  1  1  1  1  1  1  1  1  1  1  1  1  1
0.185  -0.01458407736197253  0.01458407736197257  1  1  1  1  1  1  1  1  1  1  1  1  1  1  1  1  1
0.185  -0.01917688370941262  0.007591953384713649  1  1  1  1  1  1  1  1  1  1  1  1  1  1  1  1  1
0.185  -0.020625  2.671508838295944e-17  1  1  1  1  1  1  1  1  1  1  1  1  1  1  1  1  1
0.185  -0.01917688370941263  -0.007591953384713601  1  1  1  1  1  1  1  1  1  1  1  1  1  1  1  1  1
0.185  -0.01458407736197255  -0.01458407736197252  1  1  1  1  1  1  1  1  1  1  1  1  1  1  1  1  1
0.185  -0.00759195338471364  -0.01917688370941261  1  1  1  1  1  1  1  1  1  1  1  1  1  1  1  1  1
0.185  -1.665002250246713e-17  -0.02062499999999999  1  1  1  1  1  1  1  1  1  1  1  1  1  1  1  1  1
0.185  0.007591953384713609  -0.01917688370941262  1  1  1  1  1  1  1  1  1  1  1  1  1  1  1  1  1
0.185  0.01458407736197253  -0.01458407736197254  1  1  1  1  1  1  1  1  1  1  1  1  1  1  1  1  1
0.185  0.01917688370941262  -0.007591953384713628  1  1  1  1  1  1  1  1  1  1  1  1  1  1  1  1  1
0.185  0.020625  -6.584956621974825e-18  1  1  1  1  1  1  1  1  1  1  1  1  1  1  1  1  1

0.185  0.02125  1.638181124772343e-18  1  1  1  1  1  1  1  1  1  1  1  1  1  1  1  1  1
0.185  0.01975800139757665  0.007822012578189798  1  1  1  1  1  1  1  1  1  1  1  1  1  1  1  1  1
0.185  0.01502601910021415  0.01502601910021414  1  1  1  1  1  1  1  1  1  1  1  1  1  1  1  1  1
0.185  0.007822012578189808  0.01975800139757665  1  1  1  1  1  1  1  1  1  1  1  1  1  1  1  1  1
0.185  1.414847672721735e-17  0.02125000000000001  1  1  1  1  1  1  1  1  1  1  1  1  1  1  1  1  1
0.185  -0.007822012578189784  0.01975800139757666  1  1  1  1  1  1  1  1  1  1  1  1  1  1  1  1  1
0.185  -0.01502601910021413  0.01502601910021415  1  1  1  1  1  1  1  1  1  1  1  1  1  1  1  1  1
0.185  -0.01975800139757664  0.00782201257818982  1  1  1  1  1  1  1  1  1  1  1  1  1  1  1  1  1
0.185  -0.02125  2.677764684342443e-17  1  1  1  1  1  1  1  1  1  1  1  1  1  1  1  1  1
0.185  -0.01975800139757665  -0.007822012578189772  1  1  1  1  1  1  1  1  1  1  1  1  1  1  1  1  1
0.185  -0.01502601910021415  -0.01502601910021411  1  1  1  1  1  1  1  1  1  1  1  1  1  1  1  1  1
0.185  -0.00782201257818981  -0.01975800139757663  1  1  1  1  1  1  1  1  1  1  1  1  1  1  1  1  1
0.185  -1.675085117540547e-17  -0.02124999999999999  1  1  1  1  1  1  1  1  1  1  1  1  1  1  1  1  1
0.185  0.007822012578189782  -0.01975800139757664  1  1  1  1  1  1  1  1  1  1  1  1  1  1  1  1  1
0.185  0.01502601910021413  -0.01502601910021413  1  1  1  1  1  1  1  1  1  1  1  1  1  1  1  1  1
0.185  0.01975800139757664  -0.0078220125781898  1  1  1  1  1  1  1  1  1  1  1  1  1  1  1  1  1
0.185  0.02125  -6.72405550738652e-18  1  1  1  1  1  1  1  1  1  1  1  1  1  1  1  1  1

0.185  0.021875  1.745030375600614e-18  1  1  1  1  1  1  1  1  1  1  1  1  1  1  1  1  1
0.185  0.02033911908574067  0.008052071771665968  1  1  1  1  1  1  1  1  1  1  1  1  1  1  1  1  1
0.185  0.01546796083845573  0.01546796083845573  1  1  1  1  1  1  1  1  1  1  1  1  1  1  1  1  1
0.185  0.008052071771665979  0.02033911908574067  1  1  1  1  1  1  1  1  1  1  1  1  1  1  1  1  1
0.185  1.417276497520898e-17  0.02187500000000001  1  1  1  1  1  1  1  1  1  1  1  1  1  1  1  1  1
0.185  -0.008052071771665954  0.02033911908574067  1  1  1  1  1  1  1  1  1  1  1  1  1  1  1  1  1
0.185  -0.01546796083845572  0.01546796083845575  1  1  1  1  1  1  1  1  1  1  1  1  1  1  1  1  1
0.185  -0.02033911908574066  0.008052071771665991  1  1  1  1  1  1  1  1  1  1  1  1  1  1  1  1  1
0.185  -0.021875  2.684020530388942e-17  1  1  1  1  1  1  1  1  1  1  1  1  1  1  1  1  1
0.185  -0.02033911908574067  -0.008052071771665942  1  1  1  1  1  1  1  1  1  1  1  1  1  1  1  1  1
0.185  -0.01546796083845573  -0.01546796083845571  1  1  1  1  1  1  1  1  1  1  1  1  1  1  1  1  1
0.185  -0.00805207177166598  -0.02033911908574065  1  1  1  1  1  1  1  1  1  1  1  1  1  1  1  1  1
0.185  -1.685167984834382e-17  -0.02187499999999999  1  1  1  1  1  1  1  1  1  1  1  1  1  1  1  1  1
0.185  0.008052071771665953  -0.02033911908574066  1  1  1  1  1  1  1  1  1  1  1  1  1  1  1  1  1
0.185  0.01546796083845572  -0.01546796083845573  1  1  1  1  1  1  1  1  1  1  1  1  1  1  1  1  1
0.185  0.02033911908574066  -0.00805207177166597  1  1  1  1  1  1  1  1  1  1  1  1  1  1  1  1  1
0.185  0.021875  -6.863154392798216e-18  1  1  1  1  1  1  1  1  1  1  1  1  1  1  1  1  1

0.185  0.0225  1.851879626428884e-18  1  1  1  1  1  1  1  1  1  1  1  1  1  1  1  1  1
0.185  0.02092023677390469  0.008282130965142138  1  1  1  1  1  1  1  1  1  1  1  1  1  1  1  1  1
0.185  0.01590990257669733  0.01590990257669732  1  1  1  1  1  1  1  1  1  1  1  1  1  1  1  1  1
0.185  0.008282130965142149  0.02092023677390469  1  1  1  1  1  1  1  1  1  1  1  1  1  1  1  1  1
0.185  1.419705322320061e-17  0.02250000000000001  1  1  1  1  1  1  1  1  1  1  1  1  1  1  1  1  1
0.185  -0.008282130965142125  0.0209202367739047  1  1  1  1  1  1  1  1  1  1  1  1  1  1  1  1  1
0.185  -0.01590990257669731  0.01590990257669734  1  1  1  1  1  1  1  1  1  1  1  1  1  1  1  1  1
0.185  -0.02092023677390467  0.008282130965142161  1  1  1  1  1  1  1  1  1  1  1  1  1  1  1  1  1
0.185  -0.0225  2.69027637643544e-17  1  1  1  1  1  1  1  1  1  1  1  1  1  1  1  1  1
0.185  -0.02092023677390469  -0.008282130965142111  1  1  1  1  1  1  1  1  1  1  1  1  1  1  1  1  1
0.185  -0.01590990257669733  -0.0159099025766973  1  1  1  1  1  1  1  1  1  1  1  1  1  1  1  1  1
0.185  -0.008282130965142151  -0.02092023677390466  1  1  1  1  1  1  1  1  1  1  1  1  1  1  1  1  1
0.185  -1.695250852128216e-17  -0.02249999999999999  1  1  1  1  1  1  1  1  1  1  1  1  1  1  1  1  1
0.185  0.008282130965142123  -0.02092023677390467  1  1  1  1  1  1  1  1  1  1  1  1  1  1  1  1  1
0.185  0.01590990257669731  -0.01590990257669732  1  1  1  1  1  1  1  1  1  1  1  1  1  1  1  1  1
0.185  0.02092023677390467  -0.00828213096514214  1  1  1  1  1  1  1  1  1  1  1  1  1  1  1  1  1
0.185  0.0225  -7.002253278209913e-18  1  1  1  1  1  1  1  1  1  1  1  1  1  1  1  1  1

0.185  0.023125  1.958728877257155e-18  1  1  1  1  1  1  1  1  1  1  1  1  1  1  1  1  1
0.185  0.0215013544620687  0.008512190158618309  1  1  1  1  1  1  1  1  1  1  1  1  1  1  1  1  1
0.185  0.01635184431493892  0.01635184431493892  1  1  1  1  1  1  1  1  1  1  1  1  1  1  1  1  1
0.185  0.008512190158618319  0.02150135446206871  1  1  1  1  1  1  1  1  1  1  1  1  1  1  1  1  1
0.185  1.422134147119224e-17  0.02312500000000001  1  1  1  1  1  1  1  1  1  1  1  1  1  1  1  1  1
0.185  -0.008512190158618295  0.02150135446206871  1  1  1  1  1  1  1  1  1  1  1  1  1  1  1  1  1
0.185  -0.0163518443149389  0.01635184431493893  1  1  1  1  1  1  1  1  1  1  1  1  1  1  1  1  1
0.185  -0.0215013544620687  0.008512190158618331  1  1  1  1  1  1  1  1  1  1  1  1  1  1  1  1  1
0.185  -0.023125  2.696532222481939e-17  1  1  1  1  1  1  1  1  1  1  1  1  1  1  1  1  1
0.185  -0.0215013544620687  -0.008512190158618283  1  1  1  1  1  1  1  1  1  1  1  1  1  1  1  1  1
0.185  -0.01635184431493892  -0.01635184431493889  1  1  1  1  1  1  1  1  1  1  1  1  1  1  1  1  1
0.185  -0.008512190158618321  -0.02150135446206869  1  1  1  1  1  1  1  1  1  1  1  1  1  1  1  1  1
0.185  -1.70533371942205e-17  -0.02312499999999999  1  1  1  1  1  1  1  1  1  1  1  1  1  1  1  1  1
0.185  0.008512190158618293  -0.02150135446206869  1  1  1  1  1  1  1  1  1  1  1  1  1  1  1  1  1
0.185  0.0163518443149389  -0.01635184431493891  1  1  1  1  1  1  1  1  1  1  1  1  1  1  1  1  1
0.185  0.0215013544620687  -0.008512190158618312  1  1  1  1  1  1  1  1  1  1  1  1  1  1  1  1  1
0.185  0.023125  -7.141352163621608e-18  1  1  1  1  1  1  1  1  1  1  1  1  1  1  1  1  1

0.185  0.02375  2.065578128085426e-18  1  1  1  1  1  1  1  1  1  1  1  1  1  1  1  1  1
0.185  0.02208247215023272  0.008742249352094479  1  1  1  1  1  1  1  1  1  1  1  1  1  1  1  1  1
0.185  0.01679378605318051  0.01679378605318051  1  1  1  1  1  1  1  1  1  1  1  1  1  1  1  1  1
0.185  0.008742249352094491  0.02208247215023272  1  1  1  1  1  1  1  1  1  1  1  1  1  1  1  1  1
0.185  1.424562971918387e-17  0.02375000000000001  1  1  1  1  1  1  1  1  1  1  1  1  1  1  1  1  1
0.185  -0.008742249352094465  0.02208247215023273  1  1  1  1  1  1  1  1  1  1  1  1  1  1  1  1  1
0.185  -0.01679378605318049  0.01679378605318052  1  1  1  1  1  1  1  1  1  1  1  1  1  1  1  1  1
0.185  -0.02208247215023271  0.008742249352094503  1  1  1  1  1  1  1  1  1  1  1  1  1  1  1  1  1
0.185  -0.02375  2.702788068528437e-17  1  1  1  1  1  1  1  1  1  1  1  1  1  1  1  1  1
0.185  -0.02208247215023272  -0.008742249352094451  1  1  1  1  1  1  1  1  1  1  1  1  1  1  1  1  1
0.185  -0.01679378605318051  -0.01679378605318048  1  1  1  1  1  1  1  1  1  1  1  1  1  1  1  1  1
0.185  -0.008742249352094493  -0.0220824721502327  1  1  1  1  1  1  1  1  1  1  1  1  1  1  1  1  1
0.185  -1.715416586715884e-17  -0.02374999999999999  1  1  1  1  1  1  1  1  1  1  1  1  1  1  1  1  1
0.185  0.008742249352094464  -0.02208247215023271  1  1  1  1  1  1  1  1  1  1  1  1  1  1  1  1  1
0.185  0.01679378605318049  -0.0167937860531805  1  1  1  1  1  1  1  1  1  1  1  1  1  1  1  1  1
0.185  0.02208247215023271  -0.008742249352094481  1  1  1  1  1  1  1  1  1  1  1  1  1  1  1  1  1
0.185  0.02375  -7.280451049033303e-18  1  1  1  1  1  1  1  1  1  1  1  1  1  1  1  1  1

0.185  0.024375  2.172427378913697e-18  1  1  1  1  1  1  1  1  1  1  1  1  1  1  1  1  1
0.185  0.02266358983839674  0.008972308545570649  1  1  1  1  1  1  1  1  1  1  1  1  1  1  1  1  1
0.185  0.0172357277914221  0.0172357277914221  1  1  1  1  1  1  1  1  1  1  1  1  1  1  1  1  1
0.185  0.008972308545570663  0.02266358983839674  1  1  1  1  1  1  1  1  1  1  1  1  1  1  1  1  1
0.185  1.426991796717551e-17  0.02437500000000001  1  1  1  1  1  1  1  1  1  1  1  1  1  1  1  1  1
0.185  -0.008972308545570636  0.02266358983839675  1  1  1  1  1  1  1  1  1  1  1  1  1  1  1  1  1
0.185  -0.01723572779142209  0.01723572779142212  1  1  1  1  1  1  1  1  1  1  1  1  1  1  1  1  1
0.185  -0.02266358983839674  0.008972308545570674  1  1  1  1  1  1  1  1  1  1  1  1  1  1  1  1  1
0.185  -0.024375  2.709043914574936e-17  1  1  1  1  1  1  1  1  1  1  1  1  1  1  1  1  1
0.185  -0.02266358983839674  -0.008972308545570623  1  1  1  1  1  1  1  1  1  1  1  1  1  1  1  1  1
0.185  -0.0172357277914221  -0.01723572779142208  1  1  1  1  1  1  1  1  1  1  1  1  1  1  1  1  1
0.185  -0.008972308545570665  -0.02266358983839672  1  1  1  1  1  1  1  1  1  1  1  1  1  1  1  1  1
0.185  -1.725499454009718e-17  -0.02437499999999999  1  1  1  1  1  1  1  1  1  1  1  1  1  1  1  1  1
0.185  0.008972308545570634  -0.02266358983839673  1  1  1  1  1  1  1  1  1  1  1  1  1  1  1  1  1
0.185  0.01723572779142209  -0.01723572779142209  1  1  1  1  1  1  1  1  1  1  1  1  1  1  1  1  1
0.185  0.02266358983839674  -0.008972308545570651  1  1  1  1  1  1  1  1  1  1  1  1  1  1  1  1  1
0.185  0.024375  -7.419549934444999e-18  1  1  1  1  1  1  1  1  1  1  1  1  1  1  1  1  1

0.185  0.025  2.279276629741967e-18  1  1  1  1  1  1  1  1  1  1  1  1  1  1  1  1  1
0.185  0.02324470752656076  0.009202367739046821  1  1  1  1  1  1  1  1  1  1  1  1  1  1  1  1  1
0.185  0.0176776695296637  0.01767766952966369  1  1  1  1  1  1  1  1  1  1  1  1  1  1  1  1  1
0.185  0.00920236773904683  0.02324470752656076  1  1  1  1  1  1  1  1  1  1  1  1  1  1  1  1  1
0.185  1.429420621516714e-17  0.02500000000000001  1  1  1  1  1  1  1  1  1  1  1  1  1  1  1  1  1
0.185  -0.009202367739046808  0.02324470752656077  1  1  1  1  1  1  1  1  1  1  1  1  1  1  1  1  1
0.185  -0.01767766952966368  0.01767766952966371  1  1  1  1  1  1  1  1  1  1  1  1  1  1  1  1  1
0.185  -0.02324470752656075  0.009202367739046842  1  1  1  1  1  1  1  1  1  1  1  1  1  1  1  1  1
0.185  -0.025  2.715299760621434e-17  1  1  1  1  1  1  1  1  1  1  1  1  1  1  1  1  1
0.185  -0.02324470752656076  -0.009202367739046794  1  1  1  1  1  1  1  1  1  1  1  1  1  1  1  1  1
0.185  -0.0176776695296637  -0.01767766952966367  1  1  1  1  1  1  1  1  1  1  1  1  1  1  1  1  1
0.185  -0.009202367739046834  -0.02324470752656074  1  1  1  1  1  1  1  1  1  1  1  1  1  1  1  1  1
0.185  -1.735582321303552e-17  -0.02499999999999999  1  1  1  1  1  1  1  1  1  1  1  1  1  1  1  1  1
0.185  0.009202367739046806  -0.02324470752656075  1  1  1  1  1  1  1  1  1  1  1  1  1  1  1  1  1
0.185  0.01767766952966368  -0.01767766952966369  1  1  1  1  1  1  1  1  1  1  1  1  1  1  1  1  1
0.185  0.02324470752656075  -0.009202367739046821  1  1  1  1  1  1  1  1  1  1  1  1  1  1  1  1  1
0.185  0.025  -7.558648819856694e-18  1  1  1  1  1  1  1  1  1  1  1  1  1  1  1  1  1

0.185  0.025625  2.386125880570238e-18  1  1  1  1  1  1  1  1  1  1  1  1  1  1  1  1  1
0.185  0.02382582521472478  0.009432426932522992  1  1  1  1  1  1  1  1  1  1  1  1  1  1  1  1  1
0.185  0.01811961126790529  0.01811961126790528  1  1  1  1  1  1  1  1  1  1  1  1  1  1  1  1  1
0.185  0.009432426932523004  0.02382582521472478  1  1  1  1  1  1  1  1  1  1  1  1  1  1  1  1  1
0.185  1.431849446315877e-17  0.02562500000000001  1  1  1  1  1  1  1  1  1  1  1  1  1  1  1  1  1
0.185  -0.009432426932522976  0.02382582521472479  1  1  1  1  1  1  1  1  1  1  1  1  1  1  1  1  1
0.185  -0.01811961126790527  0.0181196112679053  1  1  1  1  1  1  1  1  1  1  1  1  1  1  1  1  1
0.185  -0.02382582521472477  0.009432426932523014  1  1  1  1  1  1  1  1  1  1  1  1  1  1  1  1  1
0.185  -0.025625  2.721555606667933e-17  1  1  1  1  1  1  1  1  1  1  1  1  1  1  1  1  1
0.185  -0.02382582521472478  -0.009432426932522964  1  1  1  1  1  1  1  1  1  1  1  1  1  1  1  1  1
0.185  -0.01811961126790529  -0.01811961126790526  1  1  1  1  1  1  1  1  1  1  1  1  1  1  1  1  1
0.185  -0.009432426932523006  -0.02382582521472476  1  1  1  1  1  1  1  1  1  1  1  1  1  1  1  1  1
0.185  -1.745665188597386e-17  -0.02562499999999999  1  1  1  1  1  1  1  1  1  1  1  1  1  1  1  1  1
0.185  0.009432426932522974  -0.02382582521472477  1  1  1  1  1  1  1  1  1  1  1  1  1  1  1  1  1
0.185  0.01811961126790527  -0.01811961126790528  1  1  1  1  1  1  1  1  1  1  1  1  1  1  1  1  1
0.185  0.02382582521472477  -0.009432426932522994  1  1  1  1  1  1  1  1  1  1  1  1  1  1  1  1  1
0.185  0.025625  -7.697747705268389e-18  1  1  1  1  1  1  1  1  1  1  1  1  1  1  1  1  1

0.185  0.02625  2.492975131398509e-18  1  1  1  1  1  1  1  1  1  1  1  1  1  1  1  1  1
0.185  0.0244069429028888  0.009662486125999162  1  1  1  1  1  1  1  1  1  1  1  1  1  1  1  1  1
0.185  0.01856155300614688  0.01856155300614687  1  1  1  1  1  1  1  1  1  1  1  1  1  1  1  1  1
0.185  0.009662486125999174  0.0244069429028888  1  1  1  1  1  1  1  1  1  1  1  1  1  1  1  1  1
0.185  1.43427827111504e-17  0.02625000000000001  1  1  1  1  1  1  1  1  1  1  1  1  1  1  1  1  1
0.185  -0.009662486125999147  0.02440694290288881  1  1  1  1  1  1  1  1  1  1  1  1  1  1  1  1  1
0.185  -0.01856155300614686  0.01856155300614689  1  1  1  1  1  1  1  1  1  1  1  1  1  1  1  1  1
0.185  -0.02440694290288879  0.009662486125999183  1  1  1  1  1  1  1  1  1  1  1  1  1  1  1  1  1
0.185  -0.02625  2.727811452714432e-17  1  1  1  1  1  1  1  1  1  1  1  1  1  1  1  1  1
0.185  -0.0244069429028888  -0.009662486125999134  1  1  1  1  1  1  1  1  1  1  1  1  1  1  1  1  1
0.185  -0.01856155300614688  -0.01856155300614686  1  1  1  1  1  1  1  1  1  1  1  1  1  1  1  1  1
0.185  -0.009662486125999176  -0.02440694290288878  1  1  1  1  1  1  1  1  1  1  1  1  1  1  1  1  1
0.185  -1.75574805589122e-17  -0.02624999999999999  1  1  1  1  1  1  1  1  1  1  1  1  1  1  1  1  1
0.185  0.009662486125999145  -0.02440694290288879  1  1  1  1  1  1  1  1  1  1  1  1  1  1  1  1  1
0.185  0.01856155300614686  -0.01856155300614687  1  1  1  1  1  1  1  1  1  1  1  1  1  1  1  1  1
0.185  0.02440694290288879  -0.009662486125999166  1  1  1  1  1  1  1  1  1  1  1  1  1  1  1  1  1
0.185  0.02625  -7.836846590680086e-18  1  1  1  1  1  1  1  1  1  1  1  1  1  1  1  1  1

0.185  0.026875  2.599824382226779e-18  1  1  1  1  1  1  1  1  1  1  1  1  1  1  1  1  1
0.185  0.02498806059105281  0.009892545319475332  1  1  1  1  1  1  1  1  1  1  1  1  1  1  1  1  1
0.185  0.01900349474438847  0.01900349474438847  1  1  1  1  1  1  1  1  1  1  1  1  1  1  1  1  1
0.185  0.009892545319475345  0.02498806059105282  1  1  1  1  1  1  1  1  1  1  1  1  1  1  1  1  1
0.185  1.436707095914203e-17  0.02687500000000001  1  1  1  1  1  1  1  1  1  1  1  1  1  1  1  1  1
0.185  -0.009892545319475319  0.02498806059105283  1  1  1  1  1  1  1  1  1  1  1  1  1  1  1  1  1
0.185  -0.01900349474438846  0.01900349474438848  1  1  1  1  1  1  1  1  1  1  1  1  1  1  1  1  1
0.185  -0.0249880605910528  0.009892545319475355  1  1  1  1  1  1  1  1  1  1  1  1  1  1  1  1  1
0.185  -0.026875  2.73406729876093e-17  1  1  1  1  1  1  1  1  1  1  1  1  1  1  1  1  1
0.185  -0.02498806059105281  -0.009892545319475305  1  1  1  1  1  1  1  1  1  1  1  1  1  1  1  1  1
0.185  -0.01900349474438847  -0.01900349474438844  1  1  1  1  1  1  1  1  1  1  1  1  1  1  1  1  1
0.185  -0.009892545319475346  -0.0249880605910528  1  1  1  1  1  1  1  1  1  1  1  1  1  1  1  1  1
0.185  -1.765830923185054e-17  -0.02687499999999999  1  1  1  1  1  1  1  1  1  1  1  1  1  1  1  1  1
0.185  0.009892545319475315  -0.0249880605910528  1  1  1  1  1  1  1  1  1  1  1  1  1  1  1  1  1
0.185  0.01900349474438845  -0.01900349474438846  1  1  1  1  1  1  1  1  1  1  1  1  1  1  1  1  1
0.185  0.0249880605910528  -0.009892545319475334  1  1  1  1  1  1  1  1  1  1  1  1  1  1  1  1  1
0.185  0.026875  -7.975945476091782e-18  1  1  1  1  1  1  1  1  1  1  1  1  1  1  1  1  1

0.185  0.0275  2.70667363305505e-18  1  1  1  1  1  1  1  1  1  1  1  1  1  1  1  1  1
0.185  0.02556917827921684  0.0101226045129515  1  1  1  1  1  1  1  1  1  1  1  1  1  1  1  1  1
0.185  0.01944543648263006  0.01944543648263006  1  1  1  1  1  1  1  1  1  1  1  1  1  1  1  1  1
0.185  0.01012260451295151  0.02556917827921684  1  1  1  1  1  1  1  1  1  1  1  1  1  1  1  1  1
0.185  1.439135920713366e-17  0.02750000000000001  1  1  1  1  1  1  1  1  1  1  1  1  1  1  1  1  1
0.185  -0.01012260451295149  0.02556917827921685  1  1  1  1  1  1  1  1  1  1  1  1  1  1  1  1  1
0.185  -0.01944543648263005  0.01944543648263008  1  1  1  1  1  1  1  1  1  1  1  1  1  1  1  1  1
0.185  -0.02556917827921683  0.01012260451295153  1  1  1  1  1  1  1  1  1  1  1  1  1  1  1  1  1
0.185  -0.0275  2.740323144807429e-17  1  1  1  1  1  1  1  1  1  1  1  1  1  1  1  1  1
0.185  -0.02556917827921684  -0.01012260451295148  1  1  1  1  1  1  1  1  1  1  1  1  1  1  1  1  1
0.185  -0.01944543648263006  -0.01944543648263004  1  1  1  1  1  1  1  1  1  1  1  1  1  1  1  1  1
0.185  -0.01012260451295152  -0.02556917827921682  1  1  1  1  1  1  1  1  1  1  1  1  1  1  1  1  1
0.185  -1.775913790478888e-17  -0.02749999999999999  1  1  1  1  1  1  1  1  1  1  1  1  1  1  1  1  1
0.185  0.01012260451295149  -0.02556917827921682  1  1  1  1  1  1  1  1  1  1  1  1  1  1  1  1  1
0.185  0.01944543648263004  -0.01944543648263006  1  1  1  1  1  1  1  1  1  1  1  1  1  1  1  1  1
0.185  0.02556917827921683  -0.01012260451295151  1  1  1  1  1  1  1  1  1  1  1  1  1  1  1  1  1
0.185  0.0275  -8.115044361503476e-18  1  1  1  1  1  1  1  1  1  1  1  1  1  1  1  1  1

0.185  0.028125  2.813522883883321e-18  1  1  1  1  1  1  1  1  1  1  1  1  1  1  1  1  1
0.185  0.02615029596738085  0.01035266370642767  1  1  1  1  1  1  1  1  1  1  1  1  1  1  1  1  1
0.185  0.01988737822087165  0.01988737822087165  1  1  1  1  1  1  1  1  1  1  1  1  1  1  1  1  1
0.185  0.01035266370642769  0.02615029596738086  1  1  1  1  1  1  1  1  1  1  1  1  1  1  1  1  1
0.185  1.441564745512529e-17  0.02812500000000001  1  1  1  1  1  1  1  1  1  1  1  1  1  1  1  1  1
0.185  -0.01035266370642766  0.02615029596738087  1  1  1  1  1  1  1  1  1  1  1  1  1  1  1  1  1
0.185  -0.01988737822087163  0.01988737822087167  1  1  1  1  1  1  1  1  1  1  1  1  1  1  1  1  1
0.185  -0.02615029596738085  0.0103526637064277  1  1  1  1  1  1  1  1  1  1  1  1  1  1  1  1  1
0.185  -0.028125  2.746578990853927e-17  1  1  1  1  1  1  1  1  1  1  1  1  1  1  1  1  1
0.185  -0.02615029596738085  -0.01035266370642765  1  1  1  1  1  1  1  1  1  1  1  1  1  1  1  1  1
0.185  -0.01988737822087165  -0.01988737822087163  1  1  1  1  1  1  1  1  1  1  1  1  1  1  1  1  1
0.185  -0.01035266370642769  -0.02615029596738084  1  1  1  1  1  1  1  1  1  1  1  1  1  1  1  1  1
0.185  -1.785996657772722e-17  -0.02812499999999999  1  1  1  1  1  1  1  1  1  1  1  1  1  1  1  1  1
0.185  0.01035266370642766  -0.02615029596738085  1  1  1  1  1  1  1  1  1  1  1  1  1  1  1  1  1
0.185  0.01988737822087163  -0.01988737822087165  1  1  1  1  1  1  1  1  1  1  1  1  1  1  1  1  1
0.185  0.02615029596738085  -0.01035266370642768  1  1  1  1  1  1  1  1  1  1  1  1  1  1  1  1  1
0.185  0.028125  -8.254143246915172e-18  1  1  1  1  1  1  1  1  1  1  1  1  1  1  1  1  1

0.185  0.02875  2.920372134711592e-18  1  1  1  1  1  1  1  1  1  1  1  1  1  1  1  1  1
0.185  0.02673141365554487  0.01058272289990384  1  1  1  1  1  1  1  1  1  1  1  1  1  1  1  1  1
0.185  0.02032931995911325  0.02032931995911325  1  1  1  1  1  1  1  1  1  1  1  1  1  1  1  1  1
0.185  0.01058272289990386  0.02673141365554487  1  1  1  1  1  1  1  1  1  1  1  1  1  1  1  1  1
0.185  1.443993570311692e-17  0.02875000000000001  1  1  1  1  1  1  1  1  1  1  1  1  1  1  1  1  1
0.185  -0.01058272289990383  0.02673141365554488  1  1  1  1  1  1  1  1  1  1  1  1  1  1  1  1  1
0.185  -0.02032931995911323  0.02032931995911326  1  1  1  1  1  1  1  1  1  1  1  1  1  1  1  1  1
0.185  -0.02673141365554486  0.01058272289990386  1  1  1  1  1  1  1  1  1  1  1  1  1  1  1  1  1
0.185  -0.02875  2.752834836900426e-17  1  1  1  1  1  1  1  1  1  1  1  1  1  1  1  1  1
0.185  -0.02673141365554487  -0.01058272289990382  1  1  1  1  1  1  1  1  1  1  1  1  1  1  1  1  1
0.185  -0.02032931995911325  -0.02032931995911322  1  1  1  1  1  1  1  1  1  1  1  1  1  1  1  1  1
0.185  -0.01058272289990386  -0.02673141365554485  1  1  1  1  1  1  1  1  1  1  1  1  1  1  1  1  1
0.185  -1.796079525066557e-17  -0.02874999999999999  1  1  1  1  1  1  1  1  1  1  1  1  1  1  1  1  1
0.185  0.01058272289990383  -0.02673141365554486  1  1  1  1  1  1  1  1  1  1  1  1  1  1  1  1  1
0.185  0.02032931995911323  -0.02032931995911325  1  1  1  1  1  1  1  1  1  1  1  1  1  1  1  1  1
0.185  0.02673141365554486  -0.01058272289990385  1  1  1  1  1  1  1  1  1  1  1  1  1  1  1  1  1
0.185  0.02875  -8.393242132326869e-18  1  1  1  1  1  1  1  1  1  1  1  1  1  1  1  1  1

0.185  0.029375  3.027221385539862e-18  1  1  1  1  1  1  1  1  1  1  1  1  1  1  1  1  1
0.185  0.02731253134370889  0.01081278209338001  1  1  1  1  1  1  1  1  1  1  1  1  1  1  1  1  1
0.185  0.02077126169735485  0.02077126169735484  1  1  1  1  1  1  1  1  1  1  1  1  1  1  1  1  1
0.185  0.01081278209338003  0.0273125313437089  1  1  1  1  1  1  1  1  1  1  1  1  1  1  1  1  1
0.185  1.446422395110856e-17  0.02937500000000001  1  1  1  1  1  1  1  1  1  1  1  1  1  1  1  1  1
0.185  -0.01081278209338  0.0273125313437089  1  1  1  1  1  1  1  1  1  1  1  1  1  1  1  1  1
0.185  -0.02077126169735483  0.02077126169735485  1  1  1  1  1  1  1  1  1  1  1  1  1  1  1  1  1
0.185  -0.02731253134370889  0.01081278209338003  1  1  1  1  1  1  1  1  1  1  1  1  1  1  1  1  1
0.185  -0.029375  2.759090682946925e-17  1  1  1  1  1  1  1  1  1  1  1  1  1  1  1  1  1
0.185  -0.02731253134370889  -0.01081278209337999  1  1  1  1  1  1  1  1  1  1  1  1  1  1  1  1  1
0.185  -0.02077126169735485  -0.02077126169735482  1  1  1  1  1  1  1  1  1  1  1  1  1  1  1  1  1
0.185  -0.01081278209338003  -0.02731253134370887  1  1  1  1  1  1  1  1  1  1  1  1  1  1  1  1  1
0.185  -1.806162392360391e-17  -0.02937499999999999  1  1  1  1  1  1  1  1  1  1  1  1  1  1  1  1  1
0.185  0.01081278209338  -0.02731253134370889  1  1  1  1  1  1  1  1  1  1  1  1  1  1  1  1  1
0.185  0.02077126169735483  -0.02077126169735484  1  1  1  1  1  1  1  1  1  1  1  1  1  1  1  1  1
0.185  0.02731253134370889  -0.01081278209338002  1  1  1  1  1  1  1  1  1  1  1  1  1  1  1  1  1
0.185  0.029375  -8.532341017738564e-18  1  1  1  1  1  1  1  1  1  1  1  1  1  1  1  1  1

0.185  0.03  3.134070636368133e-18  1  1  1  1  1  1  1  1  1  1  1  1  1  1  1  1  1
0.185  0.02789364903187291  0.01104284128685618  1  1  1  1  1  1  1  1  1  1  1  1  1  1  1  1  1
0.185  0.02121320343559643  0.02121320343559643  1  1  1  1  1  1  1  1  1  1  1  1  1  1  1  1  1
0.185  0.0110428412868562  0.02789364903187291  1  1  1  1  1  1  1  1  1  1  1  1  1  1  1  1  1
0.185  1.448851219910019e-17  0.03000000000000001  1  1  1  1  1  1  1  1  1  1  1  1  1  1  1  1  1
0.185  -0.01104284128685617  0.02789364903187292  1  1  1  1  1  1  1  1  1  1  1  1  1  1  1  1  1
0.185  -0.02121320343559641  0.02121320343559645  1  1  1  1  1  1  1  1  1  1  1  1  1  1  1  1  1
0.185  -0.0278936490318729  0.01104284128685621  1  1  1  1  1  1  1  1  1  1  1  1  1  1  1  1  1
0.185  -0.03  2.765346528993423e-17  1  1  1  1  1  1  1  1  1  1  1  1  1  1  1  1  1
0.185  -0.02789364903187291  -0.01104284128685616  1  1  1  1  1  1  1  1  1  1  1  1  1  1  1  1  1
0.185  -0.02121320343559643  -0.02121320343559641  1  1  1  1  1  1  1  1  1  1  1  1  1  1  1  1  1
0.185  -0.0110428412868562  -0.02789364903187289  1  1  1  1  1  1  1  1  1  1  1  1  1  1  1  1  1
0.185  -1.816245259654225e-17  -0.02999999999999999  1  1  1  1  1  1  1  1  1  1  1  1  1  1  1  1  1
0.185  0.01104284128685617  -0.0278936490318729  1  1  1  1  1  1  1  1  1  1  1  1  1  1  1  1  1
0.185  0.02121320343559641  -0.02121320343559643  1  1  1  1  1  1  1  1  1  1  1  1  1  1  1  1  1
0.185  0.0278936490318729  -0.01104284128685619  1  1  1  1  1  1  1  1  1  1  1  1  1  1  1  1  1
0.185  0.03  -8.671439903150259e-18  1  1  1  1  1  1  1  1  1  1  1  1  1  1  1  1  1

