x y z c
0.1  0.035  -3.436330302632265e-18  1  1  1  1  1  1  1  1  1  1  1  1  1  1  1  1  1
0.1  0.03254259053718507  0.01288331483466554  1  1  1  1  1  1  1  1  1  1  1  1  1  1  1  1  1
0.1  0.02474873734152918  0.02474873734152916  1  1  1  1  1  1  1  1  1  1  1  1  1  1  1  1  1
0.1  0.01288331483466556  0.03254259053718506  1  1  1  1  1  1  1  1  1  1  1  1  1  1  1  1  1
0.1  1.690326423228355e-17  0.03500000000000001  1  1  1  1  1  1  1  1  1  1  1  1  1  1  1  1  1
0.1  -0.01288331483466553  0.03254259053718507  1  1  1  1  1  1  1  1  1  1  1  1  1  1  1  1  1
0.1  -0.02474873734152916  0.02474873734152918  1  1  1  1  1  1  1  1  1  1  1  1  1  1  1  1  1
0.1  -0.03254259053718506  0.01288331483466557  1  1  1  1  1  1  1  1  1  1  1  1  1  1  1  1  1
0.1  -0.035  2.516963012652819e-17  1  1  1  1  1  1  1  1  1  1  1  1  1  1  1  1  1
0.1  -0.03254259053718507  -0.01288331483466553  1  1  1  1  1  1  1  1  1  1  1  1  1  1  1  1  1
0.1  -0.02474873734152918  -0.02474873734152915  1  1  1  1  1  1  1  1  1  1  1  1  1  1  1  1  1
0.1  -0.01288331483466556  -0.03254259053718505  1  1  1  1  1  1  1  1  1  1  1  1  1  1  1  1  1
0.1  -2.118952802929929e-17  -0.035  1  1  1  1  1  1  1  1  1  1  1  1  1  1  1  1  1
0.1  0.01288331483466553  -0.03254259053718506  1  1  1  1  1  1  1  1  1  1  1  1  1  1  1  1  1
0.1  0.02474873734152916  -0.02474873734152917  1  1  1  1  1  1  1  1  1  1  1  1  1  1  1  1  1
0.1  0.03254259053718506  -0.01288331483466556  1  1  1  1  1  1  1  1  1  1  1  1  1  1  1  1  1
0.1  0.035  -1.720942593207039e-17  1  1  1  1  1  1  1  1  1  1  1  1  1  1  1  1  1

0.1  0.035625  -2.982536356608633e-18  1  1  1  1  1  1  1  1  1  1  1  1  1  1  1  1  1
0.1  0.03312370822534909  0.01311337402814172  1  1  1  1  1  1  1  1  1  1  1  1  1  1  1  1  1
0.1  0.02519067907977077  0.02519067907977076  1  1  1  1  1  1  1  1  1  1  1  1  1  1  1  1  1
0.1  0.01311337402814173  0.03312370822534908  1  1  1  1  1  1  1  1  1  1  1  1  1  1  1  1  1
0.1  1.658060778507982e-17  0.03562500000000001  1  1  1  1  1  1  1  1  1  1  1  1  1  1  1  1  1
0.1  -0.0131133740281417  0.03312370822534909  1  1  1  1  1  1  1  1  1  1  1  1  1  1  1  1  1
0.1  -0.02519067907977075  0.02519067907977078  1  1  1  1  1  1  1  1  1  1  1  1  1  1  1  1  1
0.1  -0.03312370822534907  0.01311337402814174  1  1  1  1  1  1  1  1  1  1  1  1  1  1  1  1  1
0.1  -0.035625  2.488524389179781e-17  1  1  1  1  1  1  1  1  1  1  1  1  1  1  1  1  1
0.1  -0.03312370822534909  -0.0131133740281417  1  1  1  1  1  1  1  1  1  1  1  1  1  1  1  1  1
0.1  -0.02519067907977077  -0.02519067907977074  1  1  1  1  1  1  1  1  1  1  1  1  1  1  1  1  1
0.1  -0.01311337402814174  -0.03312370822534907  1  1  1  1  1  1  1  1  1  1  1  1  1  1  1  1  1
0.1  -2.094341200704227e-17  -0.035625  1  1  1  1  1  1  1  1  1  1  1  1  1  1  1  1  1
0.1  0.0131133740281417  -0.03312370822534908  1  1  1  1  1  1  1  1  1  1  1  1  1  1  1  1  1
0.1  0.02519067907977074  -0.02519067907977076  1  1  1  1  1  1  1  1  1  1  1  1  1  1  1  1  1
0.1  0.03312370822534907  -0.01311337402814173  1  1  1  1  1  1  1  1  1  1  1  1  1  1  1  1  1
0.1  0.035625  -1.700158012228673e-17  1  1  1  1  1  1  1  1  1  1  1  1  1  1  1  1  1

0.1  0.03625  -2.528742410585001e-18  1  1  1  1  1  1  1  1  1  1  1  1  1  1  1  1  1
0.1  0.03370482591351311  0.01334343322161788  1  1  1  1  1  1  1  1  1  1  1  1  1  1  1  1  1
0.1  0.02563262081801236  0.02563262081801235  1  1  1  1  1  1  1  1  1  1  1  1  1  1  1  1  1
0.1  0.0133434332216179  0.03370482591351311  1  1  1  1  1  1  1  1  1  1  1  1  1  1  1  1  1
0.1  1.625795133787609e-17  0.03625000000000001  1  1  1  1  1  1  1  1  1  1  1  1  1  1  1  1  1
0.1  -0.01334343322161787  0.03370482591351311  1  1  1  1  1  1  1  1  1  1  1  1  1  1  1  1  1
0.1  -0.02563262081801234  0.02563262081801236  1  1  1  1  1  1  1  1  1  1  1  1  1  1  1  1  1
0.1  -0.0337048259135131  0.01334343322161791  1  1  1  1  1  1  1  1  1  1  1  1  1  1  1  1  1
0.1  -0.03625  2.460085765706744e-17  1  1  1  1  1  1  1  1  1  1  1  1  1  1  1  1  1
0.1  -0.03370482591351311  -0.01334343322161787  1  1  1  1  1  1  1  1  1  1  1  1  1  1  1  1  1
0.1  -0.02563262081801236  -0.02563262081801233  1  1  1  1  1  1  1  1  1  1  1  1  1  1  1  1  1
0.1  -0.0133434332216179  -0.03370482591351309  1  1  1  1  1  1  1  1  1  1  1  1  1  1  1  1  1
0.1  -2.069729598478525e-17  -0.03625  1  1  1  1  1  1  1  1  1  1  1  1  1  1  1  1  1
0.1  0.01334343322161787  -0.0337048259135131  1  1  1  1  1  1  1  1  1  1  1  1  1  1  1  1  1
0.1  0.02563262081801234  -0.02563262081801235  1  1  1  1  1  1  1  1  1  1  1  1  1  1  1  1  1
0.1  0.0337048259135131  -0.0133434332216179  1  1  1  1  1  1  1  1  1  1  1  1  1  1  1  1  1
0.1  0.03625  -1.679373431250306e-17  1  1  1  1  1  1  1  1  1  1  1  1  1  1  1  1  1

0.1  0.036875  -2.074948464561368e-18  1  1  1  1  1  1  1  1  1  1  1  1  1  1  1  1  1
0.1  0.03428594360167712  0.01357349241509406  1  1  1  1  1  1  1  1  1  1  1  1  1  1  1  1  1
0.09999999999999999  0.02607456255625395  0.02607456255625393  1  1  1  1  1  1  1  1  1  1  1  1  1  1  1  1  1
0.1  0.01357349241509407  0.03428594360167712  1  1  1  1  1  1  1  1  1  1  1  1  1  1  1  1  1
0.1  1.593529489067236e-17  0.036875  1  1  1  1  1  1  1  1  1  1  1  1  1  1  1  1  1
0.1  -0.01357349241509405  0.03428594360167712  1  1  1  1  1  1  1  1  1  1  1  1  1  1  1  1  1
0.09999999999999999  -0.02607456255625393  0.02607456255625395  1  1  1  1  1  1  1  1  1  1  1  1  1  1  1  1  1
0.1  -0.03428594360167712  0.01357349241509408  1  1  1  1  1  1  1  1  1  1  1  1  1  1  1  1  1
0.1  -0.036875  2.431647142233706e-17  1  1  1  1  1  1  1  1  1  1  1  1  1  1  1  1  1
0.1  -0.03428594360167712  -0.01357349241509404  1  1  1  1  1  1  1  1  1  1  1  1  1  1  1  1  1
0.09999999999999999  -0.02607456255625395  -0.02607456255625392  1  1  1  1  1  1  1  1  1  1  1  1  1  1  1  1  1
0.1  -0.01357349241509407  -0.03428594360167711  1  1  1  1  1  1  1  1  1  1  1  1  1  1  1  1  1
0.1  -2.045117996252823e-17  -0.036875  1  1  1  1  1  1  1  1  1  1  1  1  1  1  1  1  1
0.1  0.01357349241509404  -0.03428594360167712  1  1  1  1  1  1  1  1  1  1  1  1  1  1  1  1  1
0.09999999999999999  0.02607456255625393  -0.02607456255625394  1  1  1  1  1  1  1  1  1  1  1  1  1  1  1  1  1
0.1  0.03428594360167712  -0.01357349241509407  1  1  1  1  1  1  1  1  1  1  1  1  1  1  1  1  1
0.1  0.036875  -1.65858885027194e-17  1  1  1  1  1  1  1  1  1  1  1  1  1  1  1  1  1

0.1  0.03750000000000001  -1.621154518537736e-18  1  1  1  1  1  1  1  1  1  1  1  1  1  1  1  1  1
0.1  0.03486706128984114  0.01380355160857022  1  1  1  1  1  1  1  1  1  1  1  1  1  1  1  1  1
0.1  0.02651650429449554  0.02651650429449554  1  1  1  1  1  1  1  1  1  1  1  1  1  1  1  1  1
0.1  0.01380355160857024  0.03486706128984114  1  1  1  1  1  1  1  1  1  1  1  1  1  1  1  1  1
0.1  1.561263844346863e-17  0.03750000000000001  1  1  1  1  1  1  1  1  1  1  1  1  1  1  1  1  1
0.1  -0.01380355160857022  0.03486706128984115  1  1  1  1  1  1  1  1  1  1  1  1  1  1  1  1  1
0.1  -0.02651650429449553  0.02651650429449555  1  1  1  1  1  1  1  1  1  1  1  1  1  1  1  1  1
0.1  -0.03486706128984113  0.01380355160857025  1  1  1  1  1  1  1  1  1  1  1  1  1  1  1  1  1
0.1  -0.03750000000000001  2.403208518760669e-17  1  1  1  1  1  1  1  1  1  1  1  1  1  1  1  1  1
0.1  -0.03486706128984114  -0.0138035516085702  1  1  1  1  1  1  1  1  1  1  1  1  1  1  1  1  1
0.1  -0.02651650429449554  -0.02651650429449552  1  1  1  1  1  1  1  1  1  1  1  1  1  1  1  1  1
0.1  -0.01380355160857025  -0.03486706128984112  1  1  1  1  1  1  1  1  1  1  1  1  1  1  1  1  1
0.1  -2.020506394027121e-17  -0.03749999999999999  1  1  1  1  1  1  1  1  1  1  1  1  1  1  1  1  1
0.1  0.01380355160857021  -0.03486706128984113  1  1  1  1  1  1  1  1  1  1  1  1  1  1  1  1  1
0.1  0.02651650429449552  -0.02651650429449554  1  1  1  1  1  1  1  1  1  1  1  1  1  1  1  1  1
0.1  0.03486706128984113  -0.01380355160857024  1  1  1  1  1  1  1  1  1  1  1  1  1  1  1  1  1
0.1  0.03750000000000001  -1.637804269293573e-17  1  1  1  1  1  1  1  1  1  1  1  1  1  1  1  1  1

0.1  0.038125  -1.167360572514104e-18  1  1  1  1  1  1  1  1  1  1  1  1  1  1  1  1  1
0.1  0.03544817897800516  0.0140336108020464  1  1  1  1  1  1  1  1  1  1  1  1  1  1  1  1  1
0.1  0.02695844603273713  0.02695844603273713  1  1  1  1  1  1  1  1  1  1  1  1  1  1  1  1  1
0.1  0.01403361080204641  0.03544817897800516  1  1  1  1  1  1  1  1  1  1  1  1  1  1  1  1  1
0.1  1.52899819962649e-17  0.03812500000000001  1  1  1  1  1  1  1  1  1  1  1  1  1  1  1  1  1
0.1  -0.01403361080204638  0.03544817897800516  1  1  1  1  1  1  1  1  1  1  1  1  1  1  1  1  1
0.1  -0.02695844603273712  0.02695844603273714  1  1  1  1  1  1  1  1  1  1  1  1  1  1  1  1  1
0.1  -0.03544817897800515  0.01403361080204642  1  1  1  1  1  1  1  1  1  1  1  1  1  1  1  1  1
0.1  -0.038125  2.374769895287631e-17  1  1  1  1  1  1  1  1  1  1  1  1  1  1  1  1  1
0.1  -0.03544817897800516  -0.01403361080204638  1  1  1  1  1  1  1  1  1  1  1  1  1  1  1  1  1
0.1  -0.02695844603273713  -0.02695844603273711  1  1  1  1  1  1  1  1  1  1  1  1  1  1  1  1  1
0.1  -0.01403361080204641  -0.03544817897800515  1  1  1  1  1  1  1  1  1  1  1  1  1  1  1  1  1
0.1  -1.995894791801419e-17  -0.03812499999999999  1  1  1  1  1  1  1  1  1  1  1  1  1  1  1  1  1
0.1  0.01403361080204638  -0.03544817897800515  1  1  1  1  1  1  1  1  1  1  1  1  1  1  1  1  1
0.1  0.02695844603273712  -0.02695844603273713  1  1  1  1  1  1  1  1  1  1  1  1  1  1  1  1  1
0.1  0.03544817897800515  -0.01403361080204641  1  1  1  1  1  1  1  1  1  1  1  1  1  1  1  1  1
0.1  0.038125  -1.617019688315206e-17  1  1  1  1  1  1  1  1  1  1  1  1  1  1  1  1  1

0.1  0.03875000000000001  -7.135666264904715e-19  1  1  1  1  1  1  1  1  1  1  1  1  1  1  1  1  1
0.1  0.03602929666616918  0.01426366999552257  1  1  1  1  1  1  1  1  1  1  1  1  1  1  1  1  1
0.1  0.02740038777097873  0.02740038777097872  1  1  1  1  1  1  1  1  1  1  1  1  1  1  1  1  1
0.1  0.01426366999552258  0.03602929666616918  1  1  1  1  1  1  1  1  1  1  1  1  1  1  1  1  1
0.1  1.496732554906117e-17  0.03875000000000001  1  1  1  1  1  1  1  1  1  1  1  1  1  1  1  1  1
0.1  -0.01426366999552256  0.03602929666616918  1  1  1  1  1  1  1  1  1  1  1  1  1  1  1  1  1
0.1  -0.02740038777097871  0.02740038777097874  1  1  1  1  1  1  1  1  1  1  1  1  1  1  1  1  1
0.1  -0.03602929666616917  0.01426366999552259  1  1  1  1  1  1  1  1  1  1  1  1  1  1  1  1  1
0.1  -0.03875000000000001  2.346331271814594e-17  1  1  1  1  1  1  1  1  1  1  1  1  1  1  1  1  1
0.1  -0.03602929666616918  -0.01426366999552255  1  1  1  1  1  1  1  1  1  1  1  1  1  1  1  1  1
0.1  -0.02740038777097873  -0.0274003877709787  1  1  1  1  1  1  1  1  1  1  1  1  1  1  1  1  1
0.1  -0.01426366999552258  -0.03602929666616916  1  1  1  1  1  1  1  1  1  1  1  1  1  1  1  1  1
0.1  -1.971283189575717e-17  -0.03874999999999999  1  1  1  1  1  1  1  1  1  1  1  1  1  1  1  1  1
0.1  0.01426366999552255  -0.03602929666616917  1  1  1  1  1  1  1  1  1  1  1  1  1  1  1  1  1
0.1  0.02740038777097871  -0.02740038777097872  1  1  1  1  1  1  1  1  1  1  1  1  1  1  1  1  1
0.1  0.03602929666616917  -0.01426366999552258  1  1  1  1  1  1  1  1  1  1  1  1  1  1  1  1  1
0.1  0.03875000000000001  -1.59623510733684e-17  1  1  1  1  1  1  1  1  1  1  1  1  1  1  1  1  1

0.1  0.03937500000000001  -2.597726804668394e-19  1  1  1  1  1  1  1  1  1  1  1  1  1  1  1  1  1
0.1  0.0366104143543332  0.01449372918899874  1  1  1  1  1  1  1  1  1  1  1  1  1  1  1  1  1
0.1  0.02784232950922032  0.02784232950922031  1  1  1  1  1  1  1  1  1  1  1  1  1  1  1  1  1
0.1  0.01449372918899875  0.0366104143543332  1  1  1  1  1  1  1  1  1  1  1  1  1  1  1  1  1
0.1  1.464466910185744e-17  0.03937500000000001  1  1  1  1  1  1  1  1  1  1  1  1  1  1  1  1  1
0.1  -0.01449372918899873  0.0366104143543332  1  1  1  1  1  1  1  1  1  1  1  1  1  1  1  1  1
0.1  -0.0278423295092203  0.02784232950922033  1  1  1  1  1  1  1  1  1  1  1  1  1  1  1  1  1
0.1  -0.0366104143543332  0.01449372918899876  1  1  1  1  1  1  1  1  1  1  1  1  1  1  1  1  1
0.1  -0.03937500000000001  2.317892648341556e-17  1  1  1  1  1  1  1  1  1  1  1  1  1  1  1  1  1
0.1  -0.0366104143543332  -0.01449372918899872  1  1  1  1  1  1  1  1  1  1  1  1  1  1  1  1  1
0.1  -0.02784232950922032  -0.0278423295092203  1  1  1  1  1  1  1  1  1  1  1  1  1  1  1  1  1
0.1  -0.01449372918899875  -0.03661041435433317  1  1  1  1  1  1  1  1  1  1  1  1  1  1  1  1  1
0.1  -1.946671587350014e-17  -0.03937499999999999  1  1  1  1  1  1  1  1  1  1  1  1  1  1  1  1  1
0.1  0.01449372918899872  -0.03661041435433319  1  1  1  1  1  1  1  1  1  1  1  1  1  1  1  1  1
0.1  0.0278423295092203  -0.02784232950922031  1  1  1  1  1  1  1  1  1  1  1  1  1  1  1  1  1
0.1  0.0366104143543332  -0.01449372918899875  1  1  1  1  1  1  1  1  1  1  1  1  1  1  1  1  1
0.1  0.03937500000000001  -1.575450526358473e-17  1  1  1  1  1  1  1  1  1  1  1  1  1  1  1  1  1

0.1  0.04  1.940212655567926e-19  1  1  1  1  1  1  1  1  1  1  1  1  1  1  1  1  1
0.1  0.03719153204249721  0.01472378838247491  1  1  1  1  1  1  1  1  1  1  1  1  1  1  1  1  1
0.1  0.0282842712474619  0.0282842712474619  1  1  1  1  1  1  1  1  1  1  1  1  1  1  1  1  1
0.1  0.01472378838247492  0.03719153204249721  1  1  1  1  1  1  1  1  1  1  1  1  1  1  1  1  1
0.1  1.432201265465371e-17  0.04000000000000001  1  1  1  1  1  1  1  1  1  1  1  1  1  1  1  1  1
0.1  -0.0147237883824749  0.03719153204249722  1  1  1  1  1  1  1  1  1  1  1  1  1  1  1  1  1
0.1  -0.02828427124746189  0.02828427124746192  1  1  1  1  1  1  1  1  1  1  1  1  1  1  1  1  1
0.1  -0.03719153204249721  0.01472378838247493  1  1  1  1  1  1  1  1  1  1  1  1  1  1  1  1  1
0.1  -0.04  2.289454024868519e-17  1  1  1  1  1  1  1  1  1  1  1  1  1  1  1  1  1
0.1  -0.03719153204249721  -0.01472378838247489  1  1  1  1  1  1  1  1  1  1  1  1  1  1  1  1  1
0.1  -0.0282842712474619  -0.02828427124746189  1  1  1  1  1  1  1  1  1  1  1  1  1  1  1  1  1
0.1  -0.01472378838247492  -0.0371915320424972  1  1  1  1  1  1  1  1  1  1  1  1  1  1  1  1  1
0.1  -1.922059985124313e-17  -0.03999999999999999  1  1  1  1  1  1  1  1  1  1  1  1  1  1  1  1  1
0.1  0.0147237883824749  -0.03719153204249721  1  1  1  1  1  1  1  1  1  1  1  1  1  1  1  1  1
0.1  0.02828427124746189  -0.0282842712474619  1  1  1  1  1  1  1  1  1  1  1  1  1  1  1  1  1
0.1  0.03719153204249721  -0.01472378838247492  1  1  1  1  1  1  1  1  1  1  1  1  1  1  1  1  1
0.1  0.04  -1.554665945380106e-17  1  1  1  1  1  1  1  1  1  1  1  1  1  1  1  1  1

0.1  0.040625  6.478152115804247e-19  1  1  1  1  1  1  1  1  1  1  1  1  1  1  1  1  1
0.1  0.03777264973066124  0.01495384757595108  1  1  1  1  1  1  1  1  1  1  1  1  1  1  1  1  1
0.1  0.0287262129857035  0.0287262129857035  1  1  1  1  1  1  1  1  1  1  1  1  1  1  1  1  1
0.1  0.01495384757595109  0.03777264973066124  1  1  1  1  1  1  1  1  1  1  1  1  1  1  1  1  1
0.1  1.399935620744998e-17  0.04062500000000001  1  1  1  1  1  1  1  1  1  1  1  1  1  1  1  1  1
0.1  -0.01495384757595107  0.03777264973066125  1  1  1  1  1  1  1  1  1  1  1  1  1  1  1  1  1
0.1  -0.02872621298570349  0.02872621298570351  1  1  1  1  1  1  1  1  1  1  1  1  1  1  1  1  1
0.1  -0.03777264973066122  0.0149538475759511  1  1  1  1  1  1  1  1  1  1  1  1  1  1  1  1  1
0.1  -0.040625  2.261015401395481e-17  1  1  1  1  1  1  1  1  1  1  1  1  1  1  1  1  1
0.1  -0.03777264973066124  -0.01495384757595106  1  1  1  1  1  1  1  1  1  1  1  1  1  1  1  1  1
0.1  -0.0287262129857035  -0.02872621298570347  1  1  1  1  1  1  1  1  1  1  1  1  1  1  1  1  1
0.1  -0.0149538475759511  -0.03777264973066122  1  1  1  1  1  1  1  1  1  1  1  1  1  1  1  1  1
0.1  -1.897448382898611e-17  -0.04062499999999999  1  1  1  1  1  1  1  1  1  1  1  1  1  1  1  1  1
0.1  0.01495384757595107  -0.03777264973066122  1  1  1  1  1  1  1  1  1  1  1  1  1  1  1  1  1
0.1  0.02872621298570349  -0.0287262129857035  1  1  1  1  1  1  1  1  1  1  1  1  1  1  1  1  1
0.1  0.03777264973066122  -0.01495384757595109  1  1  1  1  1  1  1  1  1  1  1  1  1  1  1  1  1
0.1  0.040625  -1.53388136440174e-17  1  1  1  1  1  1  1  1  1  1  1  1  1  1  1  1  1

0.1  0.04125  1.101609157604057e-18  1  1  1  1  1  1  1  1  1  1  1  1  1  1  1  1  1
0.1  0.03835376741882525  0.01518390676942725  1  1  1  1  1  1  1  1  1  1  1  1  1  1  1  1  1
0.1  0.02916815472394509  0.02916815472394509  1  1  1  1  1  1  1  1  1  1  1  1  1  1  1  1  1
0.1  0.01518390676942726  0.03835376741882525  1  1  1  1  1  1  1  1  1  1  1  1  1  1  1  1  1
0.1  1.367669976024625e-17  0.04125000000000001  1  1  1  1  1  1  1  1  1  1  1  1  1  1  1  1  1
0.1  -0.01518390676942724  0.03835376741882526  1  1  1  1  1  1  1  1  1  1  1  1  1  1  1  1  1
0.1  -0.02916815472394508  0.02916815472394511  1  1  1  1  1  1  1  1  1  1  1  1  1  1  1  1  1
0.1  -0.03835376741882525  0.01518390676942727  1  1  1  1  1  1  1  1  1  1  1  1  1  1  1  1  1
0.1  -0.04125  2.232576777922444e-17  1  1  1  1  1  1  1  1  1  1  1  1  1  1  1  1  1
0.1  -0.03835376741882525  -0.01518390676942723  1  1  1  1  1  1  1  1  1  1  1  1  1  1  1  1  1
0.1  -0.02916815472394509  -0.02916815472394507  1  1  1  1  1  1  1  1  1  1  1  1  1  1  1  1  1
0.1  -0.01518390676942726  -0.03835376741882524  1  1  1  1  1  1  1  1  1  1  1  1  1  1  1  1  1
0.1  -1.872836780672908e-17  -0.04125  1  1  1  1  1  1  1  1  1  1  1  1  1  1  1  1  1
0.1  0.01518390676942724  -0.03835376741882525  1  1  1  1  1  1  1  1  1  1  1  1  1  1  1  1  1
0.1  0.02916815472394507  -0.02916815472394509  1  1  1  1  1  1  1  1  1  1  1  1  1  1  1  1  1
0.1  0.03835376741882524  -0.01518390676942726  1  1  1  1  1  1  1  1  1  1  1  1  1  1  1  1  1
0.1  0.04125  -1.513096783423373e-17  1  1  1  1  1  1  1  1  1  1  1  1  1  1  1  1  1

0.1  0.041875  1.555403103627689e-18  1  1  1  1  1  1  1  1  1  1  1  1  1  1  1  1  1
0.1  0.03893488510698927  0.01541396596290342  1  1  1  1  1  1  1  1  1  1  1  1  1  1  1  1  1
0.1  0.02961009646218668  0.02961009646218668  1  1  1  1  1  1  1  1  1  1  1  1  1  1  1  1  1
0.1  0.01541396596290343  0.03893488510698927  1  1  1  1  1  1  1  1  1  1  1  1  1  1  1  1  1
0.1  1.335404331304252e-17  0.04187500000000001  1  1  1  1  1  1  1  1  1  1  1  1  1  1  1  1  1
0.1  -0.01541396596290341  0.03893488510698928  1  1  1  1  1  1  1  1  1  1  1  1  1  1  1  1  1
0.1  -0.02961009646218667  0.02961009646218669  1  1  1  1  1  1  1  1  1  1  1  1  1  1  1  1  1
0.1  -0.03893488510698927  0.01541396596290344  1  1  1  1  1  1  1  1  1  1  1  1  1  1  1  1  1
0.1  -0.041875  2.204138154449406e-17  1  1  1  1  1  1  1  1  1  1  1  1  1  1  1  1  1
0.1  -0.03893488510698927  -0.0154139659629034  1  1  1  1  1  1  1  1  1  1  1  1  1  1  1  1  1
0.1  -0.02961009646218668  -0.02961009646218666  1  1  1  1  1  1  1  1  1  1  1  1  1  1  1  1  1
0.1  -0.01541396596290343  -0.03893488510698925  1  1  1  1  1  1  1  1  1  1  1  1  1  1  1  1  1
0.1  -1.848225178447206e-17  -0.041875  1  1  1  1  1  1  1  1  1  1  1  1  1  1  1  1  1
0.1  0.01541396596290341  -0.03893488510698926  1  1  1  1  1  1  1  1  1  1  1  1  1  1  1  1  1
0.1  0.02961009646218667  -0.02961009646218668  1  1  1  1  1  1  1  1  1  1  1  1  1  1  1  1  1
0.1  0.03893488510698926  -0.01541396596290343  1  1  1  1  1  1  1  1  1  1  1  1  1  1  1  1  1
0.1  0.041875  -1.492312202445006e-17  1  1  1  1  1  1  1  1  1  1  1  1  1  1  1  1  1

0.1  0.0425  2.009197049651322e-18  1  1  1  1  1  1  1  1  1  1  1  1  1  1  1  1  1
0.1  0.03951600279515329  0.0156440251563796  1  1  1  1  1  1  1  1  1  1  1  1  1  1  1  1  1
0.1  0.03005203820042828  0.03005203820042827  1  1  1  1  1  1  1  1  1  1  1  1  1  1  1  1  1
0.1  0.0156440251563796  0.03951600279515329  1  1  1  1  1  1  1  1  1  1  1  1  1  1  1  1  1
0.1  1.303138686583879e-17  0.0425  1  1  1  1  1  1  1  1  1  1  1  1  1  1  1  1  1
0.1  -0.01564402515637959  0.03951600279515329  1  1  1  1  1  1  1  1  1  1  1  1  1  1  1  1  1
0.1  -0.03005203820042827  0.03005203820042828  1  1  1  1  1  1  1  1  1  1  1  1  1  1  1  1  1
0.1  -0.03951600279515329  0.01564402515637961  1  1  1  1  1  1  1  1  1  1  1  1  1  1  1  1  1
0.1  -0.0425  2.175699530976368e-17  1  1  1  1  1  1  1  1  1  1  1  1  1  1  1  1  1
0.1  -0.03951600279515329  -0.01564402515637957  1  1  1  1  1  1  1  1  1  1  1  1  1  1  1  1  1
0.1  -0.03005203820042828  -0.03005203820042825  1  1  1  1  1  1  1  1  1  1  1  1  1  1  1  1  1
0.1  -0.0156440251563796  -0.03951600279515328  1  1  1  1  1  1  1  1  1  1  1  1  1  1  1  1  1
0.1  -1.823613576221504e-17  -0.0425  1  1  1  1  1  1  1  1  1  1  1  1  1  1  1  1  1
0.1  0.01564402515637958  -0.03951600279515328  1  1  1  1  1  1  1  1  1  1  1  1  1  1  1  1  1
0.1  0.03005203820042826  -0.03005203820042827  1  1  1  1  1  1  1  1  1  1  1  1  1  1  1  1  1
0.1  0.03951600279515328  -0.0156440251563796  1  1  1  1  1  1  1  1  1  1  1  1  1  1  1  1  1
0.1  0.0425  -1.47152762146664e-17  1  1  1  1  1  1  1  1  1  1  1  1  1  1  1  1  1

0.1  0.043125  2.462990995674954e-18  1  1  1  1  1  1  1  1  1  1  1  1  1  1  1  1  1
0.1  0.0400971204833173  0.01587408434985576  1  1  1  1  1  1  1  1  1  1  1  1  1  1  1  1  1
0.09999999999999999  0.03049397993866986  0.03049397993866986  1  1  1  1  1  1  1  1  1  1  1  1  1  1  1  1  1
0.1  0.01587408434985577  0.04009712048331731  1  1  1  1  1  1  1  1  1  1  1  1  1  1  1  1  1
0.1  1.270873041863506e-17  0.04312500000000001  1  1  1  1  1  1  1  1  1  1  1  1  1  1  1  1  1
0.1  -0.01587408434985575  0.04009712048331732  1  1  1  1  1  1  1  1  1  1  1  1  1  1  1  1  1
0.09999999999999999  -0.03049397993866985  0.03049397993866988  1  1  1  1  1  1  1  1  1  1  1  1  1  1  1  1  1
0.1  -0.0400971204833173  0.01587408434985578  1  1  1  1  1  1  1  1  1  1  1  1  1  1  1  1  1
0.1  -0.043125  2.147260907503331e-17  1  1  1  1  1  1  1  1  1  1  1  1  1  1  1  1  1
0.1  -0.0400971204833173  -0.01587408434985574  1  1  1  1  1  1  1  1  1  1  1  1  1  1  1  1  1
0.09999999999999999  -0.03049397993866986  -0.03049397993866984  1  1  1  1  1  1  1  1  1  1  1  1  1  1  1  1  1
0.1  -0.01587408434985577  -0.04009712048331729  1  1  1  1  1  1  1  1  1  1  1  1  1  1  1  1  1
0.1  -1.799001973995802e-17  -0.04312499999999999  1  1  1  1  1  1  1  1  1  1  1  1  1  1  1  1  1
0.1  0.01587408434985575  -0.0400971204833173  1  1  1  1  1  1  1  1  1  1  1  1  1  1  1  1  1
0.09999999999999999  0.03049397993866985  -0.03049397993866986  1  1  1  1  1  1  1  1  1  1  1  1  1  1  1  1  1
0.1  0.0400971204833173  -0.01587408434985577  1  1  1  1  1  1  1  1  1  1  1  1  1  1  1  1  1
0.1  0.043125  -1.450743040488273e-17  1  1  1  1  1  1  1  1  1  1  1  1  1  1  1  1  1

0.1  0.04375  2.916784941698586e-18  1  1  1  1  1  1  1  1  1  1  1  1  1  1  1  1  1
0.1  0.04067823817148133  0.01610414354333194  1  1  1  1  1  1  1  1  1  1  1  1  1  1  1  1  1
0.1  0.03093592167691146  0.03093592167691146  1  1  1  1  1  1  1  1  1  1  1  1  1  1  1  1  1
0.1  0.01610414354333194  0.04067823817148133  1  1  1  1  1  1  1  1  1  1  1  1  1  1  1  1  1
0.1  1.238607397143133e-17  0.04375000000000001  1  1  1  1  1  1  1  1  1  1  1  1  1  1  1  1  1
0.1  -0.01610414354333192  0.04067823817148133  1  1  1  1  1  1  1  1  1  1  1  1  1  1  1  1  1
0.1  -0.03093592167691145  0.03093592167691147  1  1  1  1  1  1  1  1  1  1  1  1  1  1  1  1  1
0.1  -0.04067823817148133  0.01610414354333195  1  1  1  1  1  1  1  1  1  1  1  1  1  1  1  1  1
0.1  -0.04375  2.118822284030293e-17  1  1  1  1  1  1  1  1  1  1  1  1  1  1  1  1  1
0.1  -0.04067823817148133  -0.01610414354333191  1  1  1  1  1  1  1  1  1  1  1  1  1  1  1  1  1
0.1  -0.03093592167691146  -0.03093592167691144  1  1  1  1  1  1  1  1  1  1  1  1  1  1  1  1  1
0.1  -0.01610414354333195  -0.04067823817148131  1  1  1  1  1  1  1  1  1  1  1  1  1  1  1  1  1
0.1  -1.7743903717701e-17  -0.04374999999999999  1  1  1  1  1  1  1  1  1  1  1  1  1  1  1  1  1
0.1  0.01610414354333192  -0.04067823817148132  1  1  1  1  1  1  1  1  1  1  1  1  1  1  1  1  1
0.1  0.03093592167691145  -0.03093592167691146  1  1  1  1  1  1  1  1  1  1  1  1  1  1  1  1  1
0.1  0.04067823817148132  -0.01610414354333194  1  1  1  1  1  1  1  1  1  1  1  1  1  1  1  1  1
0.1  0.04375  -1.429958459509907e-17  1  1  1  1  1  1  1  1  1  1  1  1  1  1  1  1  1

0.1  0.044375  3.370578887722218e-18  1  1  1  1  1  1  1  1  1  1  1  1  1  1  1  1  1
0.1  0.04125935585964534  0.0163342027368081  1  1  1  1  1  1  1  1  1  1  1  1  1  1  1  1  1
0.1  0.03137786341515305  0.03137786341515304  1  1  1  1  1  1  1  1  1  1  1  1  1  1  1  1  1
0.1  0.01633420273680811  0.04125935585964535  1  1  1  1  1  1  1  1  1  1  1  1  1  1  1  1  1
0.1  1.20634175242276e-17  0.044375  1  1  1  1  1  1  1  1  1  1  1  1  1  1  1  1  1
0.1  -0.01633420273680809  0.04125935585964535  1  1  1  1  1  1  1  1  1  1  1  1  1  1  1  1  1
0.1  -0.03137786341515304  0.03137786341515306  1  1  1  1  1  1  1  1  1  1  1  1  1  1  1  1  1
0.1  -0.04125935585964534  0.01633420273680812  1  1  1  1  1  1  1  1  1  1  1  1  1  1  1  1  1
0.1  -0.044375  2.090383660557256e-17  1  1  1  1  1  1  1  1  1  1  1  1  1  1  1  1  1
0.1  -0.04125935585964534  -0.01633420273680808  1  1  1  1  1  1  1  1  1  1  1  1  1  1  1  1  1
0.1  -0.03137786341515305  -0.03137786341515303  1  1  1  1  1  1  1  1  1  1  1  1  1  1  1  1  1
0.1  -0.01633420273680811  -0.04125935585964533  1  1  1  1  1  1  1  1  1  1  1  1  1  1  1  1  1
0.1  -1.749778769544398e-17  -0.04437499999999999  1  1  1  1  1  1  1  1  1  1  1  1  1  1  1  1  1
0.1  0.01633420273680809  -0.04125935585964534  1  1  1  1  1  1  1  1  1  1  1  1  1  1  1  1  1
0.1  0.03137786341515304  -0.03137786341515305  1  1  1  1  1  1  1  1  1  1  1  1  1  1  1  1  1
0.1  0.04125935585964534  -0.01633420273680811  1  1  1  1  1  1  1  1  1  1  1  1  1  1  1  1  1
0.1  0.044375  -1.40917387853154e-17  1  1  1  1  1  1  1  1  1  1  1  1  1  1  1  1  1

0.1  0.045  3.82437283374585e-18  1  1  1  1  1  1  1  1  1  1  1  1  1  1  1  1  1
0.1  0.04184047354780936  0.01656426193028428  1  1  1  1  1  1  1  1  1  1  1  1  1  1  1  1  1
0.1  0.03181980515339464  0.03181980515339464  1  1  1  1  1  1  1  1  1  1  1  1  1  1  1  1  1
0.1  0.01656426193028428  0.04184047354780936  1  1  1  1  1  1  1  1  1  1  1  1  1  1  1  1  1
0.1  1.174076107702387e-17  0.04500000000000001  1  1  1  1  1  1  1  1  1  1  1  1  1  1  1  1  1
0.1  -0.01656426193028426  0.04184047354780937  1  1  1  1  1  1  1  1  1  1  1  1  1  1  1  1  1
0.1  -0.03181980515339464  0.03181980515339466  1  1  1  1  1  1  1  1  1  1  1  1  1  1  1  1  1
0.1  -0.04184047354780936  0.01656426193028429  1  1  1  1  1  1  1  1  1  1  1  1  1  1  1  1  1
0.1  -0.045  2.061945037084218e-17  1  1  1  1  1  1  1  1  1  1  1  1  1  1  1  1  1
0.1  -0.04184047354780936  -0.01656426193028425  1  1  1  1  1  1  1  1  1  1  1  1  1  1  1  1  1
0.1  -0.03181980515339464  -0.03181980515339462  1  1  1  1  1  1  1  1  1  1  1  1  1  1  1  1  1
0.1  -0.01656426193028428  -0.04184047354780934  1  1  1  1  1  1  1  1  1  1  1  1  1  1  1  1  1
0.1  -1.725167167318696e-17  -0.04499999999999999  1  1  1  1  1  1  1  1  1  1  1  1  1  1  1  1  1
0.1  0.01656426193028426  -0.04184047354780936  1  1  1  1  1  1  1  1  1  1  1  1  1  1  1  1  1
0.1  0.03181980515339464  -0.03181980515339464  1  1  1  1  1  1  1  1  1  1  1  1  1  1  1  1  1
0.1  0.04184047354780936  -0.01656426193028428  1  1  1  1  1  1  1  1  1  1  1  1  1  1  1  1  1
0.1  0.045  -1.388389297553174e-17  1  1  1  1  1  1  1  1  1  1  1  1  1  1  1  1  1

