# nurbs mesh v.2.1
#
# 30-Jun-2018
#
2 2 12 13 0 
PATCH 1 
1 2 
2 3 
0.000000000000000   0.000000000000000   1.000000000000000   1.000000000000000   
0.000000000000000   0.000000000000000   0.000000000000000   1.000000000000000   1.000000000000000   1.000000000000000   
0.019152800000000   0.056718400000000   -0.019152800000000   0.056718400000000   0.019152800000000   0.056718400000000   
-0.060744900000000   -0.036446940000000   -0.000000000000000   -0.000000000000000   0.060744900000000   0.036446940000000   
1.000000000000000   1.000000000000000   0.819151930929830   1.000000000000000   1.000000000000000   1.000000000000000   
PATCH 2 
1 2 
2 3 
0.000000000000000   0.000000000000000   1.000000000000000   1.000000000000000   
0.000000000000000   0.000000000000000   0.000000000000000   1.000000000000000   1.000000000000000   1.000000000000000   
0.056718400000000   0.070237246561963   0.048454576886714   0.049665233335835   0.068525119792241   0.078106200000000   
0.076016600000000   0.047877553438037   0.053751853342745   0.039418733039535   0.087823319792241   0.055746506876075   
1.000000000000000   1.000000000000000   0.707106781186547   0.707106781186547   1.000000000000000   1.000000000000000   
PATCH 3 
1 2 
2 3 
0.000000000000000   0.000000000000000   1.000000000000000   1.000000000000000   
0.000000000000000   0.000000000000000   0.000000000000000   1.000000000000000   1.000000000000000   1.000000000000000   
0.068525119792241   0.078106200000000   0.048454576886714   0.049665233335835   0.056718400000000   0.070237246561963   
-0.087823319792241   -0.055746506876075   -0.053751853342745   -0.039418733039535   -0.076016600000000   -0.047877553438037   
1.000000000000000   1.000000000000000   0.707106781186547   0.707106781186547   1.000000000000000   1.000000000000000   
PATCH 4 
1 2 
2 3 
0.000000000000000   0.000000000000000   1.000000000000000   1.000000000000000   
0.000000000000000   0.000000000000000   0.000000000000000   1.000000000000000   1.000000000000000   1.000000000000000   
0.056718400000000   0.078106200000000   0.056718400000000   0.049665233335835   0.056718400000000   0.070237246561963   
0.036446940000000   0.040008600000000   0.056231770000000   0.028290352365780   0.076016600000000   0.047877553438037   
1.000000000000000   1.000000000000000   1.000000000000000   0.707106781186547   1.000000000000000   1.000000000000000   
PATCH 5 
1 2 
2 3 
0.000000000000000   0.000000000000000   1.000000000000000   1.000000000000000   
0.000000000000000   0.000000000000000   0.000000000000000   1.000000000000000   1.000000000000000   1.000000000000000   
0.056718400000000   0.070237246561963   0.056718400000000   0.049665233335835   0.056718400000000   0.078106200000000   
-0.076016600000000   -0.047877553438037   -0.056231770000000   -0.028290352365780   -0.036446940000000   -0.040008600000000   
1.000000000000000   1.000000000000000   1.000000000000000   0.707106781186547   1.000000000000000   1.000000000000000   
PATCH 6 
1 2 
2 3 
0.000000000000000   0.000000000000000   1.000000000000000   1.000000000000000   
0.000000000000000   0.000000000000000   0.000000000000000   1.000000000000000   1.000000000000000   1.000000000000000   
0.019152800000000   0.056718400000000   0.019152800000000   0.056718400000000   0.019152800000000   0.056718400000000   
0.060744900000000   0.036446940000000   0.063697650000000   0.056231770000000   0.066650400000000   0.076016600000000   
1.000000000000000   1.000000000000000   1.000000000000000   1.000000000000000   1.000000000000000   1.000000000000000   
PATCH 7 
1 2 
2 3 
0.000000000000000   0.000000000000000   1.000000000000000   1.000000000000000   
0.000000000000000   0.000000000000000   0.000000000000000   1.000000000000000   1.000000000000000   1.000000000000000   
0.019152800000000   0.056718400000000   0.019152800000000   0.056718400000000   0.019152800000000   0.056718400000000   
-0.066650400000000   -0.076016600000000   -0.063697650000000   -0.056231770000000   -0.060744900000000   -0.036446940000000   
1.000000000000000   1.000000000000000   1.000000000000000   1.000000000000000   1.000000000000000   1.000000000000000   
PATCH 8 
1 1 
2 2 
0.000000000000000   0.000000000000000   1.000000000000000   1.000000000000000   
0.000000000000000   0.000000000000000   1.000000000000000   1.000000000000000   
0.068525119792241   0.078106200000000   0.137219300000000   0.137219300000000   
0.087823319792241   0.055746506876075   0.095433100000000   0.057808700000000   
1.000000000000000   1.000000000000000   1.000000000000000   1.000000000000000   
PATCH 9 
1 1 
2 2 
0.000000000000000   0.000000000000000   1.000000000000000   1.000000000000000   
0.000000000000000   0.000000000000000   1.000000000000000   1.000000000000000   
0.137219300000000   0.137219300000000   0.068525119792241   0.078106200000000   
-0.095433100000000   -0.057808700000000   -0.087823319792241   -0.055746506876075   
1.000000000000000   1.000000000000000   1.000000000000000   1.000000000000000   
PATCH 10 
1 2 
2 3 
0.000000000000000   0.000000000000000   1.000000000000000   1.000000000000000   
0.000000000000000   0.000000000000000   0.000000000000000   1.000000000000000   1.000000000000000   1.000000000000000   
0.056718400000000   0.078106200000000   0.056718400000000   0.078106200000000   0.056718400000000   0.078106200000000   
-0.036446940000000   -0.040008600000000   -0.000000000000000   0.000000000000000   0.036446940000000   0.040008600000000   
1.000000000000000   1.000000000000000   1.000000000000000   1.000000000000000   1.000000000000000   1.000000000000000   
PATCH 11 
1 2 
2 3 
0.000000000000000   0.000000000000000   1.000000000000000   1.000000000000000   
0.000000000000000   0.000000000000000   0.000000000000000   1.000000000000000   1.000000000000000   1.000000000000000   
0.078106200000000   0.214566900000000   0.078106200000000   0.214566900000000   0.078106200000000   0.214566900000000   
-0.040008600000000   -0.031496100000000   0.000000000000000   0.000000000000000   0.040008600000000   0.031496100000000   
1.000000000000000   1.000000000000000   1.000000000000000   1.000000000000000   1.000000000000000   1.000000000000000   
PATCH 12 
1 2 
2 3 
0.000000000000000   0.000000000000000   1.000000000000000   1.000000000000000   
0.000000000000000   0.000000000000000   0.000000000000000   1.000000000000000   1.000000000000000   1.000000000000000   
0.214566900000000   0.300803100000000   0.214566900000000   0.300803100000000   0.214566900000000   0.300803100000000   
-0.031496100000000   -0.031496100000000   0.000000000000000   0.000000000000000   0.031496100000000   0.031496100000000   
1.000000000000000   1.000000000000000   1.000000000000000   1.000000000000000   1.000000000000000   1.000000000000000   
INTERFACE 1 
1 2 
10 1 
1 
INTERFACE 2 
1 3 
7 4 
1 
INTERFACE 3 
1 4 
6 3 
1 
INTERFACE 4 
2 3 
4 4 
1 
INTERFACE 5 
2 4 
8 3 
1 
INTERFACE 6 
3 3 
9 4 
1 
INTERFACE 7 
3 4 
5 3 
1 
INTERFACE 8 
4 1 
6 2 
1 
INTERFACE 9 
4 3 
10 4 
1 
INTERFACE 10 
5 1 
7 2 
1 
INTERFACE 11 
5 4 
10 3 
1 
INTERFACE 12 
10 2 
11 1 
1 
INTERFACE 13 
11 2 
12 1 
1 
BOUNDARY 1 
7 
3 1 
7 3 
7 1 
1 1 
6 1 
6 4 
2 1 
BOUNDARY 2 
12 
8 4 
8 2 
2 2 
4 2 
11 4 
12 4 
12 3 
11 3 
5 2 
3 2 
9 2 
9 3 
BOUNDARY 3 
3 
8 1 
9 1 
12 2 
