# nurbs mesh v.2.1
#
# 11-Jun-2020
#
2 2 34 39 0 
PATCH 1 
1 1 
2 2 
0.000000000000000   0.000000000000000   1.000000000000000   1.000000000000000   
0.000000000000000   0.000000000000000   1.000000000000000   1.000000000000000   
0.416000000000000   0.416000000000000   0.447000000000000   0.447000000000000   
0.000000000000000   0.020000000000000   0.000000000000000   0.020000000000000   
1.000000000000000   1.000000000000000   1.000000000000000   1.000000000000000   
PATCH 2 
1 2 
2 3 
0.000000000000000   0.000000000000000   1.000000000000000   1.000000000000000   
0.000000000000000   0.000000000000000   0.000000000000000   1.000000000000000   1.000000000000000   1.000000000000000   
0.406000000000000   0.406000000000000   0.411000000000000   0.411000000000000   0.416000000000000   0.416000000000000   
0.000000000000000   0.020000000000000   0.000000000000000   0.020000000000000   0.000000000000000   0.020000000000000   
1.000000000000000   1.000000000000000   1.000000000000000   1.000000000000000   1.000000000000000   1.000000000000000   
PATCH 3 
1 2 
2 3 
0.000000000000000   0.000000000000000   1.000000000000000   1.000000000000000   
0.000000000000000   0.000000000000000   0.000000000000000   1.000000000000000   1.000000000000000   1.000000000000000   
0.397000000000000   0.397000000000000   0.401500000000000   0.401500000000000   0.406000000000000   0.406000000000000   
0.000000000000000   0.011000000000000   0.000000000000000   0.015500000000000   0.000000000000000   0.020000000000000   
1.000000000000000   1.000000000000000   1.000000000000000   1.000000000000000   1.000000000000000   1.000000000000000   
PATCH 4 
1 2 
2 3 
0.000000000000000   0.000000000000000   1.000000000000000   1.000000000000000   
0.000000000000000   0.000000000000000   0.000000000000000   1.000000000000000   1.000000000000000   1.000000000000000   
0.392737932446640   0.392737932446640   0.394868966223320   0.315285930171627   0.397000000000000   0.397000000000000   
0.000000000000000   0.010405566040374   0.000000000000000   0.007256584617217   0.000000000000000   0.011000000000000   
1.000000000000000   1.000000000000000   1.000000000000000   0.798003485892253   1.000000000000000   1.000000000000000   
PATCH 5 
1 2 
2 3 
0.000000000000000   0.000000000000000   1.000000000000000   1.000000000000000   
0.000000000000000   0.000000000000000   0.000000000000000   1.000000000000000   1.000000000000000   1.000000000000000   
0.406000000000000   0.406000000000000   0.411000000000000   0.411000000000000   0.416000000000000   0.416000000000000   
0.020000000000000   0.030000000000000   0.020000000000000   0.030000000000000   0.020000000000000   0.030000000000000   
1.000000000000000   1.000000000000000   1.000000000000000   1.000000000000000   1.000000000000000   1.000000000000000   
PATCH 6 
1 1 
2 2 
0.000000000000000   0.000000000000000   1.000000000000000   1.000000000000000   
0.000000000000000   0.000000000000000   1.000000000000000   1.000000000000000   
0.307000000000000   0.307000000000000   0.392737932446640   0.392737932446640   
0.000000000000000   0.005000000000000   0.000000000000000   0.010405566040374   
1.000000000000000   1.000000000000000   1.000000000000000   1.000000000000000   
PATCH 7 
2 1 
3 2 
0.000000000000000   0.000000000000000   0.000000000000000   1.000000000000000   1.000000000000000   1.000000000000000   
0.000000000000000   0.000000000000000   1.000000000000000   1.000000000000000   
0.307000000000000   0.307250000000000   0.307500000000000   0.392737932446640   0.311526548097443   0.391000000000000   
0.005000000000000   0.007450000000000   0.009900000000000   0.010405566040374   0.009350771328584   0.014342336591559   
1.000000000000000   1.000000000000000   1.000000000000000   1.000000000000000   0.798003485892253   1.000000000000000   
PATCH 8 
2 1 
3 2 
0.000000000000000   0.000000000000000   0.000000000000000   1.000000000000000   1.000000000000000   1.000000000000000   
0.000000000000000   0.000000000000000   1.000000000000000   1.000000000000000   
0.307500000000000   0.309004950495050   0.310509900990099   0.391000000000000   0.392000000000000   0.393000000000000   
0.009900000000000   0.013700000000000   0.017500000000000   0.014342336591559   0.018171168295780   0.022000000000000   
1.000000000000000   1.000000000000000   1.000000000000000   1.000000000000000   1.000000000000000   1.000000000000000   
PATCH 9 
2 1 
3 2 
0.000000000000000   0.000000000000000   0.000000000000000   1.000000000000000   1.000000000000000   1.000000000000000   
0.000000000000000   0.000000000000000   1.000000000000000   1.000000000000000   
0.310509900990099   0.311004950495050   0.311500000000000   0.393000000000000   0.393000000000000   0.393000000000000   
0.017500000000000   0.018750000000000   0.020000000000000   0.022000000000000   0.023500000000000   0.025000000000000   
1.000000000000000   1.000000000000000   1.000000000000000   1.000000000000000   1.000000000000000   1.000000000000000   
PATCH 10 
3 1 
4 2 
0.000000000000000   0.000000000000000   0.000000000000000   0.000000000000000   1.000000000000000   1.000000000000000   1.000000000000000   1.000000000000000   
0.000000000000000   0.000000000000000   1.000000000000000   1.000000000000000   
0.311500000000000   0.321599543297582   0.317139446998068   0.316055312653355   0.393000000000000   0.316261976670875   0.317928643337542   0.398000000000000   
0.020000000000000   0.029666214784021   0.034020102351912   0.037547814155167   0.025000000000000   0.022475468957064   0.024142135623731   0.030000000000000   
1.000000000000000   1.020406375211466   1.004081275042293   1.000000000000000   1.000000000000000   0.804737854124365   0.804737854124365   1.000000000000000   
PATCH 11 
3 1 
4 2 
0.000000000000000   0.000000000000000   0.000000000000000   0.000000000000000   1.000000000000000   1.000000000000000   1.000000000000000   1.000000000000000   
0.000000000000000   0.000000000000000   1.000000000000000   1.000000000000000   
0.416000000000000   0.416000000000000   0.416000000000000   0.416000000000000   0.447000000000000   0.447000000000000   0.447000000000000   0.447000000000000   
0.030000000000000   0.062666666666667   0.095333333333333   0.128000000000000   0.030000000000000   0.062666666666667   0.095333333333333   0.128000000000000   
1.000000000000000   1.000000000000000   1.000000000000000   1.000000000000000   1.000000000000000   1.000000000000000   1.000000000000000   1.000000000000000   
PATCH 12 
3 2 
4 3 
0.000000000000000   0.000000000000000   0.000000000000000   0.000000000000000   1.000000000000000   1.000000000000000   1.000000000000000   1.000000000000000   
0.000000000000000   0.000000000000000   0.000000000000000   1.000000000000000   1.000000000000000   1.000000000000000   
0.406000000000000   0.406000000000000   0.406000000000000   0.406000000000000   0.411000000000000   0.411000000000000   0.411000000000000   0.411000000000000   0.416000000000000   0.416000000000000   0.416000000000000   0.416000000000000   
0.030000000000000   0.062666666666667   0.095333333333333   0.128000000000000   0.030000000000000   0.062666666666667   0.095333333333333   0.128000000000000   0.030000000000000   0.062666666666667   0.095333333333333   0.128000000000000   
1.000000000000000   1.000000000000000   1.000000000000000   1.000000000000000   1.000000000000000   1.000000000000000   1.000000000000000   1.000000000000000   1.000000000000000   1.000000000000000   1.000000000000000   1.000000000000000   
PATCH 13 
3 2 
4 3 
0.000000000000000   0.000000000000000   0.000000000000000   0.000000000000000   1.000000000000000   1.000000000000000   1.000000000000000   1.000000000000000   
0.000000000000000   0.000000000000000   0.000000000000000   1.000000000000000   1.000000000000000   1.000000000000000   
0.398000000000000   0.398000000000000   0.398000000000000   0.398000000000000   0.402000000000000   0.402000000000000   0.402000000000000   0.402000000000000   0.406000000000000   0.406000000000000   0.406000000000000   0.406000000000000   
0.030000000000000   0.062666666666667   0.095333333333333   0.128000000000000   0.030000000000000   0.062666666666667   0.095333333333333   0.128000000000000   0.030000000000000   0.062666666666667   0.095333333333333   0.128000000000000   
1.000000000000000   1.000000000000000   1.000000000000000   1.000000000000000   1.000000000000000   1.000000000000000   1.000000000000000   1.000000000000000   1.000000000000000   1.000000000000000   1.000000000000000   1.000000000000000   
PATCH 14 
3 1 
4 2 
0.000000000000000   0.000000000000000   0.000000000000000   0.000000000000000   1.000000000000000   1.000000000000000   1.000000000000000   1.000000000000000   
0.000000000000000   0.000000000000000   1.000000000000000   1.000000000000000   
0.316055312653355   0.305935449252440   0.309319433670722   0.313094637427746   0.398000000000000   0.398000000000000   0.398000000000000   0.398000000000000   
0.037547814155167   0.044136135216806   0.047419753219905   0.050315359120666   0.030000000000000   0.062666666666667   0.095333333333333   0.128000000000000   
1.000000000000000   0.967019571120919   0.983014442749356   1.000000000000000   1.000000000000000   1.000000000000000   1.000000000000000   1.000000000000000   
PATCH 15 
1 3 
2 4 
0.000000000000000   0.000000000000000   1.000000000000000   1.000000000000000   
0.000000000000000   0.000000000000000   0.000000000000000   0.000000000000000   1.000000000000000   1.000000000000000   1.000000000000000   1.000000000000000   
0.275558959178459   0.305000000000000   0.275405044686207   0.336000000000000   0.275166863480271   0.367000000000000   0.278903531883973   0.398000000000000   
0.054218806905737   0.128000000000000   0.052546497957104   0.128000000000000   0.050654747621421   0.128000000000000   0.044820733699097   0.128000000000000   
0.918751857143375   1.000000000000000   0.907177401038102   1.000000000000000   0.893954069901072   1.000000000000000   0.890796259480289   1.000000000000000   
PATCH 16 
1 3 
2 4 
0.000000000000000   0.000000000000000   1.000000000000000   1.000000000000000   
0.000000000000000   0.000000000000000   0.000000000000000   0.000000000000000   1.000000000000000   1.000000000000000   1.000000000000000   1.000000000000000   
0.189781783859695   0.230000000000000   0.273567564525073   0.255000000000000   0.276639378555446   0.280000000000000   0.275558959178459   0.305000000000000   
0.051987065730594   0.128000000000000   0.066883761783989   0.128000000000000   0.065957759917707   0.128000000000000   0.054218806905737   0.128000000000000   
0.782181089455241   1.000000000000000   1.000000000000000   1.000000000000000   1.000000000000000   1.000000000000000   0.918751857143375   1.000000000000000   
PATCH 17 
3 1 
4 2 
0.000000000000000   0.000000000000000   0.000000000000000   0.000000000000000   1.000000000000000   1.000000000000000   1.000000000000000   1.000000000000000   
0.000000000000000   0.000000000000000   1.000000000000000   1.000000000000000   
0.185000000000000   0.200000000000000   0.215000000000000   0.230000000000000   0.224572168305632   0.227008656347719   0.235530546766177   0.242631516432940   
0.065000000000000   0.086000000000000   0.107000000000000   0.128000000000000   0.055651747927041   0.063302773077009   0.065022777284444   0.066464232428326   
1.000000000000000   1.000000000000000   1.000000000000000   1.000000000000000   1.000000000000000   0.985806365235945   0.994820467959085   1.000000000000000   
PATCH 18 
3 1 
4 2 
0.000000000000000   0.000000000000000   0.000000000000000   0.000000000000000   1.000000000000000   1.000000000000000   1.000000000000000   1.000000000000000   
0.000000000000000   0.000000000000000   1.000000000000000   1.000000000000000   
0.222500000000000   0.210000000000000   0.197500000000000   0.185000000000000   0.230000000000000   0.177035163533800   0.200290873841353   0.224572168305632   
0.045000000000000   0.051666666666667   0.058333333333333   0.065000000000000   0.045000000000000   0.037209405688706   0.046930359791452   0.055651747927041   
1.000000000000000   1.000000000000000   1.000000000000000   1.000000000000000   1.000000000000000   0.803434106433949   0.899761431681350   1.000000000000000   
PATCH 19 
3 1 
4 2 
0.000000000000000   0.000000000000000   0.000000000000000   0.000000000000000   1.000000000000000   1.000000000000000   1.000000000000000   1.000000000000000   
0.000000000000000   0.000000000000000   1.000000000000000   1.000000000000000   
0.012500000000000   0.012500000000000   0.012500000000000   0.012500000000000   0.185000000000000   0.200000000000000   0.215000000000000   0.230000000000000   
0.085000000000000   0.099333333333333   0.113666666666667   0.128000000000000   0.065000000000000   0.086000000000000   0.107000000000000   0.128000000000000   
1.000000000000000   1.000000000000000   1.000000000000000   1.000000000000000   1.000000000000000   1.000000000000000   1.000000000000000   1.000000000000000   
PATCH 20 
3 1 
4 2 
0.000000000000000   0.000000000000000   0.000000000000000   0.000000000000000   1.000000000000000   1.000000000000000   1.000000000000000   1.000000000000000   
0.000000000000000   0.000000000000000   1.000000000000000   1.000000000000000   
0.000000000000000   0.000000000000000   0.000000000000000   0.000000000000000   0.012500000000000   0.012500000000000   0.012500000000000   0.012500000000000   
0.085000000000000   0.099333333333333   0.113666666666667   0.128000000000000   0.085000000000000   0.099333333333333   0.113666666666667   0.128000000000000   
1.000000000000000   1.000000000000000   1.000000000000000   1.000000000000000   1.000000000000000   1.000000000000000   1.000000000000000   1.000000000000000   
PATCH 21 
3 1 
4 2 
0.000000000000000   0.000000000000000   0.000000000000000   0.000000000000000   1.000000000000000   1.000000000000000   1.000000000000000   1.000000000000000   
0.000000000000000   0.000000000000000   1.000000000000000   1.000000000000000   
0.012500000000000   0.012500000000000   0.012500000000000   0.012500000000000   0.222500000000000   0.210000000000000   0.197500000000000   0.185000000000000   
0.062000000000000   0.069666666666667   0.077333333333333   0.085000000000000   0.045000000000000   0.051666666666667   0.058333333333333   0.065000000000000   
1.000000000000000   1.000000000000000   1.000000000000000   1.000000000000000   1.000000000000000   1.000000000000000   1.000000000000000   1.000000000000000   
PATCH 22 
3 1 
4 2 
0.000000000000000   0.000000000000000   0.000000000000000   0.000000000000000   1.000000000000000   1.000000000000000   1.000000000000000   1.000000000000000   
0.000000000000000   0.000000000000000   1.000000000000000   1.000000000000000   
0.000000000000000   0.000000000000000   0.000000000000000   0.000000000000000   0.012500000000000   0.012500000000000   0.012500000000000   0.012500000000000   
0.062000000000000   0.069666666666667   0.077333333333333   0.085000000000000   0.062000000000000   0.069666666666667   0.077333333333333   0.085000000000000   
1.000000000000000   1.000000000000000   1.000000000000000   1.000000000000000   1.000000000000000   1.000000000000000   1.000000000000000   1.000000000000000   
PATCH 23 
1 1 
2 2 
0.000000000000000   0.000000000000000   1.000000000000000   1.000000000000000   
0.000000000000000   0.000000000000000   1.000000000000000   1.000000000000000   
0.012500000000000   0.012500000000000   0.222500000000000   0.222500000000000   
0.052000000000000   0.062000000000000   0.035000000000000   0.045000000000000   
1.000000000000000   1.000000000000000   1.000000000000000   1.000000000000000   
PATCH 24 
1 1 
2 2 
0.000000000000000   0.000000000000000   1.000000000000000   1.000000000000000   
0.000000000000000   0.000000000000000   1.000000000000000   1.000000000000000   
0.000000000000000   0.000000000000000   0.012500000000000   0.012500000000000   
0.052000000000000   0.062000000000000   0.052000000000000   0.062000000000000   
1.000000000000000   1.000000000000000   1.000000000000000   1.000000000000000   
PATCH 25 
1 1 
2 2 
0.000000000000000   0.000000000000000   1.000000000000000   1.000000000000000   
0.000000000000000   0.000000000000000   1.000000000000000   1.000000000000000   
0.000000000000000   0.000000000000000   0.046000000000000   0.012500000000000   
0.027000000000000   0.052000000000000   0.027000000000000   0.052000000000000   
1.000000000000000   1.000000000000000   1.000000000000000   1.000000000000000   
PATCH 26 
1 1 
2 2 
0.000000000000000   0.000000000000000   1.000000000000000   1.000000000000000   
0.000000000000000   0.000000000000000   1.000000000000000   1.000000000000000   
0.046000000000000   0.012500000000000   0.236000000000000   0.222500000000000   
0.027000000000000   0.052000000000000   0.027000000000000   0.035000000000000   
1.000000000000000   1.000000000000000   1.000000000000000   1.000000000000000   
PATCH 27 
1 1 
2 2 
0.000000000000000   0.000000000000000   1.000000000000000   1.000000000000000   
0.000000000000000   0.000000000000000   1.000000000000000   1.000000000000000   
0.236000000000000   0.222500000000000   0.253000000000000   0.252500000000000   
0.027000000000000   0.035000000000000   0.027000000000000   0.035000000000000   
1.000000000000000   1.000000000000000   1.000000000000000   1.000000000000000   
PATCH 28 
1 1 
2 2 
0.000000000000000   0.000000000000000   1.000000000000000   1.000000000000000   
0.000000000000000   0.000000000000000   1.000000000000000   1.000000000000000   
0.252500000000000   0.252500000000000   0.302000000000000   0.302000000000000   
0.035000000000000   0.045000000000000   0.037800000000000   0.045000000000000   
1.000000000000000   1.000000000000000   1.000000000000000   1.000000000000000   
PATCH 29 
1 1 
2 2 
0.000000000000000   0.000000000000000   1.000000000000000   1.000000000000000   
0.000000000000000   0.000000000000000   1.000000000000000   1.000000000000000   
0.253000000000000   0.252500000000000   0.302000000000000   0.302000000000000   
0.027000000000000   0.035000000000000   0.020400000000000   0.037800000000000   
1.000000000000000   1.000000000000000   1.000000000000000   1.000000000000000   
PATCH 30 
1 1 
2 2 
0.000000000000000   0.000000000000000   1.000000000000000   1.000000000000000   
0.000000000000000   0.000000000000000   1.000000000000000   1.000000000000000   
0.264000000000000   0.253000000000000   0.302000000000000   0.302000000000000   
0.021000000000000   0.027000000000000   0.017500000000000   0.020400000000000   
1.000000000000000   1.000000000000000   1.000000000000000   1.000000000000000   
PATCH 31 
1 1 
2 2 
0.000000000000000   0.000000000000000   1.000000000000000   1.000000000000000   
0.000000000000000   0.000000000000000   1.000000000000000   1.000000000000000   
0.253000000000000   0.253000000000000   0.264000000000000   0.264000000000000   
0.000000000000000   0.027000000000000   0.000000000000000   0.021000000000000   
1.000000000000000   1.000000000000000   1.000000000000000   1.000000000000000   
PATCH 32 
1 1 
2 2 
0.000000000000000   0.000000000000000   1.000000000000000   1.000000000000000   
0.000000000000000   0.000000000000000   1.000000000000000   1.000000000000000   
0.236000000000000   0.236000000000000   0.253000000000000   0.253000000000000   
0.000000000000000   0.027000000000000   0.000000000000000   0.027000000000000   
1.000000000000000   1.000000000000000   1.000000000000000   1.000000000000000   
PATCH 33 
1 1 
2 2 
0.000000000000000   0.000000000000000   1.000000000000000   1.000000000000000   
0.000000000000000   0.000000000000000   1.000000000000000   1.000000000000000   
0.046000000000000   0.046000000000000   0.236000000000000   0.236000000000000   
0.000000000000000   0.027000000000000   0.000000000000000   0.027000000000000   
1.000000000000000   1.000000000000000   1.000000000000000   1.000000000000000   
PATCH 34 
1 1 
2 2 
0.000000000000000   0.000000000000000   1.000000000000000   1.000000000000000   
0.000000000000000   0.000000000000000   1.000000000000000   1.000000000000000   
0.000000000000000   0.000000000000000   0.046000000000000   0.046000000000000   
0.000000000000000   0.027000000000000   0.000000000000000   0.027000000000000   
1.000000000000000   1.000000000000000   1.000000000000000   1.000000000000000   
INTERFACE 1 
1 3 
2 4 
1 
INTERFACE 2 
2 2 
5 1 
1 
INTERFACE 3 
2 3 
3 4 
1 
INTERFACE 4 
3 3 
4 4 
1 
INTERFACE 5 
4 3 
6 4 
1 
INTERFACE 6 
5 2 
12 1 
1 
INTERFACE 7 
6 2 
7 1 
1 
INTERFACE 8 
7 2 
8 1 
1 
INTERFACE 9 
8 2 
9 1 
1 
INTERFACE 10 
9 2 
10 1 
1 
INTERFACE 11 
10 2 
14 1 
1 
INTERFACE 12 
11 3 
12 4 
1 
INTERFACE 13 
12 3 
13 4 
1 
INTERFACE 14 
13 3 
14 4 
1 
INTERFACE 15 
15 3 
16 4 
1 
INTERFACE 16 
17 1 
18 2 
1 
INTERFACE 17 
17 3 
19 4 
1 
INTERFACE 18 
18 3 
21 4 
1 
INTERFACE 19 
19 1 
21 2 
1 
INTERFACE 20 
19 3 
20 4 
1 
INTERFACE 21 
20 1 
22 2 
1 
INTERFACE 22 
21 1 
23 2 
1 
INTERFACE 23 
21 3 
22 4 
1 
INTERFACE 24 
22 1 
24 2 
1 
INTERFACE 25 
23 1 
26 2 
1 
INTERFACE 26 
23 3 
24 4 
1 
INTERFACE 27 
24 1 
25 2 
1 
INTERFACE 28 
25 1 
34 2 
1 
INTERFACE 29 
25 4 
26 3 
1 
INTERFACE 30 
26 1 
33 2 
1 
INTERFACE 31 
26 4 
27 3 
1 
INTERFACE 32 
27 1 
32 2 
1 
INTERFACE 33 
27 4 
29 3 
1 
INTERFACE 34 
28 1 
29 2 
1 
INTERFACE 35 
29 1 
30 2 
1 
INTERFACE 36 
30 3 
31 2 
-1 
INTERFACE 37 
31 3 
32 4 
1 
INTERFACE 38 
32 3 
33 4 
1 
INTERFACE 39 
33 3 
34 4 
1 
BOUNDARY 1 
20 
6 3 
7 3 
8 3 
9 3 
10 3 
14 3 
15 1 
16 1 
17 4 
18 4 
18 1 
23 4 
27 2 
28 3 
28 2 
28 4 
29 4 
30 4 
30 1 
31 4 
BOUNDARY 2 
8 
5 3 
13 1 
10 4 
9 4 
8 4 
7 4 
4 2 
3 2 
BOUNDARY 3 
17 
1 4 
1 2 
5 4 
11 1 
11 4 
11 2 
12 2 
13 2 
15 2 
16 2 
19 2 
20 2 
20 3 
22 3 
24 3 
25 3 
34 3 
BOUNDARY 4 
9 
1 1 
2 1 
3 1 
4 1 
6 1 
31 1 
32 1 
33 1 
34 1 
