x y c
0.1  0.045  1  1  1  1  1  1  1  1  1
0.101625  0.045  1  1  1  1  1  1  1  1  1
0.10325  0.045  1  1  1  1  1  1  1  1  1
0.104875  0.045  1  1  1  1  1  1  1  1  1
0.1065  0.045  1  1  1  1  1  1  1  1  1
0.108125  0.045  1  1  1  1  1  1  1  1  1
0.10975  0.045  1  1  1  1  1  1  1  1  1
0.111375  0.045  1  1  1  1  1  1  1  1  1
0.113  0.045  1  1  1  1  1  1  1  1  1

0.095975  0.04779166666666673  1  1  1  1  1  1  1  1  1
0.09776825626626852  0.04748211837033632  1  1  1  1  1  1  1  1  1
0.09959070376375262  0.04716753114228123  1  1  1  1  1  1  1  1  1
0.1014430611185541  0.04684778093470656  1  1  1  1  1  1  1  1  1
0.1033260707400031  0.04652273959440432  1  1  1  1  1  1  1  1  1
0.1052404998127612  0.0461922746914985  1  1  1  1  1  1  1  1  1
0.1071871413390044  0.04585624933954561  1  1  1  1  1  1  1  1  1
0.1091668152336605  0.04551452200647693  1  1  1  1  1  1  1  1  1
0.1111803694758785  0.04516694631583434  1  1  1  1  1  1  1  1  1

0.09195  0.05058333333333344  1  1  1  1  1  1  1  1  1
0.09390956911425656  0.05003263659469832  1  1  1  1  1  1  1  1  1
0.09592446472163994  0.0494663914790739  1  1  1  1  1  1  1  1  1
0.09799706350692522  0.04888393006791374  1  1  1  1  1  1  1  1  1
0.100129880260854  0.04828454563082001  1  1  1  1  1  1  1  1  1
0.1023255780594517  0.04766748976485489  1  1  1  1  1  1  1  1  1
0.1045869793571552  0.04703196927704448  1  1  1  1  1  1  1  1  1
0.1069170780909091  0.04637714278277054  1  1  1  1  1  1  1  1  1
0.1093190529043811  0.04570211698937586  1  1  1  1  1  1  1  1  1

0.08792499999999999  0.05337500000000012  1  1  1  1  1  1  1  1  1
0.09007585580903307  0.05263493480252408  1  1  1  1  1  1  1  1  1
0.09230316033589635  0.05186856517533213  1  1  1  1  1  1  1  1  1
0.09461106319678826  0.05107446332093152  1  1  1  1  1  1  1  1  1
0.09700401986189244  0.05025109620377082  1  1  1  1  1  1  1  1  1
0.09948682036368649  0.04939681567230189  1  1  1  1  1  1  1  1  1
0.1020646213006847  0.04850984744715103  1  1  1  1  1  1  1  1  1
0.1047429815865543  0.04758827882058413  1  1  1  1  1  1  1  1  1
0.1075279024661484  0.04663004488781369  1  1  1  1  1  1  1  1  1

0.0839  0.05616666666666675  1  1  1  1  1  1  1  1  1
0.08629418627787683  0.05527135904663071  1  1  1  1  1  1  1  1  1
0.08877935882923801  0.05434202704648606  1  1  1  1  1  1  1  1  1
0.09136080474447711  0.05337669355511124  1  1  1  1  1  1  1  1  1
0.09404422883945794  0.05237322525265517  1  1  1  1  1  1  1  1  1
0.09683579574167338  0.051329316872389  1  1  1  1  1  1  1  1  1
0.09974217716929661  0.05024247352067206  1  1  1  1  1  1  1  1  1
0.1027706051663463  0.04910999076962496  1  1  1  1  1  1  1  1  1
0.1059289321881343  0.04792893218813475  1  1  1  1  1  1  1  1  1

0.079875  0.05895833333333336  1  1  1  1  1  1  1  1  1
0.08259115553828186  0.05792361426316527  1  1  1  1  1  1  1  1  1
0.08540385246602225  0.05685211776426551  1  1  1  1  1  1  1  1  1
0.08831833102432511  0.05574184756752281  1  1  1  1  1  1  1  1  1
0.09134021769450276  0.05459066026567283  1  1  1  1  1  1  1  1  1
0.09447556145165981  0.05339625150250051  1  1  1  1  1  1  1  1  1
0.09773087417983543  0.0521561405766973  1  1  1  1  1  1  1  1  1
0.1011131758168983  0.05086765324391975  1  1  1  1  1  1  1  1  1
0.1046300448878133  0.04952790246614878  1  1  1  1  1  1  1  1  1

0.07585  0.06174999999999994  1  1  1  1  1  1  1  1  1
0.07899226391729591  0.06057318501339452  1  1  1  1  1  1  1  1  1
0.08222324654410716  0.05936314382119405  1  1  1  1  1  1  1  1  1
0.08554675900950141  0.05811844911050545  1  1  1  1  1  1  1  1  1
0.08896683390214798  0.05683759062919654  1  1  1  1  1  1  1  1  1
0.09248774159334593  0.05551896907272916  1  1  1  1  1  1  1  1  1
0.09611400802539043  0.05416088942220557  1  1  1  1  1  1  1  1  1
0.09985043412107812  0.05276155367527924  1  1  1  1  1  1  1  1  1
0.1037021169893755  0.05131905290438143  1  1  1  1  1  1  1  1  1

0.071825  0.06454166666666648  1  1  1  1  1  1  1  1  1
0.0755213351477307  0.06320176385058301  1  1  1  1  1  1  1  1  1
0.07927784048751779  0.06184004964387654  1  1  1  1  1  1  1  1  1
0.08309599728167065  0.06045598709644372  1  1  1  1  1  1  1  1  1
0.08697733581548775  0.05904902148759528  1  1  1  1  1  1  1  1  1
0.09092343744222167  0.05761857958476663  1  1  1  1  1  1  1  1  1
0.09493593673127054  0.05616406886480926  1  1  1  1  1  1  1  1  1
0.09901652372572686  0.05468487669564074  1  1  1  1  1  1  1  1  1
0.1031669463158342  0.05318036947587864  1  1  1  1  1  1  1  1  1

0.0678  0.067333333333333  1  1  1  1  1  1  1  1  1
0.0722  0.06579166666666637  1  1  1  1  1  1  1  1  1
0.0766  0.06424999999999975  1  1  1  1  1  1  1  1  1
0.08099999999999999  0.06270833333333313  1  1  1  1  1  1  1  1  1
0.0854  0.06116666666666649  1  1  1  1  1  1  1  1  1
0.0898  0.05962499999999987  1  1  1  1  1  1  1  1  1
0.09420000000000001  0.05808333333333325  1  1  1  1  1  1  1  1  1
0.09859999999999999  0.05654166666666663  1  1  1  1  1  1  1  1  1
0.103  0.055  1  1  1  1  1  1  1  1  1

