x y c
0.406  0.02  110019.0794197645
0.406  0.02125  112395.6892181986
0.406  0.0225  113490.2824488948
0.406  0.02375  117769.4969449993
0.406  0.025  133586.1036766123
0.406  0.02625  560878.3154138491
0.406  0.0275  575475.2376726228
0.406  0.02875  687961.550287949
0.406  0.03  1070367.8822067

0.4072500000000001  0.02  116346.9944200636
0.4072500000000001  0.02125  117734.181844505
0.4072500000000001  0.0225  120646.7526714824
0.4072500000000001  0.02375  125930.8251139849
0.4072500000000001  0.025  139880.1974779965
0.4072500000000001  0.02625  155233.4456240574
0.4072500000000001  0.0275  190675.1017192947
0.4072500000000001  0.02875  246392.4657504454
0.4072500000000001  0.03  1659898.82512602

0.4085  0.02  110110.381661835
0.4085  0.02125  112848.1286445592
0.4085  0.0225  116879.8816321756
0.4085  0.02375  121518.8035136543
0.4085  0.025  129848.6738840952
0.4085  0.02625  143551.2350298708
0.4085  0.0275  170165.8003864918
0.4085  0.02875  191003.1896294208
0.4085  0.03  1433140.449534213

0.40975  0.02  103888.5676045648
0.40975  0.02125  105596.1851691762
0.40975  0.0225  109501.7308001128
0.40975  0.02375  113196.2489431464
0.40975  0.025  115703.9116353288
0.40975  0.02625  125236.3594162531
0.40975  0.0275  139485.5885145823
0.40975  0.02875  158848.2880523646
0.40975  0.03  1261097.368937195

0.411  0.02  97813.31042069735
0.411  0.02125  98127.31762776166
0.411  0.0225  99868.925878845
0.4109999999999999  0.02375  101403.9670523637
0.411  0.025  100950.0197424668
0.4109999999999999  0.02625  109109.1274012335
0.411  0.0275  118049.7302448357
0.411  0.02875  132840.5592587664
0.411  0.03  1155989.893306387

0.41225  0.02  92080.9305145613
0.41225  0.02125  92213.1932676061
0.41225  0.0225  92528.80289089119
0.41225  0.02375  89913.02665678467
0.41225  0.025  87718.61236458324
0.41225  0.02625  92395.57479094653
0.41225  0.0275  96011.60152882278
0.41225  0.02875  108382.3776837074
0.41225  0.03  1053458.762151086

0.4135  0.02  88950.85051953554
0.4135  0.02125  87189.26447437398
0.4135  0.0225  85604.66826932454
0.4135  0.02375  81993.76621705
0.4135  0.025  77059.54003726404
0.4135  0.02625  71689.34578029391
0.4135  0.0275  73907.27079725679
0.4135  0.02875  79159.95497617699
0.4135  0.03  922276.7151649902

0.41475  0.02  88193.75812771863
0.41475  0.02125  85721.04225441758
0.41475  0.0225  81199.95735549679
0.41475  0.02375  76476.2244807658
0.41475  0.025  66316.67318992507
0.41475  0.02625  53369.46393929004
0.41475  0.0275  43144.85982381477
0.41475  0.02875  47545.08145783829
0.41475  0.03  765266.5894094758

0.416  0.02  87448.02845708125
0.416  0.02125  51716.38163886808
0.416  0.0225  42867.10798603359
0.416  0.02375  24668.5918968822
0.416  0.025  55688.62818708955
0.416  0.02625  39541.08169907902
0.416  0.0275  20232.78574479416
0.416  0.02875  323644.3222874646
0.416  0.03  609077.7379129828

