x y c
0.236  0.027  3202727.121279318
0.2343125  0.028  3304274.145821093
0.232625  0.029  3395425.286939373
0.2309375  0.03  3498144.101649939
0.22925  0.031  3636821.906534961
0.2275625  0.032  3837944.356534043
0.225875  0.033  4149374.720111698
0.2241875  0.034  4839590.365913875
0.2225  0.035  6067172.847428027

0.238125  0.027  2955539.763400733
0.236640625  0.028  3025678.750138721
0.23515625  0.029  3089532.7807706
0.233671875  0.03  3165584.309500682
0.2321875  0.031  3253017.023588785
0.230703125  0.032  3351642.625649262
0.22921875  0.033  3499307.382540916
0.227734375  0.034  3653957.151223291
0.22625  0.035  3918720.073131647

0.24025  0.027  2716417.485507181
0.23896875  0.028  2761141.538219046
0.2376875  0.029  2807044.958439053
0.23640625  0.03  2853527.773337158
0.235125  0.031  2901100.796525165
0.23384375  0.032  2965356.337658664
0.2325625  0.033  3028850.1024804
0.23128125  0.034  3101866.857667476
0.23  0.035  3197310.432316468

0.242375  0.027  2488504.131787467
0.241296875  0.028  2518180.962638693
0.24021875  0.029  2540332.771209442
0.239140625  0.03  2565174.504528407
0.2380625  0.031  2588702.299119762
0.236984375  0.032  2617108.448574586
0.23590625  0.033  2644574.97919642
0.234828125  0.034  2682094.205148364
0.23375  0.035  2727613.790692483

0.2445  0.027  2274040.038655878
0.243625  0.028  2279767.413115314
0.24275  0.029  2286478.023980109
0.241875  0.03  2294298.334057532
0.241  0.031  2303191.194228115
0.240125  0.032  2314892.960633161
0.23925  0.033  2324179.673383383
0.238375  0.034  2332516.940281299
0.2375  0.035  2348430.082503994

0.246625  0.027  2073957.796371062
0.245953125  0.028  2067511.152913186
0.24528125  0.029  2059807.410600498
0.244609375  0.03  2049046.08972289
0.2439375  0.031  2039344.299727803
0.243265625  0.032  2034139.644849123
0.24259375  0.033  2025922.803864074
0.241921875  0.034  2020215.95115482
0.24125  0.035  2019737.558237754

0.24875  0.027  1881934.770448576
0.24828125  0.028  1858460.995085297
0.2478125  0.029  1835689.332389122
0.24734375  0.03  1820914.384744174
0.246875  0.031  1800705.571400156
0.24640625  0.032  1782288.998242369
0.2459375  0.033  1764443.201319766
0.24546875  0.034  1750137.792877277
0.245  0.035  1734360.8897463

0.250875  0.027  1803348.318202803
0.250609375  0.028  1725984.029779144
0.25034375  0.029  1644711.700241521
0.250078125  0.03  1605945.656237056
0.2498125  0.031  1581181.133564143
0.249546875  0.032  1555836.253684967
0.24928125  0.033  1534389.71380225
0.249015625  0.034  1521294.896410663
0.24875  0.035  1506119.028565805

0.253  0.027  1880413.985297855
0.2529375  0.028  1673034.247503988
0.252875  0.029  1480311.727973313
0.2528125  0.03  1350861.414936755
0.25275  0.031  1282831.347694488
0.2526875  0.032  1221990.420546675
0.252625  0.033  1165392.340627554
0.2525625  0.034  991428.816526836
0.2525  0.035  945356.7467309453

