x y c
0.307  0  2301496.396382787
0.307  0.000625  2301325.128940106
0.307  0.00125  2301153.861497418
0.307  0.001875  2300982.594054737
0.307  0.0025  2283088.117899355
0.307  0.003125  2257990.848075923
0.307  0.00375  2221805.612293004
0.307  0.004375  2185620.376510085
0.307  0.005  2149435.140727165

0.31771724155583  0  3009757.290086404
0.31771724155583  0.0007094619693808438  3010721.003236587
0.31771724155583  0.001418923938761688  3012573.287891657
0.31771724155583  0.002128385908142532  3014822.860123571
0.31771724155583  0.002837847877523375  3017223.417407961
0.31771724155583  0.003547309846904219  3022367.681743025
0.31771724155583  0.004256771816285063  3029715.175198126
0.31771724155583  0.004966233785665907  3042585.253860399
0.31771724155583  0.005675695755046751  3058684.572613985

0.32843448311166  0  3659420.850170776
0.32843448311166  0.0007939239387616875  3658775.310977945
0.32843448311166  0.001587847877523375  3658220.701088753
0.32843448311166  0.002381771816285063  3657763.978183283
0.32843448311166  0.00317569575504675  3657393.281977565
0.32843448311166  0.003969619693808438  3657124.339616029
0.32843448311166  0.004763543632570125  3656972.793909767
0.32843448311166  0.005557467571331813  3656848.161844565
0.32843448311166  0.0063513915100935  3655729.865039852

0.33915172466749  0  3843773.667873404
0.33915172466749  0.0008783859081425313  3844566.433485701
0.33915172466749  0.001756771816285063  3844828.891826897
0.33915172466749  0.002635157724427594  3844246.436597658
0.33915172466749  0.003513543632570125  3842416.081361234
0.33915172466749  0.004391929540712656  3839756.611446219
0.33915172466749  0.005270315448855188  3838334.413248724
0.33915172466749  0.006148701356997719  3841276.099521848
0.33915172466749  0.00702708726514025  3854637.795333317

0.34986896622332  0  3732676.98635539
0.34986896622332  0.0009628478775233751  3731092.938526187
0.34986896622332  0.00192569575504675  3729107.180365373
0.34986896622332  0.002888543632570125  3726577.68361405
0.34986896622332  0.0038513915100935  3724055.181005032
0.34986896622332  0.004814239387616876  3721462.642493991
0.34986896622332  0.00577708726514025  3718898.279508181
0.34986896622332  0.006739935142663626  3716219.600599107
0.34986896622332  0.007702783020187001  3719936.977560055

0.36058620777915  0  3596706.702194116
0.36058620777915  0.001047309846904219  3601034.466175059
0.36058620777915  0.002094619693808438  3605362.328567362
0.36058620777915  0.003141929540712656  3609696.631748102
0.36058620777915  0.004189239387616875  3614036.851789739
0.36058620777915  0.005236549234521094  3618077.8930523
0.36058620777915  0.006283859081425313  3621497.618224714
0.36058620777915  0.007331168928329532  3622701.931124869
0.36058620777915  0.00837847877523375  3617444.245325263

0.37130344933498  0  3558644.891144744
0.37130344933498  0.001131771816285062  3559070.265312714
0.37130344933498  0.002263543632570125  3555794.014700078
0.37130344933498  0.003395315448855188  3550062.172830933
0.37130344933498  0.00452708726514025  3547139.12406679
0.37130344933498  0.005658859081425312  3542115.912663013
0.37130344933498  0.006790630897710375  3539023.19331842
0.37130344933498  0.007922402713995438  3533680.892198285
0.37130344933498  0.0090541745302805  3530711.428791886

0.38202069089081  0  3446955.996290049
0.38202069089081  0.001216233785665906  3497836.627794748
0.38202069089081  0.002432467571331813  3510834.57111098
0.38202069089081  0.003648701356997719  3503286.064503852
0.38202069089081  0.004864935142663626  3495097.709319932
0.38202069089081  0.006081168928329532  3504202.878031341
0.38202069089081  0.007297402713995439  3535791.131457982
0.38202069089081  0.008513636499661345  3577010.562866731
0.38202069089081  0.009729870285327251  3619587.300067832

0.39273793244664  0  1772419.457959833
0.39273793244664  0.00130069575504675  1769118.616229252
0.39273793244664  0.0026013915100935  1770016.448655201
0.39273793244664  0.00390208726514025  1818067.414778597
0.39273793244664  0.005202783020187  1907573.111456473
0.39273793244664  0.00650347877523375  2020529.707818293
0.39273793244664  0.007804174530280501  2196175.408936312
0.39273793244664  0.009104870285327251  2702797.087160158
0.39273793244664  0.010405566040374  2012572.812751963

