x y c
0.046  0.027  831520.7574671129
0.0418125  0.030125  766416.309101803
0.03762500000000001  0.03325  711475.1085971883
0.0334375  0.036375  663213.408791249
0.02925  0.0395  621797.7551041266
0.0250625  0.042625  585778.1924935943
0.020875  0.04575  555275.753894078
0.0166875  0.048875  530341.379494762
0.0125  0.052  521882.1907844713

0.06975000000000001  0.027  1034710.79845943
0.065875  0.029859375  951468.4769581709
0.06200000000000001  0.03271875  879651.7970720417
0.058125  0.035578125  815393.8234416244
0.05425000000000001  0.0384375  761198.291032467
0.050375  0.041296875  710192.3875466809
0.0465  0.04415625  665890.0453465136
0.042625  0.04701562500000001  625000.4960587749
0.03875  0.049875  564529.5462006839

0.0935  0.027  1293583.085492271
0.0899375  0.02959375  1197165.816596337
0.08637499999999999  0.0321875  1114584.191056513
0.08281250000000001  0.03478125  1034532.924952344
0.07925  0.037375  969601.7058625307
0.07568749999999999  0.03996875  908064.252855415
0.07212499999999999  0.0425625  852987.3796243967
0.0685625  0.04515625  801127.0949898036
0.065  0.04775  693029.5387323695

0.11725  0.027  1586290.677722331
0.114  0.029328125  1487515.974396838
0.11075  0.03165625  1399328.931928735
0.1075  0.033984375  1315501.718921166
0.10425  0.0363125  1240259.655455825
0.101  0.038640625  1171584.637114034
0.09775  0.04096875  1107419.434172761
0.09449999999999999  0.043296875  1047226.649543758
0.09125  0.045625  898887.0419749049

0.141  0.027  1868922.483267129
0.1380625  0.0290625  1786909.854162635
0.135125  0.031125  1709395.681217608
0.1321875  0.0331875  1632407.265802744
0.12925  0.03525  1560168.67918832
0.1263125  0.0373125  1491629.717612687
0.123375  0.039375  1426672.059629111
0.1204375  0.0414375  1363193.101920714
0.1175  0.0435  1197177.617838582

0.16475  0.027  2017531.001610859
0.162125  0.028796875  1997594.717871633
0.1595  0.03059375  1966212.904059692
0.156875  0.03239062500000001  1933517.837994101
0.15425  0.0341875  1884172.35072201
0.151625  0.035984375  1838238.357132973
0.149  0.03778125  1787785.07119742
0.146375  0.03957812500000001  1735867.402474025
0.14375  0.041375  1592036.902174766

0.1885  0.027  1875847.061552974
0.1861875  0.02853125  1972252.431744603
0.183875  0.0300625  2041027.014529705
0.1815625  0.03159375  2091292.271304467
0.17925  0.033125  2124040.571743978
0.1769375  0.03465625  2137789.413997763
0.174625  0.0361875  2136509.916059679
0.1723125  0.03771875  2123812.932830382
0.17  0.03925  2062693.206717992

0.21225  0.027  3045151.769235876
0.21025  0.028265625  2859233.336516211
0.20825  0.02953125  2754728.738329522
0.20625  0.030796875  2690855.557304696
0.20425  0.0320625  2668905.757075389
0.20225  0.03332812500000001  2672731.784080335
0.20025  0.03459375000000001  2676475.153643548
0.19825  0.03585937500000001  2682464.411319109
0.19625  0.03712500000000001  2682353.685503606

0.236  0.027  3202727.121279318
0.2343125  0.028  3304274.145821093
0.232625  0.029  3395425.286939373
0.2309375  0.03  3498144.101649939
0.22925  0.031  3636821.906534961
0.2275625  0.032  3837944.356534043
0.225875  0.033  4149374.720111698
0.2241875  0.034  4839590.365913875
0.2225  0.035  6067172.847428027

