x y c
0.2225  0.045  2765514.696887236
0.2178125  0.0475  3977622.522292362
0.213125  0.05  4360005.834280612
0.2084375  0.0525  4329892.422395319
0.20375  0.055  4267940.449971547
0.1990625  0.0575  3891174.41452097
0.194375  0.06  3674778.644462442
0.1896875  0.0625  3423251.046394298
0.185  0.065  3156106.868688364

0.2234375  0.045  1440485.35218156
0.2190352421987324  0.04722484962333155  3827723.00560254
0.2146135474012674  0.0495151146783494  4393786.697773444
0.2102029597666728  0.05185594093407281  4405689.969044838
0.2058344376784588  0.05423149005224034  4329116.91960781
0.2015386402094098  0.05662529114907996  4073012.543203841
0.1973452140700364  0.05902061926434812  3811139.95081385
0.1932821155853018  0.06140088262155022  3619212.775316231
0.189375  0.06375  3388281.058236539

0.224375  0.045  957890.1331002888
0.2202778886079847  0.04694522025589336  3197613.051397007
0.2161441224641089  0.04901653909988652  4383623.163836805
0.212031169967371  0.05118898982229565  4517102.234301453
0.2079980902527784  0.05343377441696653  4403147.525441117
0.2041027908486132  0.05571949217587152  4364170.361164909
0.2003992891925539  0.05801358668363224  3981962.129063041
0.1969352455372646  0.06028387343916201  3795801.136556578
0.19375  0.0625  3644805.333358355

0.2253125  0.045  475302.3391706381
0.2215409292271378  0.04666100163444738  2411539.412652245
0.2177185305894773  0.0485036851661599  4240684.812341876
0.2139255366790686  0.05049790409047017  4557639.722323777
0.2102455607943771  0.05260515599082464  4489320.055323477
0.2067597291004783  0.05478091551675399  4464617.120684478
0.2035408278240863  0.05697771440524415  4353055.294661012
0.2006483303552941  0.05914853199462986  4049063.160226881
0.198125  0.06125  3856342.590688946

0.22625  0.045  92626.94420611423
0.2228248702723047  0.04637207984654803  1529106.346173667
0.2193386820877543  0.04797593060510534  3696083.02157422
0.2158897170289973  0.04978134957851332  4667769.209306354
0.2125818160567799  0.05174380358474555  4664315.409922846
0.2095145842576464  0.05380774922357708  4559429.229835075
0.2067736417550877  0.05591174555205271  4606690.078986824
0.2044228582127198  0.05799440325260163  4514599.256717531
0.2025  0.06  4331887.128494356

0.2271875  0.045  5891.51909164959
0.2241302348528017  0.04607833717831775  801886.95500231
0.2210065999112659  0.04743261645222612  2883812.26030617
0.2179276427589247  0.04903789194395069  4418663.565053765
0.2150122231168674  0.05084773841470721  4858712.740972193
0.2123728707725377  0.0527980452885819  4779731.349168661
0.2101017675392181  0.05481434913484303  4720257.324040418
0.2082603669454847  0.05682101699250154  4833490.512173718
0.206875  0.05875  4866071.809234303

0.228125  0.045  3982.852403066499
0.2254575636817678  0.04577965195453833  299765.8297461016
0.2227244280809532  0.04687304430565551  1737828.90433696
0.2200435464943814  0.04826598707861447  3513451.462455172
0.2175425905371849  0.04991481892563004  4760397.025609958
0.2153405251011768  0.0517497066291364  5207019.754091434
0.2135294833077358  0.05368411450803876  5287991.834913443
0.2121624461412206  0.05562788716975844  5316315.066631854
0.21125  0.0575  5479568.439210921

0.2290625  0.045  2086.357158002179
0.2268074158229577  0.04547589837060199  7582.107106856073
0.2244944408810078  0.04629647333106012  564223.751411801
0.2222419910881557  0.04746397040381509  2238253.03527503
0.2201792147137915  0.04894272370341929  3867720.141289291
0.2184239468588209  0.05066047254930468  5112694.298795369
0.2170613271162639  0.05251954532014805  5781720.265156643
0.2161307393346713  0.0544145112445162  5997112.900021675
0.215625  0.05625  6415046.925996983

0.23  0.045  303.8486226687714
0.2281803694758785  0.04516694631583434  3725.032112196891
0.2263190529043811  0.04570211698937586  11683.53721725973
0.2245279024661484  0.04663004488781369  496197.567301076
0.2229289321881343  0.04792893218813475  425649.1293771343
0.2216300448878133  0.04952790246614878  2012052.128628803
0.2207021169893755  0.05131905290438143  1566324.679350956
0.2201669463158341  0.05318036947587864  4213487.665101809
0.22  0.055  8583460.679760925

