x y c
0.398  0.03  4073206.321508439
0.398  0.04225  1549790.450539494
0.398  0.0545  1131013.15187614
0.398  0.06675  994757.429641357
0.398  0.079  856862.3394702791
0.398  0.09125  740094.3799275412
0.398  0.1035  641856.4889041648
0.398  0.11575  549417.7948496237
0.398  0.128  292446.191400712

0.399  0.03  3571407.041620785
0.399  0.04225  1482606.020130545
0.399  0.0545  1095730.84747959
0.399  0.06675  971383.2485294079
0.399  0.079  831225.9723492294
0.399  0.09125  724641.5498154497
0.399  0.1035  624626.1988592353
0.399  0.11575  535226.3859963074
0.399  0.128  288453.0826403562

0.4  0.03  3069607.76173318
0.3999999999999999  0.04225  1416344.0999896
0.4  0.0545  1060651.962995731
0.4  0.06675  948051.8370460517
0.4  0.079  805589.978024293
0.4  0.09125  708711.9005064816
0.4  0.1035  607420.7216637753
0.4  0.11575  521040.9614058349
0.4  0.128  284460.0206889377

0.401  0.03  2567808.481845519
0.401  0.04225000000000001  1352299.830784775
0.401  0.05450000000000001  1025797.319416076
0.401  0.06675  924766.6947319483
0.401  0.07900000000000001  779954.3933029823
0.401  0.09125000000000001  692516.5173873197
0.401  0.1035  590242.0994996651
0.401  0.11575  506865.3053241924
0.401  0.128  280466.0075504021

0.402  0.03  2066009.201957886
0.402  0.04225  1295564.066031757
0.402  0.0545  991189.2216343473
0.402  0.06675  901531.2551221392
0.402  0.079  759055.962422482
0.402  0.09125  676346.2086339918
0.402  0.1035  573092.222681556
0.402  0.11575  492791.0228980186
0.402  0.128  276473.0453389213

0.403  0.03  1818817.379131359
0.403  0.04225  1250804.311682735
0.403  0.0545  956857.7920797423
0.403  0.06675  878349.9234163978
0.403  0.079  741776.8618315028
0.403  0.09125  660202.4479293181
0.403  0.1035  558612.0257868706
0.403  0.11575  478927.8839842406
0.403  0.128  260635.0146729901

0.404  0.03  1610982.677882166
0.4040000000000001  0.04225  1209600.378599697
0.404  0.0545  924143.7732076092
0.404  0.06675  855226.4852804256
0.404  0.07899999999999999  724495.0480593753
0.404  0.09125  644087.4727007797
0.404  0.1035  544614.5390664932
0.404  0.11575  465070.5635187984
0.404  0.128  244797.009297239

0.405  0.03  1386586.097446158
0.405  0.04225  1168328.094469375
0.4050000000000001  0.0545  891769.0275741668
0.405  0.06675  832166.9601895167
0.405  0.079  707093.815023002
0.405  0.09125  628004.1319786455
0.405  0.1035  530648.1939236071
0.405  0.11575  451220.0183059912
0.405  0.128  228960.0344599747

0.406  0.03  1070367.8822067
0.406  0.04225  1121387.086101329
0.406  0.0545  859652.1776635684
0.406  0.06675  809175.4874033602
0.406  0.079  689770.5560646122
0.406  0.09125  611954.2560998817
0.406  0.1035  516715.9570658181
0.406  0.11575  437397.3708461036
0.406  0.128  213122.096968557

