x y c
0  0  672125.0000160595
0  0.003375  671907.0000087013
0  0.00675  671340.0000057048
0  0.010125  670418.7500061479
0  0.0135  669076.0000019309
0  0.016875  667392.7500100059
0  0.02025  665302.7500328186
0  0.023625  662852.7501211353
0  0.027  659862.0104360391

0.00575  0  673219.0002106685
0.00575  0.003375  673016.3015031475
0.00575  0.00675  672473.9605128509
0.00575  0.010125  671531.5323421817
0.00575  0.0135  670179.9988875032
0.00575  0.016875  668506.304872931
0.00575  0.02025  666426.5679781249
0.00575  0.023625  663943.0301142129
0.00575  0.027  662596.8020339228

0.0115  0  676520.0002692098
0.0115  0.003375  676342.7287627937
0.0115  0.00675  675760.3198559817
0.0115  0.010125  674806.8764186334
0.0115  0.0135  673452.1083709006
0.0115  0.016875  671797.3498918335
0.0115  0.02025  669703.9200878467
0.0115  0.023625  667243.2438728678
0.0115  0.027  670745.7598590999

0.01725  0  682024.5000778328
0.01725  0.003375  681801.0629341733
0.01725  0.006750000000000001  681239.874478298
0.01725  0.010125  680332.1967051277
0.01725  0.0135  678989.8737462965
0.01725  0.016875  677286.4843013756
0.01725  0.02025  675225.3377121371
0.01725  0.023625  672778.6607293633
0.01725  0.027  684719.6060049412

0.023  0  689744.000058281
0.023  0.003375  689612.097118173
0.023  0.00675  689023.5202960878
0.023  0.010125  688066.5563353503
0.023  0.0135  686707.4486639401
0.023  0.016875  685004.4856268696
0.023  0.02025  682902.5206062848
0.023  0.023625  680481.4656030473
0.023  0.027  704020.4179126718

0.02875  0  699794.7501484234
0.02875  0.003375  699621.2804182481
0.02875  0.006750000000000001  699048.5590928483
0.02875  0.010125  698065.0688372417
0.02875  0.0135  696713.1738599131
0.02875  0.016875  695037.0490533466
0.02875  0.02025  692927.6453936542
0.02875  0.023625  690483.8401971061
0.02875  0.027  728567.1881188491

0.0345  0  712112.0012139913
0.0345  0.003375  711933.973323828
0.0345  0.00675  711383.9754284298
0.0345  0.010125  710440.7004576339
0.0345  0.0135  709146.3630952963
0.0345  0.016875  707390.7644788719
0.0345  0.02025  705287.3760869633
0.0345  0.023625  702829.3866617179
0.0345  0.027  758311.5306385398

0.04025  0  726824.2507778381
0.04025  0.003375  726558.6192538081
0.04025  0.00675  726035.4601905443
0.04025  0.010125  725074.4213764948
0.04025  0.0135  723746.6665806354
0.04025  0.016875  722021.9662941894
0.04025  0.02025  719940.4157330174
0.04025  0.023625  717502.8242280621
0.04025  0.027  792726.272277337

0.046  0  743792.0004335642
0.046  0.003375  743540.0945682258
0.046  0.00675  743024.1629114827
0.046  0.010125  742143.4972922168
0.046  0.0135  740805.369120321
0.046  0.016875  739036.1648973384
0.046  0.02025  737016.8737806897
0.046  0.023625  734557.2200223792
0.046  0.027  831520.7574671129

