x y c
0.253  0  905750.0664342708
0.253  0.003375  901749.4704700267
0.253  0.00675  890852.880243948
0.253  0.010125  866206.7439344859
0.253  0.0135  819327.8059503667
0.253  0.016875  750115.1236716242
0.253  0.02025  633784.6304460418
0.253  0.023625  489868.5423814417
0.253  0.027  1880413.985297855

0.254375  0  913373.0335278313
0.254375  0.0032265625  911870.5039870412
0.254375  0.006453125000000001  902364.1511101413
0.254375  0.009679687500000001  888891.7046085752
0.254375  0.01290625  850163.7567156326
0.254375  0.0161328125  790249.9430155543
0.254375  0.019359375  676692.8507053867
0.254375  0.0225859375  525547.4277205028
0.254375  0.0258125  545838.6098528201

0.25575  0  924334.2741286494
0.25575  0.003078125  923218.1662878543
0.25575  0.00615625  918922.6768432801
0.25575  0.009234375  911093.7358534685
0.25575  0.0123125  887288.2930297472
0.25575  0.015390625  832263.4145670003
0.25575  0.01846875  737819.4256123696
0.25575  0.021546875  593447.7595955866
0.25575  0.024625  758562.9447615077

0.257125  0  935573.2576558325
0.257125  0.0029296875  935446.6539300897
0.257125  0.005859375  936584.7925221368
0.257125  0.0087890625  932877.588361218
0.257125  0.01171875  925668.2673535458
0.257125  0.0146484375  897365.0178551604
0.257125  0.017578125  823794.100000497
0.257125  0.0205078125  681670.7355743038
0.257125  0.0234375  908149.4898077813

0.2585  0  947013.0182804135
0.2585  0.00278125  947733.1382558401
0.2585  0.0055625  952041.8121608682
0.2585  0.00834375  957815.6460221219
0.2585  0.011125  965097.4712827244
0.2585  0.01390625  965827.2077258929
0.2585  0.0166875  920791.7816154076
0.2585  0.01946875  802627.8749395399
0.2585  0.02225  859089.0221443496

0.259875  0  957315.2677138395
0.259875  0.0026328125  957855.2576143775
0.259875  0.005265625  964605.9770527134
0.259875  0.007898437500000001  979047.6681868624
0.259875  0.01053125  994122.0981567025
0.259875  0.0131640625  1018624.880425971
0.259875  0.015796875  1038870.020349122
0.259875  0.0184296875  944009.3601254937
0.259875  0.0210625  1068934.436101672

0.26125  0  965855.6573433438
0.26125  0.002484375  967306.2194161117
0.26125  0.00496875  975574.3002294743
0.26125  0.007453125  991728.4316891225
0.26125  0.0099375  1015798.781802988
0.26125  0.012421875  1066264.069117922
0.26125  0.01490625  1143026.664150086
0.26125  0.017390625  1148470.865334363
0.26125  0.019875  987015.1645094462

0.262625  0  969738.2589396439
0.262625  0.0023359375  972632.1746436055
0.262625  0.004671875000000001  981422.3931620615
0.262625  0.007007812500000001  996743.1284022292
0.262625  0.009343750000000001  1025135.016234991
0.262625  0.0116796875  1075708.063733743
0.262625  0.014015625  1160198.594141745
0.262625  0.0163515625  1431605.336972221
0.262625  0.0186875  1152777.811714791

0.264  0  971809.0034067384
0.264  0.0021875  975974.1654904505
0.264  0.004375  984900.6194239772
0.264  0.006562500000000001  997545.0658071586
0.264  0.008750000000000001  1028030.023928576
0.264  0.0109375  1087192.391098896
0.264  0.013125  1163799.464293626
0.264  0.0153125  1550983.62139047
0.264  0.0175  1618158.776117868

