x y c
0.406  0  75316.31546512575
0.406  0.0025  82555.08129688025
0.406  0.005  101349.7804570877
0.406  0.0075  110256.1439151274
0.406  0.01  69961.69702305776
0.406  0.0125  70132.61159596044
0.406  0.015  78340.57791699267
0.406  0.0175  89695.87166682152
0.406  0.02  110019.0794197645

0.4072500000000001  0  55742.75671315157
0.4072500000000001  0.0025  53584.13957187127
0.4072500000000001  0.005  70590.54676105999
0.4072500000000001  0.0075  81493.24232083376
0.4072500000000001  0.01  55929.30492441361
0.4072500000000001  0.0125  61816.66609326185
0.4072500000000001  0.015  71644.41377373155
0.4072500000000001  0.0175  88880.75753476519
0.4072500000000001  0.02  116346.9944200636

0.4085  0  43963.48336467155
0.4085  0.0025  28620.37507778595
0.4085  0.005  39884.59314373334
0.4085  0.0075  53954.00447939378
0.4085  0.01  46955.75716216434
0.4085  0.0125  54639.36609086268
0.4085  0.015  66085.96117198648
0.4085  0.0175  84693.28765709541
0.4085  0.02  110110.381661835

0.40975  0  31907.53074163816
0.40975  0.0025  15459.67248239315
0.40975  0.005  13417.69454622536
0.40975  0.0075  36531.82531959978
0.40975  0.01  39554.57942642034
0.40975  0.0125  49338.80531858417
0.40975  0.015  61811.24447469212
0.40975  0.0175  82549.11321606507
0.40975  0.02  103888.5676045648

0.411  0  18879.71154983833
0.411  0.0025  4692.94581802364
0.411  0.005  15495.76626981445
0.4109999999999999  0.0075  25536.90915356902
0.411  0.01  33940.39451277057
0.4109999999999999  0.0125  45426.28304452188
0.411  0.015  57401.65879479775
0.411  0.0175  76363.92433475274
0.411  0.02  97813.31042069735

0.41225  0  7491.28120522248
0.41225  0.0025  8242.519234745772
0.41225  0.005  19036.21487549503
0.41225  0.0075  23863.8409266501
0.41225  0.01  29150.41934822336
0.41225  0.0125  40476.99707442394
0.41225  0.015  52630.89364372695
0.41225  0.0175  69364.40810896574
0.41225  0.02  92080.9305145613

0.4135  0  8534.517161068286
0.4135  0.0025  12956.98392517088
0.4135  0.004999999999999999  17946.30203269087
0.4135  0.007499999999999999  22799.50418799677
0.4135  0.009999999999999998  28213.08341502413
0.4135  0.0125  36837.39510232736
0.4135  0.015  48629.22031124505
0.4135  0.0175  64001.59706091211
0.4135  0.02  88950.85051953554

0.41475  0  10359.08151611839
0.41475  0.0025  12164.43820192371
0.41475  0.005  17079.32926025594
0.41475  0.0075  21185.85070221321
0.41475  0.01  27598.21934553134
0.41475  0.0125  32937.12192438517
0.41475  0.015  41285.71584261984
0.41475  0.0175  57175.43308829644
0.41475  0.02  88193.75812771863

0.416  0  10652.80124176401
0.416  0.0025  11847.04171841543
0.416  0.005  15643.44147865488
0.416  0.0075  18987.82704076746
0.416  0.01  25834.25701070658
0.416  0.0125  29168.22529575077
0.416  0.015  34592.24195020628
0.416  0.0175  49103.72619995934
0.416  0.02  87448.02845708125

