x y c
0.3115  0.02  3033891.011178547
0.3124125  0.022225  3256925.382853985
0.313325  0.02445  3513992.796645176
0.3142374999999999  0.026675  3789996.440331279
0.31515  0.0289  4046778.001275636
0.3160625  0.031125  4402705.036136766
0.316975  0.03335  4844445.912690694
0.3178875  0.035575  5422400.919101464
0.3188  0.0378  6451803.681110781

0.3216875  0.020625  3890061.536719445
0.3219264896699587  0.02265957135778349  4040373.115039203
0.3223535056660933  0.02471969220247769  4231786.500711888
0.3229688486720912  0.02679141964285391  4453517.928595635
0.3237701911530613  0.02886038846941306  4657145.795061021
0.3247525856525039  0.03091213822862009  4888822.588956124
0.3259085643812567  0.03293244816478058  5205116.168714141
0.3272283260112925  0.03490766386824441  5341689.729711782
0.3287  0.036825  5463054.120938827

0.331875  0.02125  4158403.530490436
0.3315953512773325  0.02310121681491538  4285121.60428638
0.3316369222475742  0.02499699889718135  4413572.930370153
0.3320105391198171  0.02691197723507154  4503043.039172404
0.3327179754750365  0.02881927158162464  4567178.065685735
0.3337515464528341  0.03069171062719769  4621684.504260513
0.3350943591047565  0.03250310716704922  4640122.657594393
0.3367212051434743  0.03422946461352808  4589090.071205241
0.3386  0.03585  4513794.827754783

0.3420625  0.021875  3966213.558872149
0.3414228974402271  0.02355011052069417  3986047.836457354
0.3411862000660223  0.02528224718324053  4049079.456118871
0.341379416612736  0.02703689738345069  4123508.524354718
0.3420123889658631  0.02877656186234553  4170256.023697824
0.3430761480623792  0.03046330652447774  4149186.778646106
0.3445432193415057  0.03206147057450794  4054949.256299646
0.3463698806213762  0.03354013480884016  3914307.429893154
0.3485  0.034875  3764754.584792794

0.35225  0.0225  3711722.97859022
0.3514130669569224  0.02400643238796148  3737242.360395078
0.3510129257515259  0.02557578316707676  3742159.148956364
0.35109356802748  0.02716642124978627  3713939.868643226
0.3516739716326799  0.02873216492606774  3666826.046866937
0.3527443918819562  0.03022648498003473  3604709.10849473
0.3542666098797743  0.03160700252675676  3527482.93428398
0.3561782195534043  0.03283939817656222  3436673.461434324
0.3584  0.0339  3335608.979478013

0.3624375  0.023125  3366453.13748184
0.3615699300694037  0.02447036833352481  3374831.657904952
0.3611293691428015  0.02587797336336586  3365304.690276605
0.3611724383884609  0.02730080810476858  3336711.304144455
0.3617249190196961  0.02868597877975392  3290427.435797813
0.3627756310417626  0.02998077194312391  3229275.509649865
0.3642766715320264  0.03113913556624918  3155191.224054114
0.3661502180992694  0.03212696921927034  3071227.409418077
0.3683  0.032925  2981611.932062074

0.372625  0.02375  3292435.719181593
0.3718976939925871  0.02494211053071647  3257065.378740208
0.3715485343975939  0.02618920622176645  3220383.558670084
0.3716369607863119  0.02744033706025385  3172976.718908919
0.3721892524349043  0.02863789304061097  3124749.390680197
0.3731906997058447  0.02972565708539624  3081789.981148749
0.374586271707857  0.03065726827452986  3049736.737564925
0.3762900068985753  0.03140255283190086  3013203.972558765
0.3782  0.03195  2971839.594102182

0.3828125000000001  0.024375  3534382.492361931
0.3824007087250203  0.02542185767480951  3458438.081818866
0.3822842157610122  0.02650989379278637  3377016.006236169
0.382509701500587  0.0275853090042612  3295152.029121463
0.3830930106215906  0.02858778805532059  3246184.603770637
0.3840120575089671  0.02946059026294844  3239297.660541069
0.3852090595958835  0.03016076269305129  3281058.654601198
0.3866018567757598  0.03066584389417251  3326077.601017615
0.3881  0.030975  3374209.813471409

0.393  0.025  5452685.389434833
0.3930834731579171  0.02590981526206063  5254281.295002913
0.3933510584946878  0.02684047354780919  4217013.176280341
0.3938150224439068  0.02773604876692549  5733514.848329631
0.3944644660940673  0.0285355339059325  5969648.927195673
0.3952639512330743  0.02918497755609303  5219140.577360205
0.3961595264521907  0.02964894150531198  3196408.438416881
0.3970901847379393  0.02991652684208277  4096025.817508896
0.398  0.03  4073206.321508434

