x y c
0.397  0  890195.7552121773
0.397  0.001375  855553.374862186
0.397  0.00275  804965.1824208259
0.397  0.004125  763811.2104629235
0.397  0.0055  752376.8594925447
0.397  0.006874999999999999  690302.2958544629
0.397  0.00825  639948.7626937855
0.397  0.009625  554779.9911252141
0.397  0.011  397544.8408658299

0.398125  0  695550.0922692608
0.398125  0.001515625  634739.1906448761
0.398125  0.00303125  594563.3525438835
0.398125  0.004546875  597058.7792045026
0.398125  0.006062499999999999  608953.8989846519
0.398125  0.007578124999999999  524865.8334959968
0.398125  0.009093749999999999  464820.2551734198
0.398125  0.010609375  372838.0827655717
0.398125  0.012125  161161.6474432658

0.39925  0  525838.1551390231
0.39925  0.00165625  481707.0230469224
0.39925  0.0033125  454723.2370783507
0.39925  0.00496875  456857.28882093
0.39925  0.006625  447203.4571162157
0.39925  0.00828125  370379.9526524547
0.39925  0.0099375  319504.6476446966
0.39925  0.01159375  221797.4243833745
0.39925  0.01325  308078.4137257032

0.400375  0  427899.5990815536
0.400375  0.001796875  365851.751056748
0.400375  0.00359375  326413.8033704006
0.400375  0.005390625  318149.4761435078
0.400375  0.007187499999999999  293594.0884341419
0.400375  0.008984374999999999  232754.8559284335
0.400375  0.01078125  189775.5516788669
0.400375  0.012578125  136124.0793109896
0.400375  0.014375  406601.6637795257

0.4015000000000001  0  338971.8966358725
0.4015000000000001  0.0019375  276148.2431401043
0.4015000000000001  0.003875  232004.6222239948
0.4015000000000001  0.0058125  221207.3471694857
0.4015000000000001  0.00775  195828.7446384314
0.4015000000000001  0.0096875  156356.7828100904
0.4015000000000001  0.011625  132587.7605242399
0.4015000000000001  0.0135625  103586.8328603835
0.4015000000000001  0.0155  84739.96260292827

0.402625  0  250712.0505031808
0.402625  0.002078125  192574.8935921741
0.402625  0.00415625  177983.1452222602
0.402625  0.006234375  191392.0413076824
0.402625  0.0083125  165169.4982112418
0.402625  0.010390625  123125.8630794395
0.402625  0.01246875  101897.968789454
0.402625  0.014546875  84421.0405236825
0.402625  0.016625  79758.38583948882

0.4037500000000001  0  164228.0093870804
0.4037500000000001  0.00221875  134555.9883506522
0.4037500000000001  0.0044375  149991.4429252268
0.4037500000000001  0.006656249999999999  170729.6672705458
0.4037500000000001  0.008874999999999999  130174.6713169953
0.4037500000000001  0.01109375  92741.1587027121
0.4037500000000001  0.0133125  80213.02561346412
0.4037500000000001  0.01553125  80051.45354515925
0.4037500000000001  0.01775  90305.31268036598

0.404875  0  103463.7284214927
0.404875  0.002359375  107801.0584242117
0.404875  0.00471875  126369.5564257674
0.404875  0.007078124999999999  145473.836260357
0.404875  0.0094375  97708.13218464852
0.404875  0.011796875  77703.97858962179
0.404875  0.01415625  78174.76968620498
0.404875  0.016515625  81236.04693935456
0.404875  0.018875  100248.4514839621

0.406  0  75316.31546512575
0.406  0.0025  82555.08129688025
0.406  0.005  101349.7804570877
0.406  0.0075  110256.1439151274
0.406  0.01  69961.69702305776
0.406  0.0125  70132.61159596044
0.406  0.015  78340.57791699267
0.406  0.0175  89695.87166682152
0.406  0.02  110019.0794197645

