x y c
0  0.027  659862.0104360391
0  0.030125  635257.878180075
0  0.03325  612208.2525096484
0  0.036375  590531.0027813405
0  0.0395  569947.002798166
0  0.042625  550136.2515122157
0  0.04575  530731.750118769
0  0.048875  511333.2504703872
0  0.052  491464.0068880569

0.00575  0.027  662596.8020339228
0.0052265625  0.030125  637024.2481283561
0.004703125000000001  0.03325  613543.8528331809
0.004179687499999999  0.036375  591704.6195030628
0.00365625  0.0395  570453.5633278296
0.0031328125  0.042625  550827.761656903
0.002609375  0.04575  531524.5019054923
0.0020859375  0.048875  511789.7908886731
0.0015625  0.052  491895.0672745494

0.0115  0.027  670745.7598590999
0.010453125  0.030125  643319.2598570584
0.009406250000000001  0.03325  618263.8737898256
0.008359374999999999  0.036375  594800.761370807
0.0073125  0.0395  574004.8814855969
0.006265625  0.042625  553171.2993423615
0.00521875  0.04575  533348.1691899038
0.004171875  0.048875  513528.4728001264
0.003125  0.052  492358.6153507865

0.01725  0.027  684719.6060049412
0.0156796875  0.03012500000000001  654054.0587878091
0.014109375  0.03325  626329.0473358417
0.0125390625  0.036375  600758.3154617548
0.01096875  0.03950000000000001  578734.5623204936
0.009398437500000001  0.042625  557425.7930960931
0.007828125000000002  0.04575000000000001  537051.8051850423
0.006257812500000001  0.04887500000000001  516478.0484593417
0.004687500000000001  0.052  493862.3988384026

0.023  0.027  704020.4179126718
0.02090625  0.030125  668249.7446907491
0.0188125  0.03325  637359.1013361354
0.01671875  0.036375  609481.0537440376
0.014625  0.0395  583737.0159840975
0.01253125  0.042625  561538.3723533199
0.0104375  0.04575  541012.9756462446
0.00834375  0.048875  520897.8772977723
0.00625  0.052  495596.1872062638

0.02875  0.027  728567.1881188491
0.0261328125  0.03012500000000001  687019.461052399
0.023515625  0.03325  650517.3963749729
0.0208984375  0.036375  619456.7655054006
0.01828125  0.03950000000000001  590559.2269778611
0.0156640625  0.042625  565483.9489480018
0.013046875  0.04575000000000001  544259.5629736596
0.0104296875  0.04887500000000001  525507.5306550036
0.0078125  0.052  498801.8261873006

0.0345  0.027  758311.5306385398
0.031359375  0.030125  709210.050641574
0.02821875  0.03325  667991.9186997319
0.025078125  0.036375  631263.8170921173
0.0219375  0.0395  598937.6537946382
0.018796875  0.042625  570923.3426106469
0.01565625  0.04575  547330.0636731518
0.012515625  0.048875  529176.1893878193
0.009375000000000001  0.052  503435.9561109665

0.04025  0.027  792726.272277337
0.0365859375  0.030125  736660.2353381724
0.032921875  0.03325  687783.0715454004
0.0292578125  0.036375  645170.0957684317
0.02559375  0.0395  609803.6852117022
0.0219296875  0.042625  577807.0744351456
0.018265625  0.04575  550485.5426605177
0.0146015625  0.048875  530256.9910009265
0.0109375  0.052  513401.0704329326

0.046  0.027  831520.7574671129
0.0418125  0.030125  766416.309101803
0.03762500000000001  0.03325  711475.1085971883
0.0334375  0.036375  663213.408791249
0.02925  0.0395  621797.7551041266
0.0250625  0.042625  585778.1924935943
0.020875  0.04575  555275.753894078
0.0166875  0.048875  530341.379494762
0.0125  0.052  521882.1907844713

