x y c
0.0125  0.08500000000000001  293775.2745994884
0.0125  0.090375  254421.1741321865
0.0125  0.09575  217671.3419828113
0.0125  0.101125  182819.4262454352
0.0125  0.1065  150775.3445319931
0.0125  0.111875  121074.3809700168
0.0125  0.11725  95763.31808277579
0.0125  0.122625  76851.75654682484
0.0125  0.128  40658.75871948829

0.0340625  0.08250000000000002  409563.3570590664
0.034765625  0.0881875  372243.6754752639
0.03546875  0.09387500000000001  338623.194312226
0.03617187500000001  0.09956250000000001  306667.8700399554
0.036875  0.10525  281993.9519274399
0.037578125  0.1109375  259936.6211852827
0.03828125  0.116625  241025.5022546246
0.038984375  0.1223125  228288.1678445093
0.0396875  0.128  132150.580724738

0.055625  0.08  582570.5398906317
0.05703125  0.08600000000000001  541620.0778555057
0.0584375  0.092  509290.9140366852
0.05984375  0.098  478903.4474682816
0.06125  0.104  452616.9306285523
0.06265625  0.11  431026.688939024
0.06406249999999999  0.116  413372.3473502841
0.06546874999999999  0.122  399163.454662977
0.066875  0.128  253370.4021436753

0.07718749999999999  0.07750000000000001  798158.4365950947
0.07929687499999999  0.08381250000000001  755980.3435593229
0.08140624999999999  0.09012500000000001  722745.673310773
0.083515625  0.09643750000000001  691630.0711251802
0.08562499999999999  0.10275  659834.8423851532
0.08773437499999999  0.1090625  637188.4742781541
0.08984375  0.115375  617214.8385588106
0.091953125  0.1216875  600508.9484684978
0.09406250000000001  0.128  326084.3958996428

0.09875  0.07500000000000001  1068839.366672404
0.1015625  0.08162500000000002  1023714.699862903
0.104375  0.08825  989563.7282282751
0.1071875  0.09487500000000001  956091.1139021292
0.11  0.1015  919767.5205068636
0.1128125  0.108125  893831.4223354452
0.115625  0.11475  872376.7809896405
0.1184375  0.121375  852674.637817423
0.12125  0.128  530314.8206062472

0.1203125  0.07250000000000001  1404213.258471238
0.123828125  0.07943750000000001  1354967.799445664
0.12734375  0.08637500000000001  1316467.674513411
0.130859375  0.09331250000000001  1283734.138668436
0.134375  0.10025  1256013.5314842
0.137890625  0.1071875  1230172.933008388
0.14140625  0.114125  1206981.522277672
0.144921875  0.1210625  1188756.82669854
0.1484375  0.128  692135.6287891067

0.141875  0.07000000000000001  1834767.448988959
0.14609375  0.07725  1788553.602063006
0.1503125  0.08450000000000002  1748607.390186877
0.15453125  0.09175  1721767.683023208
0.15875  0.099  1705712.208278332
0.16296875  0.10625  1686571.338162795
0.1671875  0.1135  1666681.026862272
0.17140625  0.12075  1653214.328637176
0.175625  0.128  985568.2520036201

0.1634375  0.0675  2381360.442095297
0.168359375  0.0750625  2374139.007610038
0.17328125  0.082625  2372859.93041909
0.178203125  0.0901875  2379082.437446522
0.183125  0.09775  2360438.442282751
0.188046875  0.1053125  2343141.742920434
0.19296875  0.112875  2302267.980869116
0.197890625  0.1204375  2271802.131134254
0.2028125  0.128  1347328.153913185

0.185  0.065  3156106.868688364
0.190625  0.072875  3309909.317872556
0.19625  0.08074999999999999  3361431.905155981
0.201875  0.088625  3401749.819196128
0.2075  0.0965  3315781.736300769
0.213125  0.104375  3175666.580619359
0.21875  0.11225  3028048.31579305
0.224375  0.120125  2899426.763508145
0.23  0.128  1869640.002904318

