x y c
0.310509900990099  0.0175  2778018.842677328
0.3106336633663367  0.0178125  2801538.68474776
0.3107574257425744  0.018125  2829335.039833083
0.3108811881188121  0.0184375  2863427.701724009
0.3110049504950497  0.01875  2897520.363614951
0.3111287128712873  0.0190625  2931613.025505859
0.311252475247525  0.019375  2965705.687396802
0.3113762376237625  0.0196875  2999798.349287674
0.3115  0.02  3033891.011178547

0.3208211633663366  0.0180625  3679101.724505636
0.3209294554455446  0.0183828125  3704755.668362781
0.3210377475247526  0.018703125  3730206.291386078
0.3211460396039606  0.0190234375  3755419.558240531
0.3212543316831685  0.01934375  3782439.351067096
0.3213626237623765  0.0196640625  3809446.773964188
0.3214709158415843  0.019984375  3836267.894966956
0.3215792079207922  0.0203046875  3863162.823346365
0.3216875  0.020625  3890061.536719445

0.3311324257425743  0.018625  4005599.597189568
0.3312252475247526  0.018953125  4017600.312371783
0.3313180693069309  0.01928125  4034849.889077279
0.3314108910891091  0.019609375  4053135.483836378
0.3315037128712873  0.0199375  4071413.549567311
0.3315965346534655  0.020265625  4092373.775601774
0.3316893564356437  0.02059375  4113931.638545139
0.3317821782178219  0.020921875  4135473.210486811
0.331875  0.02125  4158403.530490436

0.3414436881188119  0.0191875  3972853.405100716
0.3415210396039605  0.0195234375  3971974.449336241
0.341598391089109  0.019859375  3971067.514029142
0.3416757425742575  0.0201953125  3970187.495840948
0.3417530940594061  0.02053125  3969355.247270179
0.3418304455445546  0.0208671875  3968535.872733538
0.3419077970297031  0.021203125  3967746.592722588
0.3419851485148516  0.0215390625  3966976.989901513
0.3420625  0.021875  3966213.558872149

0.3517549504950495  0.01975  3724384.072513594
0.3518168316831684  0.02009375  3722399.691182137
0.3518787128712872  0.0204375  3720849.641226421
0.3519405940594061  0.02078125  3719314.264229182
0.3520024752475249  0.021125  3717785.517666499
0.3520643564356437  0.02146875  3716270.056662857
0.3521262376237625  0.0218125  3714754.595659217
0.3521881188118812  0.02215625  3713232.359831706
0.35225  0.0225  3711722.97859022

0.3620662128712872  0.0203125  3427383.38213076
0.3621126237623762  0.0206640625  3421996.366593779
0.3621590346534654  0.021015625  3416549.837019575
0.3622054455445546  0.0213671875  3409823.755645136
0.3622518564356436  0.02171875  3403097.674270697
0.3622982673267328  0.0220703125  3392062.339172413
0.3623446782178218  0.022421875  3381947.723911229
0.3623910891089109  0.0227734375  3374197.718538527
0.3624375  0.023125  3366453.13748184

0.3723774752475247  0.020875  3383703.824807525
0.3724084158415841  0.021234375  3371786.108493686
0.3724393564356436  0.02159375  3360233.433003633
0.372470297029703  0.021953125  3348686.984320085
0.3725012376237625  0.0223125  3337137.015593756
0.3725321782178218  0.022671875  3325594.423856557
0.3725631188118812  0.02303125  3314063.335767812
0.3725940594059406  0.02339062500000001  3302540.895353342
0.372625  0.02375  3292435.719181593

0.3826887376237624  0.0214375  3677387.249832202
0.3827042079207921  0.0218046875  3656922.161039447
0.3827196782178218  0.022171875  3639390.138783924
0.3827351485148516  0.0225390625  3621149.118548787
0.3827506188118812  0.02290625  3601570.595134529
0.382766089108911  0.0232734375  3579292.660867802
0.3827815594059407  0.023640625  3564123.771292091
0.3827970297029704  0.0240078125  3548967.308804314
0.3828125000000001  0.024375  3534382.492361931

0.393  0.022  3775079.457657869
0.393  0.022375  2413725.53928797
0.393  0.02275  1052371.620918081
0.393  0.023125  738350.314500968
0.393  0.0235  2518994.231990435
0.393  0.023875  4299638.14947953
0.393  0.02425  5033060.938840667
0.393  0.024625  5242873.16413775
0.393  0.025  5452685.389434833

