x y c
0.2525  0.035  945356.7467309453
0.2525  0.03625  587956.1446566912
0.2525  0.03750000000000001  254821.7606797487
0.2525  0.03875000000000001  163960.305370573
0.2525  0.04  96711.14893942463
0.2525  0.04125  154769.4961303491
0.2525  0.0425  161715.4351199852
0.2525  0.04375  118774.0519607902
0.2525  0.045  15343.06153303551

0.2586875  0.03535000000000001  381834.6611470275
0.2586875  0.03655625000000001  322480.2677340694
0.2586875  0.0377625  250962.2790625384
0.2586875  0.03896875  212266.7623031861
0.2586875  0.040175  182503.914520126
0.2586875  0.04138125  157541.5731793994
0.2586875  0.0425875  140102.1202627093
0.2586875  0.04379375  128616.8448075023
0.2586875  0.045  113605.2921504589

0.264875  0.0357  228035.9571664677
0.264875  0.0368625  194274.9038197701
0.264875  0.038025  179494.4137039726
0.264875  0.0391875  167857.6279909855
0.264875  0.04035  156643.2770981453
0.264875  0.04151249999999999  145264.0550461474
0.264875  0.042675  137159.7384759642
0.264875  0.0438375  130957.7440226114
0.264875  0.045  125206.0564380672

0.2710625  0.03605  122598.4822398282
0.2710625  0.03716874999999999  117618.4218966974
0.2710625  0.0382875  112150.4997997276
0.2710625  0.03940625  104753.348090233
0.2710625  0.040525  100390.4084685891
0.2710625  0.04164374999999999  97135.26992655997
0.2710625  0.0427625  93329.45361749138
0.2710625  0.04388125  89902.58699531764
0.2710625  0.045  88000.76760395699

0.27725  0.0364  62046.12341189451
0.27725  0.037475  61445.29121279955
0.27725  0.03855  61409.8565590184
0.27725  0.039625  59727.99719904546
0.27725  0.0407  57385.77938534438
0.27725  0.041775  55698.873369004
0.27725  0.04285  54212.30829487073
0.27725  0.043925  52579.46995940487
0.27725  0.045  51493.6361498924

0.2834375  0.03675  33579.64927550117
0.2834375  0.03778125  33222.80045996782
0.2834375  0.0388125  32419.31020181746
0.2834375  0.03984375  31174.33008353277
0.2834375  0.040875  30209.99717995953
0.2834375  0.04190625  29545.68042428356
0.2834375  0.0429375  28684.36331994638
0.2834375  0.04396875  28047.87610734823
0.2834375  0.045  27731.30843403498

0.289625  0.0371  17513.55371152313
0.289625  0.0380875  17151.56148322944
0.289625  0.039075  16559.43768197328
0.289625  0.0400625  15770.2276003934
0.289625  0.04105  15104.89625573338
0.289625  0.0420375  14647.456732828
0.289625  0.043025  14254.71473913292
0.289625  0.0440125  13867.89881065867
0.289625  0.045  13760.97492417889

0.2958125  0.03745  9044.510497766578
0.2958125  0.03839375  8558.808314285056
0.2958125  0.0393375  8016.211631322623
0.2958125  0.04028125  7388.839638211524
0.2958125  0.041225  6876.467440254352
0.2958125  0.04216875  6456.416039928098
0.2958125  0.0431125  6026.841262501234
0.2958125  0.04405625  5662.187121133709
0.2958125  0.045  5552.716764001207

0.302  0.0378  5752.646714608004
0.302  0.0387  5091.391850621285
0.302  0.0396  4401.042270346847
0.302  0.0405  3710.714065201411
0.302  0.0414  3002.723308372063
0.302  0.0423  2263.803523438365
0.302  0.0432  1507.220150911644
0.302  0.0441  49334.12251606361
0.302  0.045  485828.5305429871

