x y c
0.416  0  10652.80124176401
0.416  0.0025  11847.04171841543
0.416  0.005  15643.44147865488
0.416  0.0075  18987.82704076746
0.416  0.01  25834.25701070658
0.416  0.0125  29168.22529575077
0.416  0.015  34592.24195020628
0.416  0.0175  49103.72619995934
0.416  0.02  87448.02845708125

0.419875  0  12036.8040601305
0.419875  0.0025  12043.01987574073
0.419875  0.005  12983.29661545737
0.419875  0.0075  14743.41974297868
0.419875  0.01  15996.18716351383
0.419875  0.0125  20245.20929226579
0.419875  0.015  22038.3733068732
0.419875  0.0175  21856.45170667374
0.419875  0.02  9846.590484834971

0.42375  0  10370.28308489624
0.42375  0.0025  9871.73007373166
0.42375  0.005  10307.58008441558
0.42375  0.0075  11560.54185559499
0.42375  0.01  11879.07147227126
0.42375  0.0125  11985.87210203152
0.42375  0.015  11204.93212202457
0.42375  0.0175  11263.59571354913
0.42375  0.02  42270.57578901215

0.427625  0  7455.960979641434
0.427625  0.0025  7475.709591710069
0.427625  0.005  7554.180376781183
0.427625  0.0075  7400.394964847154
0.427625  0.01  7874.15901048978
0.427625  0.0125  7932.329763477239
0.427625  0.015  6904.936427377248
0.427625  0.0175  6215.75568026579
0.427625  0.02  43907.71225054224

0.4315  0  5318.540743434836
0.4315  0.0025  5436.992103170244
0.4315  0.005  5282.333457289124
0.4315  0.0075  4884.893850814857
0.4315  0.01  4712.187631128323
0.4315  0.0125  4291.879705628456
0.4315  0.015  3987.928561093586
0.4315  0.0175  3655.878981480293
0.4315  0.02  34722.22888145132

0.435375  0  3520.362362906551
0.435375  0.0025  3577.754513533613
0.435375  0.005  3462.26038146386
0.435375  0.0075  3370.852369500431
0.435375  0.01  3253.784388839121
0.435375  0.0125  2933.741963578567
0.435375  0.015  2474.896277655208
0.435375  0.0175  2163.342834293911
0.435375  0.02  24794.1662946186

0.43925  0  2564.516106505152
0.43925  0.0025  2521.630097025783
0.43925  0.005  2304.318236041636
0.43925  0.0075  2166.691497271599
0.43925  0.01  1950.328255892035
0.43925  0.0125  1662.792156742537
0.43925  0.015  1422.157979077078
0.43925  0.0175  1231.209453649463
0.43925  0.02  14188.25902074606

0.443125  0  1981.589733081053
0.443125  0.0025  1961.731781918548
0.443125  0.005  1835.218970720688
0.443125  0.0075  1679.08569851229
0.443125  0.01  1459.223045174757
0.443125  0.0125  1148.747661804367
0.443125  0.015  847.5493555231568
0.443125  0.0175  608.6448862912704
0.443125  0.02  8033.019691826903

0.447  0  1790.280532817028
0.447  0.0025  1741.034060008177
0.447  0.005  1624.567950018196
0.447  0.0075  1450.38088296867
0.447  0.01  1227.990683230895
0.447  0.0125  934.6420742265601
0.447  0.015  623.183451363243
0.447  0.0175  307.1498324465863
0.447  0.02  1913.370138336184

