x y c
0  0.08500000000000001  276510.0000962731
0  0.090375  236584.5014934593
0  0.09575  198322.2527164923
0  0.101125  161793.0004615433
0  0.1065  126694.0002004214
0  0.111875  93090.80033897373
0  0.11725  60765.42509841129
0  0.122625  29803.57613007309
0  0.128  0

0.0015625  0.08500000000000001  276870.7139462429
0.0015625  0.090375  236839.6535569493
0.0015625  0.09575  198639.5242933354
0.0015625  0.101125  162078.7682366732
0.0015625  0.1065  127119.3996571035
0.0015625  0.111875  93559.45844653284
0.0015625  0.11725  61510.74749796353
0.0015625  0.122625  31123.58618632867
0.0015625  0.128  4691.89691872544

0.003125  0.08500000000000001  277703.2783235185
0.003125  0.090375  237644.9549764352
0.003125  0.09575  199534.5479672105
0.003125  0.101125  163100.0273643492
0.003125  0.1065  128314.1107978155
0.003125  0.111875  95024.11775027288
0.003125  0.11725  63514.01167313391
0.003125  0.122625  34676.26829430181
0.003125  0.128  9454.155910233179

0.004687500000000001  0.08500000000000001  279089.6950492553
0.004687500000000002  0.090375  239164.7180363676
0.0046875  0.09575  201088.8093421932
0.004687500000000001  0.101125  164768.7426483143
0.004687500000000001  0.1065  130325.2081730526
0.004687500000000001  0.111875  97462.08409483056
0.004687500000000001  0.11725  66814.17251966713
0.004687500000000001  0.122625  40055.67867503749
0.004687500000000001  0.128  14868.36984186794

0.00625  0.08500000000000001  281105.7464651663
0.00625  0.090375  241256.2638523375
0.00625  0.09575  203286.0120571541
0.00625  0.101125  167101.2488614302
0.00625  0.1065  133031.2453933642
0.00625  0.111875  100786.9893182345
0.00625  0.11725  71204.91927546408
0.00625  0.122625  46268.38490751111
0.00625  0.128  20253.10743490673

0.0078125  0.08500000000000001  283673.6933370965
0.0078125  0.090375  243967.6525307128
0.0078125  0.09575  206105.79944961
0.0078125  0.101125  170078.7057639769
0.0078125  0.1065  136527.1046709605
0.0078125  0.111875  105130.8446104622
0.0078125  0.11725  76405.61474131349
0.0078125  0.122625  53414.09123866683
0.0078125  0.128  25114.81825979016

0.009375000000000001  0.08500000000000001  286621.2047461925
0.009375000000000003  0.090375  247141.2667082736
0.009375  0.09575  209406.9053738768
0.009375000000000001  0.101125  173692.7931024258
0.009375000000000001  0.1065  140682.9517805379
0.009375000000000001  0.111875  109954.4447059011
0.009375000000000001  0.11725  82313.98910385392
0.009375000000000001  0.122625  60924.13983162301
0.009375000000000001  0.128  29987.54067929773

0.0109375  0.08500000000000001  289938.4692181387
0.0109375  0.090375  250470.9931872554
0.0109375  0.09575  213187.406744835
0.0109375  0.101125  177965.3842918477
0.0109375  0.1065  145405.48733048
0.0109375  0.111875  115250.2919513381
0.0109375  0.11725  88794.92660647132
0.0109375  0.122625  68753.46249982902
0.0109375  0.128  35296.69545924447

0.0125  0.08500000000000001  293775.2745994884
0.0125  0.090375  254421.1741321865
0.0125  0.09575  217671.3419828113
0.0125  0.101125  182819.4262454352
0.0125  0.1065  150775.3445319931
0.0125  0.111875  121074.3809700168
0.0125  0.11725  95763.31808277579
0.0125  0.122625  76851.75654682484
0.0125  0.128  40658.75871948829

