x y c
0.185  0.065  3156106.868688364
0.190625  0.072875  3309909.317872556
0.19625  0.08074999999999999  3361431.905155981
0.201875  0.088625  3401749.819196128
0.2075  0.0965  3315781.736300769
0.213125  0.104375  3175666.580619359
0.21875  0.11225  3028048.31579305
0.224375  0.120125  2899426.763508145
0.23  0.128  1869640.002904318

0.189375  0.06375  3388281.058236539
0.1941090508435312  0.0709814983678595  3564899.217176831
0.1990086773725861  0.07826017889746821  3686996.368796811
0.2040425490722886  0.08553602713411834  3630233.792869186
0.2091768737318561  0.09275813560535713  3556054.862893237
0.2143761412048041  0.09987587344723985  3444120.549352258
0.2196039373089167  0.1068400626860377  3262889.664862529
0.2248237890063383  0.1136041042491703  3119487.882359609
0.23  0.120125  3005389.1989995

0.19375  0.0625  3644805.333358355
0.1976498162435111  0.06905717367657757  3856457.386828878
0.2018452432685131  0.07570006016209764  3996332.936028547
0.2062871401976587  0.082337261685202  3915463.144512246
0.2109174737048053  0.08887406911879749  3845017.543270143
0.2156717522157801  0.09521683266179626  3763482.557311886
0.2204819846919863  0.1012773811501748  3558937.822721592
0.2252798835517105  0.106977059154727  3396668.536823442
0.23  0.11225  3307753.977546175

0.198125  0.06125  3856342.590688946
0.2012486923918413  0.06710126712791536  4176567.501205721
0.2047630435797235  0.07306662398720529  4385775.266866881
0.2086129551983896  0.07902274414086202  4367939.025770423
0.2127255029652982  0.08483953736736852  4361839.723060766
0.217014246842254  0.09038919754138447  4074628.924952012
0.2213851778563887  0.09555539389092887  3972608.958282088
0.2257434634829685  0.1002412515453227  3769459.49884308
0.23  0.104375  3629128.03694081

0.2025  0.06  4331887.128494356
0.204907121687972  0.06511299481089224  4555615.638370433
0.207765618623456  0.07035667508918957  4911848.979446593
0.2110244841245452  0.07558607573348027  4945122.949037864
0.2146049571322035  0.08064562431660957  4905167.884804015
0.2184062168071622  0.08538364820313545  4617502.307858371
0.2223146126928596  0.08966715812676151  4383379.864598449
0.2262147145990703  0.09339398176562264  4275752.055122391
0.23  0.0965  4150677.851190755

0.206875  0.05875  4866071.809234303
0.2086265946664228  0.06309154665422272  5093826.84666915
0.2108567174726676  0.06756682977372827  5530679.938534756
0.213526554185095  0.07202037721048772  5545149.020075478
0.2165601538737016  0.07628269529425852  5464643.906533989
0.2198504484465202  0.08019016493200465  5256395.320803489
0.2232714497116142  0.08360532169323227  5081755.227313923
0.2266938288993683  0.08643246006867661  4934427.941030779
0.23  0.08862500000000001  4752291.661119072

0.21125  0.0575  5479568.439210921
0.2124086520216011  0.06103608532587398  6231508.60173096
0.2140403135729146  0.0646935018408929  6511903.819540778
0.2161243620000442  0.06831824287187231  6654013.651147661
0.2185957660212484  0.07174032309800689  6615662.050207665
0.2213499413258271  0.07479796123584311  6274286.552492677
0.2242569188764894  0.07736209241732574  6107148.355162553
0.2271810048444313  0.0793538028261834  5835947.587432811
0.23  0.08075  5754629.022455889

0.215625  0.05625  6415046.925996983
0.2162548867356979  0.05894574507660356  7234785.91291722
0.2173206217824759  0.061732887205729  7961953.645486528
0.2188235096270071  0.06447168922873178  8362311.078859989
0.2207168588551669  0.06700720479446812  8484470.433174059
0.2229079290351327  0.06919540906595531  8163729.197833296
0.2252723248796438  0.0709292047007145  8059090.310530554
0.2276764476301439  0.07215502854583235  7584231.592464208
0.23  0.072875  7296312.941971075

0.22  0.055  8583460.679760925
0.2201669463158341  0.05681963052412154  5367747.097972739
0.2207021169893756  0.05868094709561891  2725726.664062655
0.2216300448878133  0.06047209753385167  5744015.093061147
0.2229289321881343  0.06207106781186573  6819168.624349058
0.2245279024661484  0.06336995511218675  10504128.52437958
0.2263190529043811  0.06429788301062449  4920057.011948576
0.2281803694758785  0.06483305368416585  9859303.841128945
0.23  0.065  11469338.78823392

