# nurbs mesh v.2.1
#
# 27-Aug-2020
#
2 2 34 41 0 
PATCH 1 
1 1 
2 2 
0.000000000000000   0.000000000000000   1.000000000000000   1.000000000000000   
0.000000000000000   0.000000000000000   1.000000000000000   1.000000000000000   
0.416000000000000   0.416000000000000   0.447000000000000   0.447000000000000   
0.000000000000000   0.020000000000000   0.000000000000000   0.020000000000000   
1.000000000000000   1.000000000000000   1.000000000000000   1.000000000000000   
PATCH 2 
1 2 
2 3 
0.000000000000000   0.000000000000000   1.000000000000000   1.000000000000000   
0.000000000000000   0.000000000000000   0.000000000000000   1.000000000000000   1.000000000000000   1.000000000000000   
0.406000000000000   0.406000000000000   0.411000000000000   0.411000000000000   0.416000000000000   0.416000000000000   
0.000000000000000   0.020000000000000   0.000000000000000   0.020000000000000   0.000000000000000   0.020000000000000   
1.000000000000000   1.000000000000000   1.000000000000000   1.000000000000000   1.000000000000000   1.000000000000000   
PATCH 3 
1 2 
2 3 
0.000000000000000   0.000000000000000   1.000000000000000   1.000000000000000   
0.000000000000000   0.000000000000000   0.000000000000000   1.000000000000000   1.000000000000000   1.000000000000000   
0.397000000000000   0.397000000000000   0.401500000000000   0.401500000000000   0.406000000000000   0.406000000000000   
0.000000000000000   0.011000000000000   0.000000000000000   0.015500000000000   0.000000000000000   0.020000000000000   
1.000000000000000   1.000000000000000   1.000000000000000   1.000000000000000   1.000000000000000   1.000000000000000   
PATCH 4 
1 2 
2 3 
0.000000000000000   0.000000000000000   1.000000000000000   1.000000000000000   
0.000000000000000   0.000000000000000   0.000000000000000   1.000000000000000   1.000000000000000   1.000000000000000   
0.392737932446640   0.392737932446640   0.394868966223320   0.315285930171627   0.397000000000000   0.397000000000000   
0.000000000000000   0.010405566040374   0.000000000000000   0.007256584617217   0.000000000000000   0.011000000000000   
1.000000000000000   1.000000000000000   1.000000000000000   0.798003485892253   1.000000000000000   1.000000000000000   
PATCH 5 
1 2 
2 3 
0.000000000000000   0.000000000000000   1.000000000000000   1.000000000000000   
0.000000000000000   0.000000000000000   0.000000000000000   1.000000000000000   1.000000000000000   1.000000000000000   
0.406000000000000   0.406000000000000   0.411000000000000   0.411000000000000   0.416000000000000   0.416000000000000   
0.020000000000000   0.030000000000000   0.020000000000000   0.030000000000000   0.020000000000000   0.030000000000000   
1.000000000000000   1.000000000000000   1.000000000000000   1.000000000000000   1.000000000000000   1.000000000000000   
PATCH 6 
1 1 
2 2 
0.000000000000000   0.000000000000000   1.000000000000000   1.000000000000000   
0.000000000000000   0.000000000000000   1.000000000000000   1.000000000000000   
0.307000000000000   0.307000000000000   0.392737932446640   0.392737932446640   
0.000000000000000   0.005000000000000   0.000000000000000   0.010405566040374   
1.000000000000000   1.000000000000000   1.000000000000000   1.000000000000000   
PATCH 7 
2 1 
3 2 
0.000000000000000   0.000000000000000   0.000000000000000   1.000000000000000   1.000000000000000   1.000000000000000   
0.000000000000000   0.000000000000000   1.000000000000000   1.000000000000000   
0.307000000000000   0.307250000000000   0.307500000000000   0.392737932446640   0.311526548097443   0.391000000000000   
0.005000000000000   0.007450000000000   0.009900000000000   0.010405566040374   0.009350771328584   0.014342336591559   
1.000000000000000   1.000000000000000   1.000000000000000   1.000000000000000   0.798003485892253   1.000000000000000   
PATCH 8 
2 1 
3 2 
0.000000000000000   0.000000000000000   0.000000000000000   1.000000000000000   1.000000000000000   1.000000000000000   
0.000000000000000   0.000000000000000   1.000000000000000   1.000000000000000   
0.307500000000000   0.309004950495050   0.310509900990099   0.391000000000000   0.392000000000000   0.393000000000000   
0.009900000000000   0.013700000000000   0.017500000000000   0.014342336591559   0.018171168295780   0.022000000000000   
1.000000000000000   1.000000000000000   1.000000000000000   1.000000000000000   1.000000000000000   1.000000000000000   
PATCH 9 
2 1 
3 2 
0.000000000000000   0.000000000000000   0.000000000000000   1.000000000000000   1.000000000000000   1.000000000000000   
0.000000000000000   0.000000000000000   1.000000000000000   1.000000000000000   
0.310509900990099   0.311004950495050   0.311500000000000   0.393000000000000   0.393000000000000   0.393000000000000   
0.017500000000000   0.018750000000000   0.020000000000000   0.022000000000000   0.023500000000000   0.025000000000000   
1.000000000000000   1.000000000000000   1.000000000000000   1.000000000000000   1.000000000000000   1.000000000000000   
PATCH 10 
7 1 
8 2 
0.000000000000000   0.000000000000000   0.000000000000000   0.000000000000000   0.000000000000000   0.000000000000000   0.000000000000000   0.000000000000000   1.000000000000000   1.000000000000000   1.000000000000000   1.000000000000000   1.000000000000000   1.000000000000000   1.000000000000000   1.000000000000000   
0.000000000000000   0.000000000000000   1.000000000000000   1.000000000000000   
0.311500000000000   0.312235591735840   0.312863384043879   0.313367725370443   0.313694702831849   0.313772820641767   0.313528736835685   0.312898576174565   0.393000000000000   0.360112275716090   0.338425221431578   0.327938837146465   0.328653122860750   0.340568078574435   0.363683704287518   0.398000000000000   
0.020000000000000   0.021793634643555   0.024099721194532   0.026700616095063   0.029483747062034   0.032386547438332   0.035365140387330   0.038378597396472   0.025000000000000   0.023918058124456   0.023434858778855   0.023550401963198   0.024264687677484   0.025577715921713   0.027489486695885   0.030000000000000   
1.000000000000000   1.000000000000000   1.000000000000000   1.000000000000000   1.000000000000000   1.000000000000000   1.000000000000000   1.000000000000000   1.000000000000000   0.916316223196156   0.860527038660261   0.832632446392313   0.832632446392313   0.860527038660261   0.916316223196156   1.000000000000000   
PATCH 11 
7 1 
8 2 
0.000000000000000   0.000000000000000   0.000000000000000   0.000000000000000   0.000000000000000   0.000000000000000   0.000000000000000   0.000000000000000   1.000000000000000   1.000000000000000   1.000000000000000   1.000000000000000   1.000000000000000   1.000000000000000   1.000000000000000   1.000000000000000   
0.000000000000000   0.000000000000000   1.000000000000000   1.000000000000000   
0.416000000000000   0.416000000000000   0.416000000000000   0.416000000000000   0.416000000000000   0.416000000000000   0.416000000000000   0.416000000000000   0.447000000000000   0.447000000000000   0.447000000000000   0.447000000000000   0.447000000000000   0.447000000000000   0.447000000000000   0.447000000000000   
0.030000000000000   0.044000000000000   0.058000000000000   0.072000000000000   0.086000000000000   0.100000000000000   0.114000000000000   0.128000000000000   0.030000000000000   0.044000000000000   0.058000000000000   0.072000000000000   0.086000000000000   0.100000000000000   0.114000000000000   0.128000000000000   
1.000000000000000   1.000000000000000   1.000000000000000   1.000000000000000   1.000000000000000   1.000000000000000   1.000000000000000   1.000000000000000   1.000000000000000   1.000000000000000   1.000000000000000   1.000000000000000   1.000000000000000   1.000000000000000   1.000000000000000   1.000000000000000   
PATCH 12 
7 2 
8 3 
0.000000000000000   0.000000000000000   0.000000000000000   0.000000000000000   0.000000000000000   0.000000000000000   0.000000000000000   0.000000000000000   1.000000000000000   1.000000000000000   1.000000000000000   1.000000000000000   1.000000000000000   1.000000000000000   1.000000000000000   1.000000000000000   
0.000000000000000   0.000000000000000   0.000000000000000   1.000000000000000   1.000000000000000   1.000000000000000   
0.406000000000000   0.406000000000000   0.406000000000000   0.406000000000000   0.406000000000000   0.406000000000000   0.406000000000000   0.406000000000000   0.411000000000000   0.411000000000000   0.411000000000000   0.411000000000000   0.411000000000000   0.411000000000000   0.411000000000000   0.411000000000000   0.416000000000000   0.416000000000000   0.416000000000000   0.416000000000000   0.416000000000000   0.416000000000000   0.416000000000000   0.416000000000000   
0.030000000000000   0.044000000000000   0.058000000000000   0.072000000000000   0.086000000000000   0.100000000000000   0.114000000000000   0.128000000000000   0.030000000000000   0.044000000000000   0.058000000000000   0.072000000000000   0.086000000000000   0.100000000000000   0.114000000000000   0.128000000000000   0.030000000000000   0.044000000000000   0.058000000000000   0.072000000000000   0.086000000000000   0.100000000000000   0.114000000000000   0.128000000000000   
1.000000000000000   1.000000000000000   1.000000000000000   1.000000000000000   1.000000000000000   1.000000000000000   1.000000000000000   1.000000000000000   1.000000000000000   1.000000000000000   1.000000000000000   1.000000000000000   1.000000000000000   1.000000000000000   1.000000000000000   1.000000000000000   1.000000000000000   1.000000000000000   1.000000000000000   1.000000000000000   1.000000000000000   1.000000000000000   1.000000000000000   1.000000000000000   
PATCH 13 
7 2 
8 3 
0.000000000000000   0.000000000000000   0.000000000000000   0.000000000000000   0.000000000000000   0.000000000000000   0.000000000000000   0.000000000000000   1.000000000000000   1.000000000000000   1.000000000000000   1.000000000000000   1.000000000000000   1.000000000000000   1.000000000000000   1.000000000000000   
0.000000000000000   0.000000000000000   0.000000000000000   1.000000000000000   1.000000000000000   1.000000000000000   
0.398000000000000   0.398000000000000   0.398000000000000   0.398000000000000   0.398000000000000   0.398000000000000   0.398000000000000   0.398000000000000   0.402000000000000   0.402000000000000   0.402000000000000   0.402000000000000   0.402000000000000   0.402000000000000   0.402000000000000   0.402000000000000   0.406000000000000   0.406000000000000   0.406000000000000   0.406000000000000   0.406000000000000   0.406000000000000   0.406000000000000   0.406000000000000   
0.030000000000000   0.044000000000000   0.058000000000000   0.072000000000000   0.086000000000000   0.100000000000000   0.114000000000000   0.128000000000000   0.030000000000000   0.044000000000000   0.058000000000000   0.072000000000000   0.086000000000000   0.100000000000000   0.114000000000000   0.128000000000000   0.030000000000000   0.044000000000000   0.058000000000000   0.072000000000000   0.086000000000000   0.100000000000000   0.114000000000000   0.128000000000000   
1.000000000000000   1.000000000000000   1.000000000000000   1.000000000000000   1.000000000000000   1.000000000000000   1.000000000000000   1.000000000000000   1.000000000000000   1.000000000000000   1.000000000000000   1.000000000000000   1.000000000000000   1.000000000000000   1.000000000000000   1.000000000000000   1.000000000000000   1.000000000000000   1.000000000000000   1.000000000000000   1.000000000000000   1.000000000000000   1.000000000000000   1.000000000000000   
PATCH 14 
7 1 
8 2 
0.000000000000000   0.000000000000000   0.000000000000000   0.000000000000000   0.000000000000000   0.000000000000000   0.000000000000000   0.000000000000000   1.000000000000000   1.000000000000000   1.000000000000000   1.000000000000000   1.000000000000000   1.000000000000000   1.000000000000000   1.000000000000000   
0.000000000000000   0.000000000000000   1.000000000000000   1.000000000000000   
0.312898576174565   0.312682307341111   0.312420564936059   0.312110766934148   0.311750462642059   0.311337386561027   0.310869505020850   0.310345055875741   0.398000000000000   0.398000000000000   0.398000000000000   0.398000000000000   0.398000000000000   0.398000000000000   0.398000000000000   0.398000000000000   
0.038378597396472   0.039412804817279   0.040451118657091   0.041491884464904   0.042533488691834   0.043574283743250   0.044612538479562   0.045646409580903   0.030000000000000   0.044000000000000   0.058000000000000   0.072000000000000   0.086000000000000   0.100000000000000   0.114000000000000   0.128000000000000   
1.000000000000000   1.000000000000000   1.000000000000000   1.000000000000000   1.000000000000000   1.000000000000000   1.000000000000000   1.000000000000000   1.000000000000000   1.000000000000000   1.000000000000000   1.000000000000000   1.000000000000000   1.000000000000000   1.000000000000000   1.000000000000000   
PATCH 15 
7 1 
8 2 
0.000000000000000   0.000000000000000   0.000000000000000   0.000000000000000   0.000000000000000   0.000000000000000   0.000000000000000   0.000000000000000   1.000000000000000   1.000000000000000   1.000000000000000   1.000000000000000   1.000000000000000   1.000000000000000   1.000000000000000   1.000000000000000   
0.000000000000000   0.000000000000000   1.000000000000000   1.000000000000000   
0.305001202049874   0.305974136941491   0.306875712887488   0.307706372660887   0.308467049283397   0.309159130853250   0.309784415481825   0.310345055875741   0.305000000000000   0.318285714285714   0.331571428571429   0.344857142857143   0.358142857142857   0.371428571428571   0.384714285714286   0.398000000000000   
0.053193153880596   0.052155122660034   0.051099106151537   0.050028064856308   0.048944778942083   0.047851833259574   0.046751626181825   0.045646409580903   0.128000000000000   0.128000000000000   0.128000000000000   0.128000000000000   0.128000000000000   0.128000000000000   0.128000000000000   0.128000000000000   
1.000000000000000   1.000000000000000   1.000000000000000   1.000000000000000   1.000000000000000   1.000000000000000   1.000000000000000   1.000000000000000   1.000000000000000   1.000000000000000   1.000000000000000   1.000000000000000   1.000000000000000   1.000000000000000   1.000000000000000   1.000000000000000   
PATCH 16 
7 1 
14 2 
0.000000000000000   0.000000000000000   0.000000000000000   0.000000000000000   0.000000000000000   0.000000000000000   0.000000000000000   0.000000000000000   0.659869853953153   0.659869853953153   0.659869853953153   0.659869853953153   0.659869853953153   0.659869853953153   1.000000000000000   1.000000000000000   1.000000000000000   1.000000000000000   1.000000000000000   1.000000000000000   1.000000000000000   1.000000000000000   
0.000000000000000   0.000000000000000   1.000000000000000   1.000000000000000   
0.230005399874965   0.235327122387944   0.242570952308488   0.251011268533579   0.259930755746699   0.268723006896341   0.276938351213588   0.288077519242901   0.291636480161296   0.294926188716029   0.297918608360059   0.300597290657903   0.302956785864791   0.305001202049874   0.230000000000000   0.237070034149498   0.244140068298996   0.251210102448494   0.258280136597992   0.265350170747490   0.272420204896988   0.283134490611274   0.286778742176062   0.290422993740849   0.294067245305637   0.297711496870425   0.301355748435212   0.305000000000000   
0.059677494422313   0.063574271593910   0.066930076804094   0.069169823484842   0.070067078774961   0.069665356837188   0.068146092257405   0.064492825259946   0.063013399494160   0.061328102110220   0.059471055848154   0.057476146064864   0.055374356185317   0.053193153880596   0.128000000000000   0.128000000000000   0.128000000000000   0.128000000000000   0.128000000000000   0.128000000000000   0.128000000000000   0.128000000000000   0.128000000000000   0.128000000000000   0.128000000000000   0.128000000000000   0.128000000000000   0.128000000000000   
1.000000000000000   1.000000000000000   1.000000000000000   1.000000000000000   1.000000000000000   1.000000000000000   1.000000000000000   1.000000000000000   1.000000000000000   1.000000000000000   1.000000000000000   1.000000000000000   1.000000000000000   1.000000000000000   1.000000000000000   1.000000000000000   1.000000000000000   1.000000000000000   1.000000000000000   1.000000000000000   1.000000000000000   1.000000000000000   1.000000000000000   1.000000000000000   1.000000000000000   1.000000000000000   1.000000000000000   1.000000000000000   
PATCH 17 
7 1 
8 2 
0.000000000000000   0.000000000000000   0.000000000000000   0.000000000000000   0.000000000000000   0.000000000000000   0.000000000000000   0.000000000000000   1.000000000000000   1.000000000000000   1.000000000000000   1.000000000000000   1.000000000000000   1.000000000000000   1.000000000000000   1.000000000000000   
0.000000000000000   0.000000000000000   1.000000000000000   1.000000000000000   
0.185000000000000   0.191428571428571   0.197857142857143   0.204285714285714   0.210714285714286   0.217142857142857   0.223571428571429   0.230000000000000   0.224270348575758   0.224782570092024   0.225407516046269   0.226139050758951   0.226970926756992   0.227896831473026   0.228910429389497   0.230005399874965   
0.065000000000000   0.074000000000000   0.083000000000000   0.092000000000000   0.101000000000000   0.110000000000000   0.119000000000000   0.128000000000000   0.053781862222234   0.054633007891013   0.055492815712228   0.056353620271914   0.057208454531745   0.058051030334142   0.058875713423596   0.059677494422313   
1.000000000000000   1.000000000000000   1.000000000000000   1.000000000000000   1.000000000000000   1.000000000000000   1.000000000000000   1.000000000000000   1.000000000000000   1.000000000000000   1.000000000000000   1.000000000000000   1.000000000000000   1.000000000000000   1.000000000000000   1.000000000000000   
PATCH 18 
7 1 
8 2 
0.000000000000000   0.000000000000000   0.000000000000000   0.000000000000000   0.000000000000000   0.000000000000000   0.000000000000000   0.000000000000000   1.000000000000000   1.000000000000000   1.000000000000000   1.000000000000000   1.000000000000000   1.000000000000000   1.000000000000000   1.000000000000000   
0.000000000000000   0.000000000000000   1.000000000000000   1.000000000000000   
0.222500000000000   0.217142857142857   0.211785714285714   0.206428571428571   0.201071428571429   0.195714285714286   0.190357142857143   0.185000000000000   0.230000000000000   0.226957613584522   0.224736281483828   0.223297649869700   0.222591862386618   0.222561078885429   0.223142412700702   0.224270348575758   
0.045000000000000   0.047857142857143   0.050714285714286   0.053571428571429   0.056428571428571   0.059285714285714   0.062142857142857   0.065000000000000   0.045000000000000   0.045055059787308   0.045732184336572   0.046880646616210   0.048366931815394   0.050075339490682   0.051907599419465   0.053781862222234   
1.000000000000000   1.000000000000000   1.000000000000000   1.000000000000000   1.000000000000000   1.000000000000000   1.000000000000000   1.000000000000000   1.000000000000000   1.000000000000000   1.000000000000000   1.000000000000000   1.000000000000000   1.000000000000000   1.000000000000000   1.000000000000000   
PATCH 19 
7 1 
8 2 
0.000000000000000   0.000000000000000   0.000000000000000   0.000000000000000   0.000000000000000   0.000000000000000   0.000000000000000   0.000000000000000   1.000000000000000   1.000000000000000   1.000000000000000   1.000000000000000   1.000000000000000   1.000000000000000   1.000000000000000   1.000000000000000   
0.000000000000000   0.000000000000000   1.000000000000000   1.000000000000000   
0.012500000000000   0.012500000000000   0.012500000000000   0.012500000000000   0.012500000000000   0.012500000000000   0.012500000000000   0.012500000000000   0.185000000000000   0.191428571428571   0.197857142857143   0.204285714285714   0.210714285714286   0.217142857142857   0.223571428571429   0.230000000000000   
0.085000000000000   0.091142857142857   0.097285714285714   0.103428571428571   0.109571428571429   0.115714285714286   0.121857142857143   0.128000000000000   0.065000000000000   0.074000000000000   0.083000000000000   0.092000000000000   0.101000000000000   0.110000000000000   0.119000000000000   0.128000000000000   
1.000000000000000   1.000000000000000   1.000000000000000   1.000000000000000   1.000000000000000   1.000000000000000   1.000000000000000   1.000000000000000   1.000000000000000   1.000000000000000   1.000000000000000   1.000000000000000   1.000000000000000   1.000000000000000   1.000000000000000   1.000000000000000   
PATCH 20 
7 1 
8 2 
0.000000000000000   0.000000000000000   0.000000000000000   0.000000000000000   0.000000000000000   0.000000000000000   0.000000000000000   0.000000000000000   1.000000000000000   1.000000000000000   1.000000000000000   1.000000000000000   1.000000000000000   1.000000000000000   1.000000000000000   1.000000000000000   
0.000000000000000   0.000000000000000   1.000000000000000   1.000000000000000   
0.000000000000000   0.000000000000000   0.000000000000000   0.000000000000000   0.000000000000000   0.000000000000000   0.000000000000000   0.000000000000000   0.012500000000000   0.012500000000000   0.012500000000000   0.012500000000000   0.012500000000000   0.012500000000000   0.012500000000000   0.012500000000000   
0.085000000000000   0.091142857142857   0.097285714285714   0.103428571428571   0.109571428571429   0.115714285714286   0.121857142857143   0.128000000000000   0.085000000000000   0.091142857142857   0.097285714285714   0.103428571428571   0.109571428571429   0.115714285714286   0.121857142857143   0.128000000000000   
1.000000000000000   1.000000000000000   1.000000000000000   1.000000000000000   1.000000000000000   1.000000000000000   1.000000000000000   1.000000000000000   1.000000000000000   1.000000000000000   1.000000000000000   1.000000000000000   1.000000000000000   1.000000000000000   1.000000000000000   1.000000000000000   
PATCH 21 
7 1 
8 2 
0.000000000000000   0.000000000000000   0.000000000000000   0.000000000000000   0.000000000000000   0.000000000000000   0.000000000000000   0.000000000000000   1.000000000000000   1.000000000000000   1.000000000000000   1.000000000000000   1.000000000000000   1.000000000000000   1.000000000000000   1.000000000000000   
0.000000000000000   0.000000000000000   1.000000000000000   1.000000000000000   
0.012500000000000   0.012500000000000   0.012500000000000   0.012500000000000   0.012500000000000   0.012500000000000   0.012500000000000   0.012500000000000   0.222500000000000   0.217142857142857   0.211785714285714   0.206428571428571   0.201071428571429   0.195714285714286   0.190357142857143   0.185000000000000   
0.062000000000000   0.065285714285714   0.068571428571429   0.071857142857143   0.075142857142857   0.078428571428571   0.081714285714286   0.085000000000000   0.045000000000000   0.047857142857143   0.050714285714286   0.053571428571429   0.056428571428571   0.059285714285714   0.062142857142857   0.065000000000000   
1.000000000000000   1.000000000000000   1.000000000000000   1.000000000000000   1.000000000000000   1.000000000000000   1.000000000000000   1.000000000000000   1.000000000000000   1.000000000000000   1.000000000000000   1.000000000000000   1.000000000000000   1.000000000000000   1.000000000000000   1.000000000000000   
PATCH 22 
7 1 
8 2 
0.000000000000000   0.000000000000000   0.000000000000000   0.000000000000000   0.000000000000000   0.000000000000000   0.000000000000000   0.000000000000000   1.000000000000000   1.000000000000000   1.000000000000000   1.000000000000000   1.000000000000000   1.000000000000000   1.000000000000000   1.000000000000000   
0.000000000000000   0.000000000000000   1.000000000000000   1.000000000000000   
0.000000000000000   0.000000000000000   0.000000000000000   0.000000000000000   0.000000000000000   0.000000000000000   0.000000000000000   0.000000000000000   0.012500000000000   0.012500000000000   0.012500000000000   0.012500000000000   0.012500000000000   0.012500000000000   0.012500000000000   0.012500000000000   
0.062000000000000   0.065285714285714   0.068571428571429   0.071857142857143   0.075142857142857   0.078428571428571   0.081714285714286   0.085000000000000   0.062000000000000   0.065285714285714   0.068571428571429   0.071857142857143   0.075142857142857   0.078428571428571   0.081714285714286   0.085000000000000   
1.000000000000000   1.000000000000000   1.000000000000000   1.000000000000000   1.000000000000000   1.000000000000000   1.000000000000000   1.000000000000000   1.000000000000000   1.000000000000000   1.000000000000000   1.000000000000000   1.000000000000000   1.000000000000000   1.000000000000000   1.000000000000000   
PATCH 23 
1 1 
2 2 
0.000000000000000   0.000000000000000   1.000000000000000   1.000000000000000   
0.000000000000000   0.000000000000000   1.000000000000000   1.000000000000000   
0.012500000000000   0.012500000000000   0.222500000000000   0.222500000000000   
0.052000000000000   0.062000000000000   0.035000000000000   0.045000000000000   
1.000000000000000   1.000000000000000   1.000000000000000   1.000000000000000   
PATCH 24 
1 1 
2 2 
0.000000000000000   0.000000000000000   1.000000000000000   1.000000000000000   
0.000000000000000   0.000000000000000   1.000000000000000   1.000000000000000   
0.000000000000000   0.000000000000000   0.012500000000000   0.012500000000000   
0.052000000000000   0.062000000000000   0.052000000000000   0.062000000000000   
1.000000000000000   1.000000000000000   1.000000000000000   1.000000000000000   
PATCH 25 
1 1 
2 2 
0.000000000000000   0.000000000000000   1.000000000000000   1.000000000000000   
0.000000000000000   0.000000000000000   1.000000000000000   1.000000000000000   
0.000000000000000   0.000000000000000   0.046000000000000   0.012500000000000   
0.027000000000000   0.052000000000000   0.027000000000000   0.052000000000000   
1.000000000000000   1.000000000000000   1.000000000000000   1.000000000000000   
PATCH 26 
1 1 
2 2 
0.000000000000000   0.000000000000000   1.000000000000000   1.000000000000000   
0.000000000000000   0.000000000000000   1.000000000000000   1.000000000000000   
0.046000000000000   0.012500000000000   0.236000000000000   0.222500000000000   
0.027000000000000   0.052000000000000   0.027000000000000   0.035000000000000   
1.000000000000000   1.000000000000000   1.000000000000000   1.000000000000000   
PATCH 27 
1 1 
2 2 
0.000000000000000   0.000000000000000   1.000000000000000   1.000000000000000   
0.000000000000000   0.000000000000000   1.000000000000000   1.000000000000000   
0.236000000000000   0.222500000000000   0.253000000000000   0.252500000000000   
0.027000000000000   0.035000000000000   0.027000000000000   0.035000000000000   
1.000000000000000   1.000000000000000   1.000000000000000   1.000000000000000   
PATCH 28 
1 1 
2 2 
0.000000000000000   0.000000000000000   1.000000000000000   1.000000000000000   
0.000000000000000   0.000000000000000   1.000000000000000   1.000000000000000   
0.252500000000000   0.252500000000000   0.302000000000000   0.302000000000000   
0.035000000000000   0.045000000000000   0.037800000000000   0.045000000000000   
1.000000000000000   1.000000000000000   1.000000000000000   1.000000000000000   
PATCH 29 
1 1 
2 2 
0.000000000000000   0.000000000000000   1.000000000000000   1.000000000000000   
0.000000000000000   0.000000000000000   1.000000000000000   1.000000000000000   
0.253000000000000   0.252500000000000   0.302000000000000   0.302000000000000   
0.027000000000000   0.035000000000000   0.020400000000000   0.037800000000000   
1.000000000000000   1.000000000000000   1.000000000000000   1.000000000000000   
PATCH 30 
1 1 
2 2 
0.000000000000000   0.000000000000000   1.000000000000000   1.000000000000000   
0.000000000000000   0.000000000000000   1.000000000000000   1.000000000000000   
0.264000000000000   0.253000000000000   0.302000000000000   0.302000000000000   
0.017500000000000   0.027000000000000   0.017500000000000   0.020400000000000   
1.000000000000000   1.000000000000000   1.000000000000000   1.000000000000000   
PATCH 31 
1 1 
2 2 
0.000000000000000   0.000000000000000   1.000000000000000   1.000000000000000   
0.000000000000000   0.000000000000000   1.000000000000000   1.000000000000000   
0.253000000000000   0.253000000000000   0.264000000000000   0.264000000000000   
0.000000000000000   0.027000000000000   0.000000000000000   0.017500000000000   
1.000000000000000   1.000000000000000   1.000000000000000   1.000000000000000   
PATCH 32 
1 1 
2 2 
0.000000000000000   0.000000000000000   1.000000000000000   1.000000000000000   
0.000000000000000   0.000000000000000   1.000000000000000   1.000000000000000   
0.236000000000000   0.236000000000000   0.253000000000000   0.253000000000000   
0.000000000000000   0.027000000000000   0.000000000000000   0.027000000000000   
1.000000000000000   1.000000000000000   1.000000000000000   1.000000000000000   
PATCH 33 
1 1 
2 2 
0.000000000000000   0.000000000000000   1.000000000000000   1.000000000000000   
0.000000000000000   0.000000000000000   1.000000000000000   1.000000000000000   
0.046000000000000   0.046000000000000   0.236000000000000   0.236000000000000   
0.000000000000000   0.027000000000000   0.000000000000000   0.027000000000000   
1.000000000000000   1.000000000000000   1.000000000000000   1.000000000000000   
PATCH 34 
1 1 
2 2 
0.000000000000000   0.000000000000000   1.000000000000000   1.000000000000000   
0.000000000000000   0.000000000000000   1.000000000000000   1.000000000000000   
0.000000000000000   0.000000000000000   0.046000000000000   0.046000000000000   
0.000000000000000   0.027000000000000   0.000000000000000   0.027000000000000   
1.000000000000000   1.000000000000000   1.000000000000000   1.000000000000000   
INTERFACE 1 
1 3 
2 4 
1 
INTERFACE 2 
2 2 
5 1 
1 
INTERFACE 3 
2 3 
3 4 
1 
INTERFACE 4 
3 3 
4 4 
1 
INTERFACE 5 
4 3 
6 4 
1 
INTERFACE 6 
5 2 
12 1 
1 
INTERFACE 7 
6 2 
7 1 
1 
INTERFACE 8 
7 2 
8 1 
1 
INTERFACE 9 
8 2 
9 1 
1 
INTERFACE 10 
9 2 
10 1 
1 
INTERFACE 11 
10 2 
14 1 
1 
INTERFACE 12 
11 3 
12 4 
1 
INTERFACE 13 
12 3 
13 4 
1 
INTERFACE 14 
13 3 
14 4 
1 
INTERFACE 15 
14 2 
15 2 
1 
INTERFACE 16 
15 1 
16 2 
1 
INTERFACE 17 
16 1 
17 2 
-1 
INTERFACE 18 
17 1 
18 2 
1 
INTERFACE 19 
17 3 
19 4 
1 
INTERFACE 20 
18 3 
21 4 
1 
INTERFACE 21 
19 1 
21 2 
1 
INTERFACE 22 
19 3 
20 4 
1 
INTERFACE 23 
20 1 
22 2 
1 
INTERFACE 24 
21 1 
23 2 
1 
INTERFACE 25 
21 3 
22 4 
1 
INTERFACE 26 
22 1 
24 2 
1 
INTERFACE 27 
23 1 
26 2 
1 
INTERFACE 28 
23 3 
24 4 
1 
INTERFACE 29 
24 1 
25 2 
1 
INTERFACE 30 
25 1 
34 2 
1 
INTERFACE 31 
25 4 
26 3 
1 
INTERFACE 32 
26 1 
33 2 
1 
INTERFACE 33 
26 4 
27 3 
1 
INTERFACE 34 
27 1 
32 2 
1 
INTERFACE 35 
27 4 
29 3 
1 
INTERFACE 36 
28 1 
29 2 
1 
INTERFACE 37 
29 1 
30 2 
1 
INTERFACE 38 
30 3 
31 2 
-1 
INTERFACE 39 
31 3 
32 4 
1 
INTERFACE 40 
32 3 
33 4 
1 
INTERFACE 41 
33 3 
34 4 
1 
BOUNDARY 1 
20 
6 3 
7 3 
8 3 
9 3 
10 3 
14 3 
15 3 
16 3 
17 4 
18 4 
18 1 
23 4 
27 2 
28 3 
28 2 
28 4 
29 4 
30 4 
30 1 
31 4 
BOUNDARY 2 
8 
5 3 
13 1 
10 4 
9 4 
8 4 
7 4 
4 2 
3 2 
BOUNDARY 3 
17 
1 4 
1 2 
5 4 
11 1 
11 4 
11 2 
12 2 
13 2 
15 4 
16 4 
19 2 
20 2 
20 3 
22 3 
24 3 
25 3 
34 3 
BOUNDARY 4 
9 
1 1 
2 1 
3 1 
4 1 
6 1 
31 1 
32 1 
33 1 
34 1 
