# nurbs mesh v.2.1
#
# 27-Jun-2020
#
2 2 6 6 0 
PATCH 1 
1 2 
2 3 
0.000000000000000   0.000000000000000   1.000000000000000   1.000000000000000   
0.000000000000000   0.000000000000000   0.000000000000000   1.000000000000000   1.000000000000000   1.000000000000000   
0.302000000000000   0.302000000000000   0.306750000000000   0.310400000000000   0.311500000000000   0.318800000000000   
0.020400000000000   0.037800000000000   0.020200000000000   0.037800000000000   0.020000000000000   0.037800000000000   
1.000000000000000   1.000000000000000   1.000000000000000   1.000000000000000   1.000000000000000   1.000000000000000   
PATCH 2 
2 2 
3 3 
0.000000000000000   0.000000000000000   0.000000000000000   1.000000000000000   1.000000000000000   1.000000000000000   
0.000000000000000   0.000000000000000   0.000000000000000   1.000000000000000   1.000000000000000   1.000000000000000   
0.302000000000000   0.302000000000000   0.302000000000000   0.310400000000000   0.294242775336909   0.309803399007669   0.318800000000000   0.286485550673818   0.317606798015338   
0.037800000000000   0.041400000000000   0.045000000000000   0.037800000000000   0.040915975201479   0.048733115353756   0.037800000000000   0.040431950402958   0.052466230707512   
1.000000000000000   1.000000000000000   1.000000000000000   1.000000000000000   0.944902786929041   1.000000000000000   1.000000000000000   0.889805573858082   1.000000000000000   
PATCH 3 
2 1 
3 2 
0.000000000000000   0.000000000000000   0.000000000000000   1.000000000000000   1.000000000000000   1.000000000000000   
0.000000000000000   0.000000000000000   1.000000000000000   1.000000000000000   
0.252500000000000   0.260000000000000   0.267500000000000   0.302000000000000   0.309803399007669   0.317606798015338   
0.045000000000000   0.048733115353756   0.052466230707512   0.045000000000000   0.048733115353756   0.052466230707512   
1.000000000000000   1.000000000000000   1.000000000000000   1.000000000000000   1.000000000000000   1.000000000000000   
PATCH 4 
2 1 
3 2 
0.000000000000000   0.000000000000000   0.000000000000000   1.000000000000000   1.000000000000000   1.000000000000000   
0.000000000000000   0.000000000000000   1.000000000000000   1.000000000000000   
0.267500000000000   0.267500000000000   0.267500000000000   0.317606798015338   0.278731047664714   0.305000000000000   
0.052466230707512   0.057496886413840   0.062527542120168   0.052466230707512   0.052937538642780   0.060055084240336   
1.000000000000000   1.000000000000000   1.000000000000000   1.000000000000000   0.889805573858082   1.000000000000000   
PATCH 5 
2 1 
3 2 
0.000000000000000   0.000000000000000   0.000000000000000   1.000000000000000   1.000000000000000   1.000000000000000   
0.000000000000000   0.000000000000000   1.000000000000000   1.000000000000000   
0.220000000000000   0.155563491861040   0.230000000000000   0.267500000000000   0.267500000000000   0.267500000000000   
0.055000000000000   0.045961940777126   0.065000000000000   0.052466230707512   0.057496886413840   0.062527542120168   
1.000000000000000   0.707106781186547   1.000000000000000   1.000000000000000   1.000000000000000   1.000000000000000   
PATCH 6 
2 1 
3 2 
0.000000000000000   0.000000000000000   0.000000000000000   1.000000000000000   1.000000000000000   1.000000000000000   
0.000000000000000   0.000000000000000   1.000000000000000   1.000000000000000   
0.230000000000000   0.155563491861040   0.220000000000000   0.252500000000000   0.260000000000000   0.267500000000000   
0.045000000000000   0.031819805153395   0.055000000000000   0.045000000000000   0.048733115353756   0.052466230707512   
1.000000000000000   0.707106781186547   1.000000000000000   1.000000000000000   1.000000000000000   1.000000000000000   
INTERFACE 1 
1 2 
2 1 
1 
INTERFACE 2 
2 2 
3 4 
1 
INTERFACE 3 
3 2 
4 1 
1 
INTERFACE 4 
3 3 
6 4 
1 
INTERFACE 5 
4 3 
5 4 
1 
INTERFACE 6 
5 1 
6 2 
1 
BOUNDARY 1 
12 
1 4 
2 4 
4 4 
4 2 
5 2 
5 3 
6 3 
6 1 
3 1 
2 3 
1 3 
1 1 
