  3.0831E-01  7.5575E-02  5.9595E-05  3.9960E-01  6.8733E-01  9.4250E-03 -6.5629E-01
  3.0971E-01  1.0902E-01  6.1076E-05  3.9815E-01  1.4180E+00  1.6079E-02 -1.3973E+00
  3.1111E-01  1.3441E-01  6.2444E-05  3.9575E-01  2.0242E+00  2.0506E-02 -2.0087E+00
  3.1252E-01  1.5590E-01  6.3640E-05  3.9256E-01  2.5100E+00  2.3347E-02 -2.4978E+00
  3.1392E-01  1.7470E-01  6.4621E-05  3.8879E-01  2.8828E+00  2.4998E-02 -2.8730E+00
  3.1530E-01  1.9154E-01  6.5381E-05  3.8460E-01  3.1602E+00  2.5840E-02 -3.1523E+00
  3.1670E-01  2.0717E-01  6.5941E-05  3.8004E-01  3.3638E+00  2.6188E-02 -3.3572E+00
  3.1811E-01  2.2182E-01  6.6317E-05  3.7520E-01  3.5073E+00  2.6267E-02 -3.5017E+00
  3.1951E-01  2.3549E-01  6.6527E-05  3.7022E-01  3.6024E+00  2.6214E-02 -3.5975E+00
  3.2092E-01  2.4843E-01  6.6594E-05  3.6513E-01  3.6609E+00  2.6082E-02 -3.6566E+00
  3.2231E-01  2.6063E-01  6.6541E-05  3.6002E-01  3.6905E+00  2.5905E-02 -3.6866E+00
  3.2370E-01  2.7235E-01  6.6383E-05  3.5487E-01  3.6977E+00  2.5705E-02 -3.6941E+00
  3.2513E-01  2.8383E-01  6.6128E-05  3.4961E-01  3.6866E+00  2.5503E-02 -3.6833E+00
  3.2651E-01  2.9457E-01  6.5801E-05  3.4453E-01  3.6617E+00  2.5325E-02 -3.6586E+00
  3.2791E-01  3.0507E-01  6.5402E-05  3.3944E-01  3.6256E+00  2.5179E-02 -3.6226E+00
  3.2932E-01  3.1532E-01  6.4943E-05  3.3436E-01  3.5806E+00  2.5070E-02 -3.5778E+00
  3.3070E-01  3.2509E-01  6.4445E-05  3.2944E-01  3.5303E+00  2.5001E-02 -3.5276E+00
  3.3213E-01  3.3485E-01  6.3894E-05  3.2446E-01  3.4740E+00  2.4963E-02 -3.4713E+00
  3.3351E-01  3.4413E-01  6.3325E-05  3.1968E-01  3.4159E+00  2.4953E-02 -3.4133E+00
  3.3493E-01  3.5341E-01  6.2717E-05  3.1488E-01  3.3542E+00  2.4968E-02 -3.3517E+00
  3.3631E-01  3.6220E-01  6.2107E-05  3.1031E-01  3.2932E+00  2.5004E-02 -3.2906E+00
  3.3772E-01  3.7099E-01  6.1468E-05  3.0573E-01  3.2302E+00  2.5061E-02 -3.2277E+00
  3.3911E-01  3.7953E-01  6.0821E-05  3.0127E-01  3.1678E+00  2.5134E-02 -3.1652E+00
  3.4053E-01  3.8808E-01  6.0152E-05  2.9682E-01  3.1046E+00  2.5224E-02 -3.1020E+00
  3.4193E-01  3.9638E-01  5.9484E-05  2.9250E-01  3.0429E+00  2.5324E-02 -3.0404E+00
  3.4332E-01  4.0443E-01  5.8821E-05  2.8833E-01  2.9832E+00  2.5432E-02 -2.9806E+00
  3.4473E-01  4.1249E-01  5.8146E-05  2.8417E-01  2.9239E+00  2.5549E-02 -2.9213E+00
  3.4612E-01  4.2030E-01  5.7483E-05  2.8016E-01  2.8670E+00  2.5668E-02 -2.8644E+00
  3.4752E-01  4.2812E-01  5.6815E-05  2.7617E-01  2.8110E+00  2.5793E-02 -2.8084E+00
  3.4890E-01  4.3568E-01  5.6162E-05  2.7233E-01  2.7578E+00  2.5917E-02 -2.7550E+00
  3.5030E-01  4.4325E-01  5.5506E-05  2.6851E-01  2.7056E+00  2.6044E-02 -2.7028E+00
  3.5172E-01  4.5082E-01  5.4846E-05  2.6472E-01  2.6546E+00  2.6173E-02 -2.6518E+00
  3.5311E-01  4.5814E-01  5.4205E-05  2.6107E-01  2.6065E+00  2.6299E-02 -2.6037E+00
  3.5451E-01  4.6547E-01  5.3563E-05  2.5745E-01  2.5597E+00  2.6425E-02 -2.5568E+00
  3.5593E-01  4.7279E-01  5.2920E-05  2.5386E-01  2.5142E+00  2.6552E-02 -2.5112E+00
  3.5731E-01  4.7987E-01  5.2298E-05  2.5041E-01  2.4716E+00  2.6673E-02 -2.4685E+00
  3.5871E-01  4.8695E-01  5.1675E-05  2.4699E-01  2.4302E+00  2.6790E-02 -2.4271E+00
  3.6012E-01  4.9403E-01  5.1052E-05  2.4359E-01  2.3900E+00  2.6903E-02 -2.3868E+00
  3.6150E-01  5.0087E-01  5.0451E-05  2.4033E-01  2.3523E+00  2.7008E-02 -2.3490E+00
  3.6294E-01  5.0795E-01  4.9828E-05  2.3698E-01  2.3142E+00  2.7111E-02 -2.3109E+00
  3.6434E-01  5.1479E-01  4.9227E-05  2.3376E-01  2.2782E+00  2.7206E-02 -2.2749E+00
  3.6570E-01  5.2138E-01  4.8648E-05  2.3069E-01  2.2443E+00  2.7294E-02 -2.2409E+00
  3.6712E-01  5.2821E-01  4.8047E-05  2.2753E-01  2.2097E+00  2.7377E-02 -2.2062E+00
  3.6851E-01  5.3480E-01  4.7466E-05  2.2450E-01  2.1767E+00  2.7447E-02 -2.1732E+00
  3.6995E-01  5.4164E-01  4.6861E-05  2.2138E-01  2.1427E+00  2.7505E-02 -2.1391E+00
  3.7130E-01  5.4799E-01  4.6295E-05  2.1852E-01  2.1108E+00  2.7545E-02 -2.1072E+00
  3.7271E-01  5.5458E-01  4.5701E-05  2.1556E-01  2.0770E+00  2.7572E-02 -2.0733E+00
  3.7413E-01  5.6117E-01  4.5099E-05  2.1264E-01  2.0420E+00  2.7586E-02 -2.0382E+00
  3.7551E-01  5.6752E-01  4.4507E-05  2.0986E-01  2.0065E+00  2.7593E-02 -2.0026E+00
  3.7695E-01  5.7411E-01  4.3876E-05  2.0700E-01  1.9671E+00  2.7597E-02 -1.9632E+00
  3.7834E-01  5.8046E-01  4.3250E-05  2.0429E-01  1.9260E+00  2.7603E-02 -1.9219E+00
  3.7975E-01  5.8681E-01  4.2599E-05  2.0163E-01  1.8807E+00  2.7626E-02 -1.8766E+00
  3.8110E-01  5.9291E-01  4.1944E-05  1.9912E-01  1.8321E+00  2.7695E-02 -1.8278E+00
  3.8252E-01  5.9926E-01  4.1228E-05  1.9657E-01  1.7747E+00  2.7870E-02 -1.7702E+00
  3.8394E-01  6.0561E-01  4.0466E-05  1.9410E-01  1.7087E+00  2.8221E-02 -1.7039E+00
  3.8532E-01  6.1171E-01  3.9686E-05  1.9180E-01  1.6359E+00  2.8770E-02 -1.6307E+00
  3.8675E-01  6.1806E-01  3.8822E-05  1.8952E-01  1.5498E+00  2.9578E-02 -1.5439E+00
  3.8814E-01  6.2416E-01  3.7943E-05  1.8744E-01  1.4566E+00  3.0560E-02 -1.4499E+00
  3.8953E-01  6.3026E-01  3.7025E-05  1.8550E-01  1.3540E+00  3.1643E-02 -1.3462E+00
  3.9093E-01  6.3637E-01  3.6081E-05  1.8369E-01  1.2440E+00  3.2625E-02 -1.2349E+00
  3.9233E-01  6.4247E-01  3.5129E-05  1.8204E-01  1.1301E+00  3.3277E-02 -1.1197E+00
  3.9373E-01  6.4857E-01  3.4194E-05  1.8055E-01  1.0173E+00  3.3456E-02 -1.0054E+00
  3.9514E-01  6.5468E-01  3.3303E-05  1.7922E-01  9.1010E-01  3.3175E-02 -8.9704E-01
  3.9655E-01  6.6078E-01  3.2478E-05  1.7802E-01  8.1277E-01  3.2565E-02 -7.9858E-01
  3.9790E-01  6.6664E-01  3.1763E-05  1.7700E-01  7.3104E-01  3.1845E-02 -7.1585E-01
  3.9932E-01  6.7274E-01  3.1106E-05  1.7604E-01  6.5907E-01  3.1121E-02 -6.4287E-01
  4.0073E-01  6.7885E-01  3.0535E-05  1.7517E-01  6.0011E-01  3.0526E-02 -5.8286E-01
  4.0215E-01  6.8495E-01  3.0044E-05  1.7438E-01  5.5275E-01  3.0089E-02 -5.3441E-01
  4.0350E-01  6.9081E-01  2.9636E-05  1.7368E-01  5.1649E-01  2.9806E-02 -4.9708E-01
  4.0492E-01  6.9691E-01  2.9266E-05  1.7300E-01  4.8652E-01  2.9622E-02 -4.6601E-01
  4.0634E-01  7.0302E-01  2.8941E-05  1.7236E-01  4.6285E-01  2.9518E-02 -4.4127E-01
  4.0770E-01  7.0888E-01  2.8662E-05  1.7177E-01  4.4476E-01  2.9469E-02 -4.2222E-01
  4.0912E-01  7.1498E-01  2.8398E-05  1.7118E-01  4.2968E-01  2.9454E-02 -4.0618E-01
  4.1054E-01  7.2108E-01  2.8156E-05  1.7062E-01  4.1757E-01  2.9463E-02 -3.9320E-01
  4.1190E-01  7.2694E-01  2.7939E-05  1.7009E-01  4.0813E-01  2.9486E-02 -3.8298E-01
  4.1332E-01  7.3305E-01  2.7725E-05  1.6955E-01  4.0008E-01  2.9520E-02 -3.7418E-01
  4.1474E-01  7.3915E-01  2.7521E-05  1.6903E-01  3.9346E-01  2.9561E-02 -3.6687E-01
  4.1610E-01  7.4501E-01  2.7332E-05  1.6853E-01  3.8818E-01  2.9604E-02 -3.6096E-01
  4.1752E-01  7.5111E-01  2.7141E-05  1.6802E-01  3.8356E-01  2.9653E-02 -3.5573E-01
  4.1894E-01  7.5722E-01  2.6954E-05  1.6752E-01  3.7967E-01  2.9704E-02 -3.5127E-01
  4.2031E-01  7.6308E-01  2.6779E-05  1.6704E-01  3.7648E-01  2.9754E-02 -3.4756E-01
  4.2173E-01  7.6918E-01  2.6598E-05  1.6655E-01  3.7362E-01  2.9807E-02 -3.4418E-01
  4.2315E-01  7.7528E-01  2.6418E-05  1.6607E-01  3.7114E-01  2.9861E-02 -3.4120E-01
  4.2451E-01  7.8114E-01  2.6247E-05  1.6560E-01  3.6905E-01  2.9914E-02 -3.3864E-01
  4.2593E-01  7.8725E-01  2.6069E-05  1.6512E-01  3.6713E-01  2.9969E-02 -3.3625E-01
  4.2735E-01  7.9335E-01  2.5893E-05  1.6465E-01  3.6541E-01  3.0023E-02 -3.3407E-01
  4.2872E-01  7.9921E-01  2.5724E-05  1.6419E-01  3.6393E-01  3.0075E-02 -3.3216E-01
  4.3014E-01  8.0531E-01  2.5547E-05  1.6372E-01  3.6253E-01  3.0130E-02 -3.3032E-01
  4.3156E-01  8.1142E-01  2.5371E-05  1.6325E-01  3.6126E-01  3.0184E-02 -3.2860E-01
  4.3292E-01  8.1728E-01  2.5202E-05  1.6281E-01  3.6013E-01  3.0236E-02 -3.2706E-01
  4.3434E-01  8.2338E-01  2.5027E-05  1.6234E-01  3.5905E-01  3.0290E-02 -3.2555E-01
  4.3570E-01  8.2924E-01  2.4858E-05  1.6190E-01  3.5809E-01  3.0342E-02 -3.2417E-01
  4.3713E-01  8.3534E-01  2.4682E-05  1.6144E-01  3.5715E-01  3.0395E-02 -3.2281E-01
  4.3855E-01  8.4145E-01  2.4506E-05  1.6098E-01  3.5628E-01  3.0448E-02 -3.2151E-01
  4.3991E-01  8.4731E-01  2.4338E-05  1.6055E-01  3.5549E-01  3.0498E-02 -3.2032E-01
  4.4133E-01  8.5341E-01  2.4162E-05  1.6009E-01  3.5473E-01  3.0551E-02 -3.1913E-01
  4.4275E-01  8.5951E-01  2.3987E-05  1.5964E-01  3.5401E-01  3.0603E-02 -3.1799E-01
  4.4412E-01  8.6537E-01  2.3818E-05  1.5921E-01  3.5336E-01  3.0652E-02 -3.1694E-01
  4.4700E-01  8.7776E-01  2.3461E-05  1.5829E-01  3.5211E-01  3.0755E-02 -3.1484E-01
