  3.0831E-01  7.5575E-02  5.9536E-05  3.9961E-01  6.8309E-01  9.6429E-03 -6.5036E-01
  3.0971E-01  1.0902E-01  6.0955E-05  3.9816E-01  1.4136E+00  1.6325E-02 -1.3921E+00
  3.1111E-01  1.3441E-01  6.2295E-05  3.9577E-01  2.0200E+00  2.0773E-02 -2.0040E+00
  3.1252E-01  1.5590E-01  6.3459E-05  3.9259E-01  2.5061E+00  2.3635E-02 -2.4936E+00
  3.1392E-01  1.7470E-01  6.4423E-05  3.8883E-01  2.8791E+00  2.5307E-02 -2.8691E+00
  3.1530E-01  1.9154E-01  6.5190E-05  3.8464E-01  3.1568E+00  2.6169E-02 -3.1486E+00
  3.1670E-01  2.0717E-01  6.5782E-05  3.8009E-01  3.3606E+00  2.6538E-02 -3.3538E+00
  3.1811E-01  2.2182E-01  6.6207E-05  3.7525E-01  3.5043E+00  2.6639E-02 -3.4985E+00
  3.1951E-01  2.3549E-01  6.6472E-05  3.7027E-01  3.5996E+00  2.6606E-02 -3.5945E+00
  3.2092E-01  2.4843E-01  6.6605E-05  3.6519E-01  3.6583E+00  2.6494E-02 -3.6538E+00
  3.2231E-01  2.6063E-01  6.6629E-05  3.6008E-01  3.6880E+00  2.6338E-02 -3.6839E+00
  3.2370E-01  2.7235E-01  6.6558E-05  3.5493E-01  3.6953E+00  2.6161E-02 -3.6915E+00
  3.2513E-01  2.8383E-01  6.6397E-05  3.4968E-01  3.6843E+00  2.5980E-02 -3.6808E+00
  3.2651E-01  2.9457E-01  6.6166E-05  3.4460E-01  3.6595E+00  2.5823E-02 -3.6562E+00
  3.2791E-01  3.0507E-01  6.5868E-05  3.3951E-01  3.6234E+00  2.5695E-02 -3.6203E+00
  3.2932E-01  3.1532E-01  6.5513E-05  3.3443E-01  3.5785E+00  2.5604E-02 -3.5755E+00
  3.3070E-01  3.2509E-01  6.5119E-05  3.2952E-01  3.5283E+00  2.5551E-02 -3.5254E+00
  3.3213E-01  3.3485E-01  6.4676E-05  3.2454E-01  3.4720E+00  2.5527E-02 -3.4692E+00
  3.3351E-01  3.4413E-01  6.4215E-05  3.1977E-01  3.4140E+00  2.5531E-02 -3.4112E+00
  3.3493E-01  3.5341E-01  6.3716E-05  3.1497E-01  3.3523E+00  2.5560E-02 -3.3496E+00
  3.3631E-01  3.6220E-01  6.3209E-05  3.1040E-01  3.2913E+00  2.5607E-02 -3.2887E+00
  3.3772E-01  3.7099E-01  6.2673E-05  3.0582E-01  3.2284E+00  2.5674E-02 -3.2258E+00
  3.3911E-01  3.7953E-01  6.2125E-05  3.0137E-01  3.1660E+00  2.5756E-02 -3.1633E+00
  3.4053E-01  3.8808E-01  6.1554E-05  2.9692E-01  3.1029E+00  2.5854E-02 -3.1002E+00
  3.4193E-01  3.9638E-01  6.0978E-05  2.9261E-01  3.0412E+00  2.5962E-02 -3.0385E+00
  3.4332E-01  4.0443E-01  6.0402E-05  2.8844E-01  2.9815E+00  2.6077E-02 -2.9788E+00
  3.4473E-01  4.1249E-01  5.9812E-05  2.8428E-01  2.9222E+00  2.6200E-02 -2.9195E+00
  3.4612E-01  4.2030E-01  5.9227E-05  2.8027E-01  2.8654E+00  2.6325E-02 -2.8626E+00
  3.4752E-01  4.2811E-01  5.8633E-05  2.7629E-01  2.8094E+00  2.6454E-02 -2.8066E+00
  3.4890E-01  4.3568E-01  5.8048E-05  2.7245E-01  2.7562E+00  2.6583E-02 -2.7533E+00
  3.5030E-01  4.4325E-01  5.7457E-05  2.6863E-01  2.7041E+00  2.6713E-02 -2.7011E+00
  3.5172E-01  4.5082E-01  5.6859E-05  2.6484E-01  2.6531E+00  2.6845E-02 -2.6501E+00
  3.5311E-01  4.5814E-01  5.6274E-05  2.6120E-01  2.6050E+00  2.6973E-02 -2.6020E+00
  3.5451E-01  4.6547E-01  5.5684E-05  2.5758E-01  2.5582E+00  2.7103E-02 -2.5552E+00
  3.5593E-01  4.7279E-01  5.5090E-05  2.5399E-01  2.5128E+00  2.7232E-02 -2.5096E+00
  3.5731E-01  4.7987E-01  5.4512E-05  2.5054E-01  2.4701E+00  2.7355E-02 -2.4669E+00
  3.5871E-01  4.8695E-01  5.3932E-05  2.4712E-01  2.4287E+00  2.7475E-02 -2.4255E+00
  3.6012E-01  4.9403E-01  5.3350E-05  2.4372E-01  2.3886E+00  2.7591E-02 -2.3852E+00
  3.6150E-01  5.0087E-01  5.2787E-05  2.4046E-01  2.3509E+00  2.7697E-02 -2.3475E+00
  3.6294E-01  5.0795E-01  5.2203E-05  2.3711E-01  2.3128E+00  2.7803E-02 -2.3093E+00
  3.6434E-01  5.1479E-01  5.1638E-05  2.3391E-01  2.2769E+00  2.7900E-02 -2.2734E+00
  3.6570E-01  5.2138E-01  5.1093E-05  2.3083E-01  2.2429E+00  2.7990E-02 -2.2393E+00
  3.6712E-01  5.2821E-01  5.0528E-05  2.2767E-01  2.2083E+00  2.8075E-02 -2.2047E+00
  3.6851E-01  5.3480E-01  4.9982E-05  2.2465E-01  2.1754E+00  2.8148E-02 -2.1717E+00
  3.6995E-01  5.4164E-01  4.9413E-05  2.2153E-01  2.1414E+00  2.8208E-02 -2.1376E+00
  3.7130E-01  5.4799E-01  4.8881E-05  2.1867E-01  2.1095E+00  2.8251E-02 -2.1057E+00
  3.7271E-01  5.5458E-01  4.8323E-05  2.1572E-01  2.0758E+00  2.8281E-02 -2.0718E+00
  3.7413E-01  5.6117E-01  4.7757E-05  2.1280E-01  2.0407E+00  2.8298E-02 -2.0367E+00
  3.7551E-01  5.6752E-01  4.7200E-05  2.1002E-01  2.0052E+00  2.8307E-02 -2.0012E+00
  3.7695E-01  5.7411E-01  4.6607E-05  2.0716E-01  1.9658E+00  2.8313E-02 -1.9617E+00
  3.7834E-01  5.8046E-01  4.6016E-05  2.0446E-01  1.9247E+00  2.8320E-02 -1.9205E+00
  3.7975E-01  5.8681E-01  4.5401E-05  2.0180E-01  1.8795E+00  2.8344E-02 -1.8751E+00
  3.8110E-01  5.9291E-01  4.4781E-05  1.9929E-01  1.8308E+00  2.8412E-02 -1.8263E+00
  3.8252E-01  5.9926E-01  4.4099E-05  1.9674E-01  1.7734E+00  2.8583E-02 -1.7686E+00
  3.8394E-01  6.0561E-01  4.3374E-05  1.9427E-01  1.7074E+00  2.8927E-02 -1.7023E+00
  3.8532E-01  6.1171E-01  4.2631E-05  1.9198E-01  1.6346E+00  2.9465E-02 -1.6291E+00
  3.8675E-01  6.1806E-01  4.1807E-05  1.8970E-01  1.5484E+00  3.0258E-02 -1.5423E+00
  3.8814E-01  6.2416E-01  4.0970E-05  1.8762E-01  1.4552E+00  3.1224E-02 -1.4482E+00
  3.8953E-01  6.3026E-01  4.0096E-05  1.8568E-01  1.3525E+00  3.2291E-02 -1.3444E+00
  3.9093E-01  6.3637E-01  3.9199E-05  1.8388E-01  1.2424E+00  3.3260E-02 -1.2330E+00
  3.9233E-01  6.4247E-01  3.8298E-05  1.8223E-01  1.1285E+00  3.3906E-02 -1.1177E+00
  3.9373E-01  6.4857E-01  3.7418E-05  1.8074E-01  1.0156E+00  3.4087E-02 -1.0033E+00
  3.9514E-01  6.5468E-01  3.6585E-05  1.7941E-01  9.0839E-01  3.3815E-02 -8.9482E-01
  3.9655E-01  6.6078E-01  3.5821E-05  1.7822E-01  8.1102E-01  3.3217E-02 -7.9625E-01
  3.9790E-01  6.6664E-01  3.5167E-05  1.7719E-01  7.2927E-01  3.2512E-02 -7.1343E-01
  3.9932E-01  6.7274E-01  3.4575E-05  1.7624E-01  6.5731E-01  3.1803E-02 -6.4036E-01
  4.0073E-01  6.7885E-01  3.4073E-05  1.7538E-01  5.9835E-01  3.1220E-02 -5.8028E-01
  4.0215E-01  6.8495E-01  3.3651E-05  1.7459E-01  5.5101E-01  3.0793E-02 -5.3177E-01
  4.0350E-01  6.9081E-01  3.3311E-05  1.7390E-01  5.1478E-01  3.0518E-02 -4.9439E-01
  4.0492E-01  6.9691E-01  3.3012E-05  1.7322E-01  4.8484E-01  3.0338E-02 -4.6327E-01
  4.0634E-01  7.0302E-01  3.2758E-05  1.7258E-01  4.6120E-01  3.0238E-02 -4.3850E-01
  4.0770E-01  7.0888E-01  3.2548E-05  1.7200E-01  4.4314E-01  3.0192E-02 -4.1941E-01
  4.0912E-01  7.1498E-01  3.2356E-05  1.7141E-01  4.2808E-01  3.0179E-02 -4.0335E-01
  4.1054E-01  7.2108E-01  3.2186E-05  1.7085E-01  4.1599E-01  3.0189E-02 -3.9034E-01
  4.1190E-01  7.2694E-01  3.2037E-05  1.7032E-01  4.0657E-01  3.0214E-02 -3.8009E-01
  4.1332E-01  7.3305E-01  3.1896E-05  1.6979E-01  3.9854E-01  3.0249E-02 -3.7127E-01
  4.1474E-01  7.3915E-01  3.1764E-05  1.6927E-01  3.9194E-01  3.0291E-02 -3.6393E-01
  4.1610E-01  7.4501E-01  3.1646E-05  1.6878E-01  3.8667E-01  3.0336E-02 -3.5801E-01
  4.1752E-01  7.5111E-01  3.1529E-05  1.6827E-01  3.8207E-01  3.0386E-02 -3.5276E-01
  4.1894E-01  7.5722E-01  3.1417E-05  1.6778E-01  3.7819E-01  3.0437E-02 -3.4828E-01
  4.2031E-01  7.6308E-01  3.1314E-05  1.6730E-01  3.7501E-01  3.0488E-02 -3.4455E-01
  4.2173E-01  7.6918E-01  3.1210E-05  1.6682E-01  3.7216E-01  3.0542E-02 -3.4115E-01
  4.2315E-01  7.7528E-01  3.1110E-05  1.6633E-01  3.6969E-01  3.0596E-02 -3.3816E-01
  4.2451E-01  7.8114E-01  3.1015E-05  1.6588E-01  3.6762E-01  3.0649E-02 -3.3560E-01
  4.2593E-01  7.8725E-01  3.0917E-05  1.6540E-01  3.6570E-01  3.0704E-02 -3.3319E-01
  4.2735E-01  7.9335E-01  3.0821E-05  1.6493E-01  3.6399E-01  3.0759E-02 -3.3100E-01
  4.2872E-01  7.9921E-01  3.0729E-05  1.6448E-01  3.6252E-01  3.0812E-02 -3.2907E-01
  4.3014E-01  8.0531E-01  3.0633E-05  1.6401E-01  3.6113E-01  3.0866E-02 -3.2722E-01
  4.3156E-01  8.1142E-01  3.0537E-05  1.6355E-01  3.5986E-01  3.0921E-02 -3.2549E-01
  4.3292E-01  8.1728E-01  3.0444E-05  1.6311E-01  3.5874E-01  3.0973E-02 -3.2393E-01
  4.3434E-01  8.2338E-01  3.0346E-05  1.6265E-01  3.5766E-01  3.1027E-02 -3.2241E-01
  4.3570E-01  8.2924E-01  3.0252E-05  1.6221E-01  3.5671E-01  3.1078E-02 -3.2102E-01
  4.3713E-01  8.3534E-01  3.0153E-05  1.6175E-01  3.5578E-01  3.1131E-02 -3.1965E-01
  4.3855E-01  8.4145E-01  3.0054E-05  1.6130E-01  3.5491E-01  3.1184E-02 -3.1834E-01
  4.3991E-01  8.4731E-01  2.9959E-05  1.6087E-01  3.5413E-01  3.1235E-02 -3.1714E-01
  4.4133E-01  8.5341E-01  2.9859E-05  1.6042E-01  3.5337E-01  3.1287E-02 -3.1594E-01
  4.4275E-01  8.5951E-01  2.9759E-05  1.5997E-01  3.5265E-01  3.1339E-02 -3.1479E-01
  4.4412E-01  8.6537E-01  2.9662E-05  1.5954E-01  3.5201E-01  3.1388E-02 -3.1372E-01
  4.4700E-01  8.7776E-01  2.9457E-05  1.5864E-01  3.5077E-01  3.1491E-02 -3.1160E-01
