  3.0830E-01  7.5437E-02  5.9321E-05  3.9958E-01  6.9843E-01  8.7436E-03 -6.7214E-01
  3.0970E-01  1.0888E-01  6.0521E-05  3.9811E-01  1.4300E+00  1.5221E-02 -1.4116E+00
  3.1111E-01  1.3452E-01  6.1664E-05  3.9566E-01  2.0418E+00  1.9568E-02 -2.0278E+00
  3.1251E-01  1.5576E-01  6.2636E-05  3.9249E-01  2.5216E+00  2.2270E-02 -2.5106E+00
  3.1390E-01  1.7456E-01  6.3426E-05  3.8871E-01  2.8943E+00  2.3822E-02 -2.8855E+00
  3.1531E-01  1.9165E-01  6.4024E-05  3.8444E-01  3.1752E+00  2.4568E-02 -3.1681E+00
  3.1671E-01  2.0727E-01  6.4426E-05  3.7985E-01  3.3780E+00  2.4802E-02 -3.3720E+00
  3.1812E-01  2.2192E-01  6.4651E-05  3.7499E-01  3.5206E+00  2.4769E-02 -3.5156E+00
  3.1953E-01  2.3559E-01  6.4717E-05  3.6999E-01  3.6150E+00  2.4607E-02 -3.6107E+00
  3.2090E-01  2.4829E-01  6.4648E-05  3.6498E-01  3.6720E+00  2.4375E-02 -3.6682E+00
  3.2232E-01  2.6074E-01  6.4458E-05  3.5975E-01  3.7018E+00  2.4092E-02 -3.6984E+00
  3.2371E-01  2.7246E-01  6.4169E-05  3.5458E-01  3.7084E+00  2.3798E-02 -3.7053E+00
  3.2511E-01  2.8369E-01  6.3792E-05  3.4942E-01  3.6972E+00  2.3511E-02 -3.6944E+00
  3.2652E-01  2.9468E-01  6.3332E-05  3.4421E-01  3.6714E+00  2.3247E-02 -3.6688E+00
  3.2792E-01  3.0517E-01  6.2813E-05  3.3910E-01  3.6349E+00  2.3025E-02 -3.6324E+00
  3.2930E-01  3.1518E-01  6.2250E-05  3.3412E-01  3.5907E+00  2.2851E-02 -3.5884E+00
  3.3072E-01  3.2519E-01  6.1624E-05  3.2907E-01  3.5389E+00  2.2715E-02 -3.5367E+00
  3.3211E-01  3.3471E-01  6.0975E-05  3.2420E-01  3.4838E+00  2.2620E-02 -3.4816E+00
  3.3353E-01  3.4424E-01  6.0278E-05  3.1929E-01  3.4240E+00  2.2558E-02 -3.4218E+00
  3.3491E-01  3.5327E-01  5.9578E-05  3.1460E-01  3.3637E+00  2.2527E-02 -3.3616E+00
  3.3633E-01  3.6230E-01  5.8843E-05  3.0989E-01  3.3008E+00  2.2521E-02 -3.2987E+00
  3.3773E-01  3.7109E-01  5.8097E-05  3.0529E-01  3.2376E+00  2.2539E-02 -3.2356E+00
  3.3913E-01  3.7964E-01  5.7348E-05  3.0082E-01  3.1750E+00  2.2579E-02 -3.1730E+00
  3.4051E-01  3.8794E-01  5.6600E-05  2.9649E-01  3.1135E+00  2.2635E-02 -3.1114E+00
  3.4191E-01  3.9624E-01  5.5835E-05  2.9216E-01  3.0517E+00  2.2708E-02 -3.0496E+00
  3.4334E-01  4.0454E-01  5.5056E-05  2.8785E-01  2.9900E+00  2.2793E-02 -2.9879E+00
  3.4470E-01  4.1235E-01  5.4311E-05  2.8381E-01  2.9324E+00  2.2884E-02 -2.9303E+00
  3.4613E-01  4.2041E-01  5.3535E-05  2.7966E-01  2.8736E+00  2.2985E-02 -2.8715E+00
  3.4754E-01  4.2822E-01  5.2776E-05  2.7566E-01  2.8175E+00  2.3090E-02 -2.8154E+00
  3.4892E-01  4.3579E-01  5.2036E-05  2.7181E-01  2.7642E+00  2.3197E-02 -2.7620E+00
  3.5032E-01  4.4336E-01  5.1293E-05  2.6798E-01  2.7119E+00  2.3308E-02 -2.7097E+00
  3.5174E-01  4.5093E-01  5.0548E-05  2.6418E-01  2.6609E+00  2.3421E-02 -2.6586E+00
  3.5313E-01  4.5825E-01  4.9827E-05  2.6052E-01  2.6127E+00  2.3533E-02 -2.6104E+00
  3.5453E-01  4.6557E-01  4.9107E-05  2.5689E-01  2.5658E+00  2.3647E-02 -2.5635E+00
  3.5590E-01  4.7265E-01  4.8412E-05  2.5341E-01  2.5218E+00  2.3758E-02 -2.5194E+00
  3.5733E-01  4.7998E-01  4.7695E-05  2.4983E-01  2.4775E+00  2.3872E-02 -2.4751E+00
  3.5873E-01  4.8706E-01  4.7004E-05  2.4639E-01  2.4361E+00  2.3980E-02 -2.4336E+00
  3.6015E-01  4.9414E-01  4.6315E-05  2.4298E-01  2.3958E+00  2.4084E-02 -2.3933E+00
  3.6152E-01  5.0097E-01  4.5653E-05  2.3972E-01  2.3580E+00  2.4179E-02 -2.3555E+00
  3.6291E-01  5.0781E-01  4.4993E-05  2.3647E-01  2.3212E+00  2.4270E-02 -2.3186E+00
  3.6431E-01  5.1465E-01  4.4334E-05  2.3325E-01  2.2852E+00  2.4356E-02 -2.2825E+00
  3.6572E-01  5.2148E-01  4.3677E-05  2.3005E-01  2.2499E+00  2.4438E-02 -2.2472E+00
  3.6715E-01  5.2832E-01  4.3021E-05  2.2688E-01  2.2152E+00  2.4514E-02 -2.2125E+00
  3.6853E-01  5.3491E-01  4.2388E-05  2.2384E-01  2.1822E+00  2.4575E-02 -2.1794E+00
  3.6992E-01  5.4150E-01  4.1754E-05  2.2083E-01  2.1493E+00  2.4623E-02 -2.1465E+00
  3.7132E-01  5.4809E-01  4.1118E-05  2.1784E-01  2.1162E+00  2.4655E-02 -2.1133E+00
  3.7274E-01  5.5469E-01  4.0475E-05  2.1488E-01  2.0824E+00  2.4672E-02 -2.0794E+00
  3.7410E-01  5.6103E-01  3.9849E-05  2.1206E-01  2.0486E+00  2.4677E-02 -2.0456E+00
  3.7553E-01  5.6762E-01  3.9187E-05  2.0916E-01  2.0117E+00  2.4674E-02 -2.0086E+00
  3.7692E-01  5.7397E-01  3.8536E-05  2.0640E-01  1.9738E+00  2.4670E-02 -1.9706E+00
  3.7831E-01  5.8032E-01  3.7865E-05  2.0368E-01  1.9327E+00  2.4670E-02 -1.9295E+00
  3.7972E-01  5.8667E-01  3.7171E-05  2.0101E-01  1.8876E+00  2.4692E-02 -1.8843E+00
  3.8113E-01  5.9302E-01  3.6446E-05  1.9838E-01  1.8371E+00  2.4772E-02 -1.8336E+00
  3.8254E-01  5.9936E-01  3.5684E-05  1.9583E-01  1.7796E+00  2.4972E-02 -1.7760E+00
  3.8391E-01  6.0547E-01  3.4909E-05  1.9344E-01  1.7163E+00  2.5347E-02 -1.7124E+00
  3.8534E-01  6.1181E-01  3.4052E-05  1.9104E-01  1.6408E+00  2.5979E-02 -1.6365E+00
  3.8672E-01  6.1792E-01  3.3176E-05  1.8884E-01  1.5581E+00  2.6830E-02 -1.5533E+00
  3.8811E-01  6.2402E-01  3.2251E-05  1.8675E-01  1.4654E+00  2.7893E-02 -1.4598E+00
  3.8956E-01  6.3037E-01  3.1244E-05  1.8471E-01  1.3590E+00  2.9100E-02 -1.3523E+00
  3.9095E-01  6.3647E-01  3.0245E-05  1.8290E-01  1.2491E+00  3.0134E-02 -1.2413E+00
  3.9235E-01  6.4258E-01  2.9236E-05  1.8124E-01  1.1355E+00  3.0800E-02 -1.1266E+00
  3.9376E-01  6.4868E-01  2.8242E-05  1.7974E-01  1.0230E+00  3.0957E-02 -1.0128E+00
  3.9511E-01  6.5454E-01  2.7325E-05  1.7844E-01  9.2027E-01  3.0644E-02 -9.0916E-01
  3.9652E-01  6.6064E-01  2.6431E-05  1.7723E-01  8.2284E-01  2.9971E-02 -8.1087E-01
  3.9793E-01  6.6675E-01  2.5616E-05  1.7615E-01  7.3776E-01  2.9145E-02 -7.2506E-01
  3.9934E-01  6.7285E-01  2.4887E-05  1.7518E-01  6.6607E-01  2.8349E-02 -6.5266E-01
  4.0075E-01  6.7895E-01  2.4243E-05  1.7430E-01  6.0730E-01  2.7693E-02 -5.9316E-01
  4.0211E-01  6.8481E-01  2.3697E-05  1.7352E-01  5.6175E-01  2.7227E-02 -5.4688E-01
  4.0353E-01  6.9092E-01  2.3192E-05  1.7278E-01  5.2387E-01  2.6896E-02 -5.0819E-01
  4.0495E-01  6.9702E-01  2.2742E-05  1.7208E-01  4.9392E-01  2.6688E-02 -4.7742E-01
  4.0631E-01  7.0288E-01  2.2351E-05  1.7145E-01  4.7109E-01  2.6571E-02 -4.5382E-01
  4.0773E-01  7.0898E-01  2.1976E-05  1.7082E-01  4.5214E-01  2.6508E-02 -4.3409E-01
  4.0914E-01  7.1509E-01  2.1628E-05  1.7021E-01  4.3701E-01  2.6485E-02 -4.1823E-01
  4.1051E-01  7.2095E-01  2.1314E-05  1.6965E-01  4.2530E-01  2.6487E-02 -4.0586E-01
  4.1193E-01  7.2705E-01  2.1002E-05  1.6908E-01  4.1538E-01  2.6506E-02 -3.9531E-01
  4.1334E-01  7.3315E-01  2.0702E-05  1.6853E-01  4.0728E-01  2.6537E-02 -3.8662E-01
  4.1471E-01  7.3901E-01  2.0423E-05  1.6801E-01  4.0086E-01  2.6574E-02 -3.7967E-01
  4.1613E-01  7.4512E-01  2.0139E-05  1.6747E-01  3.9530E-01  2.6617E-02 -3.7359E-01
  4.1755E-01  7.5122E-01  1.9861E-05  1.6695E-01  3.9065E-01  2.6664E-02 -3.6845E-01
  4.1891E-01  7.5708E-01  1.9599E-05  1.6645E-01  3.8686E-01  2.6711E-02 -3.6423E-01
  4.2033E-01  7.6318E-01  1.9328E-05  1.6593E-01  3.8350E-01  2.6762E-02 -3.6042E-01
  4.2175E-01  7.6929E-01  1.9061E-05  1.6542E-01  3.8061E-01  2.6814E-02 -3.5711E-01
  4.2311E-01  7.7514E-01  1.8805E-05  1.6494E-01  3.7820E-01  2.6865E-02 -3.5431E-01
  4.2453E-01  7.8125E-01  1.8541E-05  1.6444E-01  3.7599E-01  2.6918E-02 -3.5171E-01
  4.2596E-01  7.8735E-01  1.8277E-05  1.6394E-01  3.7405E-01  2.6971E-02 -3.4938E-01
  4.2732E-01  7.9321E-01  1.8024E-05  1.6346E-01  3.7238E-01  2.7023E-02 -3.4734E-01
  4.2874E-01  7.9931E-01  1.7761E-05  1.6297E-01  3.7081E-01  2.7077E-02 -3.4540E-01
  4.3010E-01  8.0517E-01  1.7509E-05  1.6250E-01  3.6944E-01  2.7129E-02 -3.4368E-01
  4.3152E-01  8.1128E-01  1.7246E-05  1.6201E-01  3.6814E-01  2.7183E-02 -3.4202E-01
  4.3294E-01  8.1738E-01  1.6983E-05  1.6153E-01  3.6695E-01  2.7237E-02 -3.4046E-01
  4.3431E-01  8.2324E-01  1.6729E-05  1.6107E-01  3.6589E-01  2.7289E-02 -3.3906E-01
  4.3573E-01  8.2934E-01  1.6465E-05  1.6059E-01  3.6486E-01  2.7343E-02 -3.3768E-01
  4.3715E-01  8.3545E-01  1.6201E-05  1.6011E-01  3.6391E-01  2.7396E-02 -3.3637E-01
  4.3851E-01  8.4131E-01  1.5946E-05  1.5965E-01  3.6306E-01  2.7448E-02 -3.3517E-01
  4.3993E-01  8.4741E-01  1.5680E-05  1.5917E-01  3.6222E-01  2.7500E-02 -3.3398E-01
  4.4136E-01  8.5351E-01  1.5413E-05  1.5870E-01  3.6144E-01  2.7553E-02 -3.3285E-01
  4.4272E-01  8.5937E-01  1.5156E-05  1.5825E-01  3.6073E-01  2.7603E-02 -3.3180E-01
  4.4414E-01  8.6548E-01  1.4887E-05  1.5778E-01  3.6004E-01  2.7655E-02 -3.3075E-01
  4.4700E-01  8.7776E-01  1.4344E-05  1.5683E-01  3.5877E-01  2.7758E-02 -3.2877E-01
