  3.0830E-01  7.5437E-02  5.9250E-05  3.9961E-01  6.8236E-01  9.4829E-03 -6.5057E-01
  3.0970E-01  1.0888E-01  6.0487E-05  3.9816E-01  1.4129E+00  1.6123E-02 -1.3919E+00
  3.1111E-01  1.3452E-01  6.1673E-05  3.9575E-01  2.0253E+00  2.0581E-02 -2.0097E+00
  3.1251E-01  1.5576E-01  6.2677E-05  3.9260E-01  2.5059E+00  2.3382E-02 -2.4937E+00
  3.1390E-01  1.7456E-01  6.3490E-05  3.8884E-01  2.8794E+00  2.5036E-02 -2.8696E+00
  3.1531E-01  1.9165E-01  6.4103E-05  3.8459E-01  3.1611E+00  2.5888E-02 -3.1531E+00
  3.1671E-01  2.0727E-01  6.4514E-05  3.8002E-01  3.3645E+00  2.6230E-02 -3.3579E+00
  3.1812E-01  2.2192E-01  6.4746E-05  3.7518E-01  3.5078E+00  2.6305E-02 -3.5022E+00
  3.1953E-01  2.3559E-01  6.4815E-05  3.7020E-01  3.6028E+00  2.6244E-02 -3.5979E+00
  3.2090E-01  2.4829E-01  6.4747E-05  3.6520E-01  3.6603E+00  2.6109E-02 -3.6559E+00
  3.2232E-01  2.6074E-01  6.4556E-05  3.5999E-01  3.6906E+00  2.5922E-02 -3.6867E+00
  3.2371E-01  2.7246E-01  6.4264E-05  3.5484E-01  3.6977E+00  2.5718E-02 -3.6941E+00
  3.2511E-01  2.8369E-01  6.3884E-05  3.4970E-01  3.6869E+00  2.5515E-02 -3.6836E+00
  3.2652E-01  2.9468E-01  6.3421E-05  3.4450E-01  3.6616E+00  2.5330E-02 -3.6584E+00
  3.2792E-01  3.0517E-01  6.2898E-05  3.3940E-01  3.6253E+00  2.5181E-02 -3.6224E+00
  3.2930E-01  3.1518E-01  6.2330E-05  3.3444E-01  3.5815E+00  2.5071E-02 -3.5787E+00
  3.3072E-01  3.2519E-01  6.1701E-05  3.2940E-01  3.5300E+00  2.4996E-02 -3.5273E+00
  3.3211E-01  3.3471E-01  6.1050E-05  3.2454E-01  3.4751E+00  2.4955E-02 -3.4725E+00
  3.3353E-01  3.4424E-01  6.0352E-05  3.1964E-01  3.4156E+00  2.4942E-02 -3.4130E+00
  3.3491E-01  3.5327E-01  5.9651E-05  3.1497E-01  3.3555E+00  2.4953E-02 -3.3530E+00
  3.3633E-01  3.6230E-01  5.8915E-05  3.1027E-01  3.2928E+00  2.4986E-02 -3.2903E+00
  3.3773E-01  3.7109E-01  5.8169E-05  3.0568E-01  3.2299E+00  2.5038E-02 -3.2273E+00
  3.3913E-01  3.7964E-01  5.7418E-05  3.0123E-01  3.1674E+00  2.5107E-02 -3.1649E+00
  3.4051E-01  3.8794E-01  5.6669E-05  2.9690E-01  3.1060E+00  2.5189E-02 -3.1035E+00
  3.4191E-01  3.9624E-01  5.5902E-05  2.9259E-01  3.0444E+00  2.5285E-02 -3.0418E+00
  3.4334E-01  4.0454E-01  5.5121E-05  2.8829E-01  2.9829E+00  2.5391E-02 -2.9803E+00
  3.4470E-01  4.1235E-01  5.4374E-05  2.8426E-01  2.9254E+00  2.5499E-02 -2.9227E+00
  3.4613E-01  4.2041E-01  5.3595E-05  2.8012E-01  2.8667E+00  2.5618E-02 -2.8641E+00
  3.4754E-01  4.2822E-01  5.2833E-05  2.7613E-01  2.8108E+00  2.5738E-02 -2.8081E+00
  3.4892E-01  4.3579E-01  5.2090E-05  2.7229E-01  2.7575E+00  2.5858E-02 -2.7548E+00
  3.5032E-01  4.4336E-01  5.1344E-05  2.6847E-01  2.7054E+00  2.5980E-02 -2.7026E+00
  3.5174E-01  4.5093E-01  5.0596E-05  2.6468E-01  2.6544E+00  2.6105E-02 -2.6516E+00
  3.5313E-01  4.5825E-01  4.9871E-05  2.6103E-01  2.6063E+00  2.6227E-02 -2.6035E+00
  3.5453E-01  4.6557E-01  4.9146E-05  2.5741E-01  2.5595E+00  2.6349E-02 -2.5566E+00
  3.5590E-01  4.7265E-01  4.8446E-05  2.5393E-01  2.5156E+00  2.6468E-02 -2.5126E+00
  3.5733E-01  4.7998E-01  4.7724E-05  2.5037E-01  2.4714E+00  2.6590E-02 -2.4684E+00
  3.5873E-01  4.8706E-01  4.7029E-05  2.4694E-01  2.4301E+00  2.6704E-02 -2.4270E+00
  3.6015E-01  4.9414E-01  4.6336E-05  2.4354E-01  2.3899E+00  2.6815E-02 -2.3868E+00
  3.6152E-01  5.0097E-01  4.5670E-05  2.4028E-01  2.3522E+00  2.6917E-02 -2.3490E+00
  3.6291E-01  5.0781E-01  4.5006E-05  2.3704E-01  2.3154E+00  2.7014E-02 -2.3121E+00
  3.6431E-01  5.1465E-01  4.4344E-05  2.3383E-01  2.2794E+00  2.7107E-02 -2.2761E+00
  3.6572E-01  5.2148E-01  4.3684E-05  2.3064E-01  2.2442E+00  2.7196E-02 -2.2409E+00
  3.6715E-01  5.2832E-01  4.3025E-05  2.2748E-01  2.2096E+00  2.7277E-02 -2.2062E+00
  3.6853E-01  5.3491E-01  4.2390E-05  2.2445E-01  2.1767E+00  2.7345E-02 -2.1732E+00
  3.6992E-01  5.4150E-01  4.1754E-05  2.2145E-01  2.1439E+00  2.7400E-02 -2.1403E+00
  3.7132E-01  5.4809E-01  4.1115E-05  2.1847E-01  2.1108E+00  2.7440E-02 -2.1071E+00
  3.7274E-01  5.5469E-01  4.0472E-05  2.1551E-01  2.0770E+00  2.7465E-02 -2.0733E+00
  3.7410E-01  5.6103E-01  3.9845E-05  2.1270E-01  2.0433E+00  2.7478E-02 -2.0395E+00
  3.7553E-01  5.6762E-01  3.9183E-05  2.0981E-01  2.0064E+00  2.7484E-02 -2.0025E+00
  3.7692E-01  5.7397E-01  3.8531E-05  2.0706E-01  1.9685E+00  2.7487E-02 -1.9645E+00
  3.7831E-01  5.8032E-01  3.7861E-05  2.0435E-01  1.9274E+00  2.7492E-02 -1.9234E+00
  3.7972E-01  5.8667E-01  3.7168E-05  2.0168E-01  1.8823E+00  2.7514E-02 -1.8781E+00
  3.8113E-01  5.9302E-01  3.6444E-05  1.9907E-01  1.8317E+00  2.7586E-02 -1.8274E+00
  3.8254E-01  5.9936E-01  3.5683E-05  1.9652E-01  1.7741E+00  2.7766E-02 -1.7697E+00
  3.8391E-01  6.0547E-01  3.4909E-05  1.9414E-01  1.7107E+00  2.8104E-02 -1.7059E+00
  3.8534E-01  6.1181E-01  3.4053E-05  1.9175E-01  1.6351E+00  2.8678E-02 -1.6299E+00
  3.8672E-01  6.1792E-01  3.3178E-05  1.8956E-01  1.5523E+00  2.9457E-02 -1.5465E+00
  3.8811E-01  6.2402E-01  3.2254E-05  1.8748E-01  1.4594E+00  3.0438E-02 -1.4527E+00
  3.8956E-01  6.3037E-01  3.1249E-05  1.8545E-01  1.3527E+00  3.1564E-02 -1.3449E+00
  3.9095E-01  6.3647E-01  3.0251E-05  1.8365E-01  1.2425E+00  3.2540E-02 -1.2335E+00
  3.9235E-01  6.4258E-01  2.9242E-05  1.8200E-01  1.1287E+00  3.3179E-02 -1.1183E+00
  3.9376E-01  6.4868E-01  2.8248E-05  1.8051E-01  1.0159E+00  3.3343E-02 -1.0041E+00
  3.9511E-01  6.5454E-01  2.7331E-05  1.7923E-01  9.1295E-01  3.3066E-02 -9.0002E-01
  3.9652E-01  6.6064E-01  2.6438E-05  1.7803E-01  8.1536E-01  3.2453E-02 -8.0131E-01
  3.9793E-01  6.6675E-01  2.5623E-05  1.7696E-01  7.3018E-01  3.1696E-02 -7.1511E-01
  3.9934E-01  6.7285E-01  2.4895E-05  1.7601E-01  6.5844E-01  3.0968E-02 -6.4237E-01
  4.0075E-01  6.7895E-01  2.4250E-05  1.7514E-01  5.9968E-01  3.0372E-02 -5.8259E-01
  4.0211E-01  6.8481E-01  2.3704E-05  1.7438E-01  5.5419E-01  2.9950E-02 -5.3606E-01
  4.0353E-01  6.9092E-01  2.3200E-05  1.7365E-01  5.1638E-01  2.9653E-02 -4.9717E-01
  4.0495E-01  6.9702E-01  2.2750E-05  1.7297E-01  4.8652E-01  2.9469E-02 -4.6622E-01
  4.0631E-01  7.0288E-01  2.2358E-05  1.7235E-01  4.6378E-01  2.9369E-02 -4.4247E-01
  4.0773E-01  7.0898E-01  2.1984E-05  1.7174E-01  4.4492E-01  2.9318E-02 -4.2261E-01
  4.0914E-01  7.1509E-01  2.1637E-05  1.7115E-01  4.2989E-01  2.9303E-02 -4.0664E-01
  4.1051E-01  7.2095E-01  2.1322E-05  1.7061E-01  4.1825E-01  2.9311E-02 -3.9418E-01
  4.1193E-01  7.2705E-01  2.1011E-05  1.7005E-01  4.0841E-01  2.9334E-02 -3.8353E-01
  4.1334E-01  7.3315E-01  2.0711E-05  1.6952E-01  4.0038E-01  2.9368E-02 -3.7477E-01
  4.1471E-01  7.3901E-01  2.0433E-05  1.6901E-01  3.9402E-01  2.9407E-02 -3.6775E-01
  4.1613E-01  7.4512E-01  2.0150E-05  1.6849E-01  3.8851E-01  2.9452E-02 -3.6160E-01
  4.1755E-01  7.5122E-01  1.9872E-05  1.6798E-01  3.8391E-01  2.9501E-02 -3.5639E-01
  4.1891E-01  7.5708E-01  1.9610E-05  1.6750E-01  3.8016E-01  2.9549E-02 -3.5210E-01
  4.2033E-01  7.6318E-01  1.9340E-05  1.6700E-01  3.7684E-01  2.9601E-02 -3.4824E-01
  4.2175E-01  7.6929E-01  1.9072E-05  1.6651E-01  3.7398E-01  2.9654E-02 -3.4487E-01
  4.2311E-01  7.7514E-01  1.8816E-05  1.6604E-01  3.7160E-01  2.9705E-02 -3.4202E-01
  4.2453E-01  7.8125E-01  1.8550E-05  1.6556E-01  3.6943E-01  2.9759E-02 -3.3936E-01
  4.2596E-01  7.8735E-01  1.8286E-05  1.6508E-01  3.6751E-01  2.9812E-02 -3.3698E-01
  4.2732E-01  7.9321E-01  1.8032E-05  1.6462E-01  3.6586E-01  2.9864E-02 -3.3490E-01
  4.2874E-01  7.9931E-01  1.7767E-05  1.6415E-01  3.6432E-01  2.9917E-02 -3.3291E-01
  4.3010E-01  8.0517E-01  1.7513E-05  1.6369E-01  3.6297E-01  2.9969E-02 -3.3115E-01
  4.3152E-01  8.1128E-01  1.7248E-05  1.6322E-01  3.6169E-01  3.0022E-02 -3.2944E-01
  4.3294E-01  8.1738E-01  1.6983E-05  1.6276E-01  3.6052E-01  3.0075E-02 -3.2784E-01
  4.3431E-01  8.2324E-01  1.6728E-05  1.6231E-01  3.5948E-01  3.0126E-02 -3.2639E-01
  4.3573E-01  8.2934E-01  1.6461E-05  1.6185E-01  3.5848E-01  3.0178E-02 -3.2496E-01
  4.3715E-01  8.3545E-01  1.6194E-05  1.6139E-01  3.5754E-01  3.0231E-02 -3.2361E-01
  4.3851E-01  8.4131E-01  1.5937E-05  1.6095E-01  3.5671E-01  3.0280E-02 -3.2237E-01
  4.3993E-01  8.4741E-01  1.5669E-05  1.6049E-01  3.5589E-01  3.0332E-02 -3.2114E-01
  4.4136E-01  8.5351E-01  1.5400E-05  1.6003E-01  3.5512E-01  3.0383E-02 -3.1996E-01
  4.4272E-01  8.5937E-01  1.5141E-05  1.5960E-01  3.5443E-01  3.0432E-02 -3.1887E-01
  4.4414E-01  8.6548E-01  1.4870E-05  1.5915E-01  3.5376E-01  3.0482E-02 -3.1778E-01
  4.4700E-01  8.7776E-01  1.4323E-05  1.5824E-01  3.5252E-01  3.0583E-02 -3.1572E-01
