  3.0831E-01  7.5575E-02  4.2371E-05  3.9961E-01  6.8361E-01  9.4126E-03 -6.5248E-01
  3.0971E-01  1.0902E-01  4.0130E-05  3.9816E-01  1.4134E+00  1.6046E-02 -1.3926E+00
  3.1111E-01  1.3441E-01  3.7982E-05  3.9577E-01  2.0194E+00  2.0456E-02 -2.0039E+00
  3.1252E-01  1.5590E-01  3.5820E-05  3.9259E-01  2.5053E+00  2.3282E-02 -2.4932E+00
  3.1392E-01  1.7470E-01  3.3589E-05  3.8883E-01  2.8783E+00  2.4918E-02 -2.8686E+00
  3.1530E-01  1.9154E-01  3.1233E-05  3.8464E-01  3.1560E+00  2.5746E-02 -3.1481E+00
  3.1670E-01  2.0717E-01  2.8689E-05  3.8009E-01  3.3599E+00  2.6082E-02 -3.3534E+00
  3.1811E-01  2.2182E-01  2.5957E-05  3.7525E-01  3.5037E+00  2.6150E-02 -3.4981E+00
  3.1951E-01  2.3549E-01  2.3091E-05  3.7027E-01  3.5991E+00  2.6086E-02 -3.5942E+00
  3.2092E-01  2.4843E-01  2.0096E-05  3.6519E-01  3.6579E+00  2.5946E-02 -3.6535E+00
  3.2231E-01  2.6063E-01  1.7020E-05  3.6008E-01  3.6877E+00  2.5761E-02 -3.6838E+00
  3.2370E-01  2.7235E-01  1.3840E-05  3.5493E-01  3.6951E+00  2.5555E-02 -3.6915E+00
  3.2513E-01  2.8383E-01  1.0517E-05  3.4968E-01  3.6841E+00  2.5346E-02 -3.6808E+00
  3.2651E-01  2.9457E-01  7.2210E-06  3.4461E-01  3.6594E+00  2.5165E-02 -3.6563E+00
  3.2791E-01  3.0507E-01  3.8353E-06  3.3951E-01  3.6234E+00  2.5015E-02 -3.6205E+00
  3.2932E-01  3.1532E-01  3.7907E-07  3.3443E-01  3.5786E+00  2.4904E-02 -3.5758E+00
  3.3070E-01  3.2509E-01 -3.0410E-06  3.2952E-01  3.5284E+00  2.4832E-02 -3.5257E+00
  3.3213E-01  3.3485E-01 -6.5776E-06  3.2454E-01  3.4722E+00  2.4792E-02 -3.4696E+00
  3.3351E-01  3.4413E-01 -1.0036E-05  3.1977E-01  3.4142E+00  2.4782E-02 -3.4116E+00
  3.3493E-01  3.5341E-01 -1.3585E-05  3.1496E-01  3.3526E+00  2.4796E-02 -3.3501E+00
  3.3631E-01  3.6220E-01 -1.7023E-05  3.1039E-01  3.2917E+00  2.4832E-02 -3.2892E+00
  3.3772E-01  3.7099E-01 -2.0529E-05  3.0582E-01  3.2288E+00  2.4888E-02 -3.2263E+00
  3.3911E-01  3.7953E-01 -2.3999E-05  3.0136E-01  3.1664E+00  2.4961E-02 -3.1639E+00
  3.4053E-01  3.8808E-01 -2.7523E-05  2.9691E-01  3.1033E+00  2.5050E-02 -3.1007E+00
  3.4193E-01  3.9638E-01 -3.0993E-05  2.9260E-01  3.0416E+00  2.5150E-02 -3.0391E+00
  3.4332E-01  4.0443E-01 -3.4400E-05  2.8843E-01  2.9820E+00  2.5259E-02 -2.9794E+00
  3.4473E-01  4.1249E-01 -3.7841E-05  2.8427E-01  2.9227E+00  2.5375E-02 -2.9201E+00
  3.4612E-01  4.2030E-01 -4.1204E-05  2.8026E-01  2.8659E+00  2.5494E-02 -2.8632E+00
  3.4752E-01  4.2812E-01 -4.4591E-05  2.7627E-01  2.8099E+00  2.5619E-02 -2.8072E+00
  3.4890E-01  4.3568E-01 -4.7890E-05  2.7243E-01  2.7566E+00  2.5744E-02 -2.7539E+00
  3.5030E-01  4.4325E-01 -5.1206E-05  2.6862E-01  2.7045E+00  2.5870E-02 -2.7018E+00
  3.5172E-01  4.5082E-01 -5.4535E-05  2.6482E-01  2.6535E+00  2.5999E-02 -2.6508E+00
  3.5311E-01  4.5814E-01 -5.7767E-05  2.6118E-01  2.6055E+00  2.6124E-02 -2.6026E+00
  3.5451E-01  4.6547E-01 -6.1008E-05  2.5756E-01  2.5587E+00  2.6251E-02 -2.5558E+00
  3.5593E-01  4.7279E-01 -6.4255E-05  2.5397E-01  2.5132E+00  2.6377E-02 -2.5102E+00
  3.5731E-01  4.7987E-01 -6.7398E-05  2.5052E-01  2.4705E+00  2.6498E-02 -2.4675E+00
  3.5871E-01  4.8695E-01 -7.0544E-05  2.4710E-01  2.4291E+00  2.6614E-02 -2.4261E+00
  3.6012E-01  4.9403E-01 -7.3692E-05  2.4370E-01  2.3890E+00  2.6726E-02 -2.3858E+00
  3.6150E-01  5.0087E-01 -7.6732E-05  2.4044E-01  2.3512E+00  2.6830E-02 -2.3481E+00
  3.6294E-01  5.0795E-01 -7.9883E-05  2.3709E-01  2.3132E+00  2.6933E-02 -2.3099E+00
  3.6434E-01  5.1479E-01 -8.2926E-05  2.3388E-01  2.2772E+00  2.7028E-02 -2.2739E+00
  3.6570E-01  5.2138E-01 -8.5862E-05  2.3080E-01  2.2433E+00  2.7115E-02 -2.2399E+00
  3.6712E-01  5.2821E-01 -8.8910E-05  2.2764E-01  2.2087E+00  2.7197E-02 -2.2053E+00
  3.6851E-01  5.3480E-01 -9.1853E-05  2.2462E-01  2.1758E+00  2.7266E-02 -2.1723E+00
  3.6995E-01  5.4164E-01 -9.4912E-05  2.2150E-01  2.1417E+00  2.7323E-02 -2.1382E+00
  3.7130E-01  5.4799E-01 -9.7764E-05  2.1863E-01  2.1099E+00  2.7362E-02 -2.1063E+00
  3.7271E-01  5.5458E-01 -1.0074E-04  2.1568E-01  2.0761E+00  2.7389E-02 -2.0725E+00
  3.7413E-01  5.6117E-01 -1.0375E-04  2.1276E-01  2.0411E+00  2.7403E-02 -2.0374E+00
  3.7551E-01  5.6752E-01 -1.0668E-04  2.0998E-01  2.0057E+00  2.7410E-02 -2.0018E+00
  3.7695E-01  5.7411E-01 -1.0977E-04  2.0713E-01  1.9663E+00  2.7415E-02 -1.9624E+00
  3.7834E-01  5.8046E-01 -1.1281E-04  2.0442E-01  1.9252E+00  2.7423E-02 -1.9212E+00
  3.7975E-01  5.8681E-01 -1.1593E-04  2.0176E-01  1.8800E+00  2.7448E-02 -1.8759E+00
  3.8110E-01  5.9291E-01 -1.1902E-04  1.9925E-01  1.8314E+00  2.7523E-02 -1.8272E+00
  3.8252E-01  5.9926E-01 -1.2237E-04  1.9670E-01  1.7741E+00  2.7709E-02 -1.7697E+00
  3.8394E-01  6.0561E-01 -1.2588E-04  1.9422E-01  1.7082E+00  2.8076E-02 -1.7035E+00
  3.8532E-01  6.1171E-01 -1.2945E-04  1.9193E-01  1.6356E+00  2.8646E-02 -1.6304E+00
  3.8675E-01  6.1806E-01 -1.3339E-04  1.8965E-01  1.5495E+00  2.9480E-02 -1.5437E+00
  3.8814E-01  6.2416E-01 -1.3742E-04  1.8757E-01  1.4565E+00  3.0490E-02 -1.4498E+00
  3.8953E-01  6.3026E-01 -1.4171E-04  1.8562E-01  1.3540E+00  3.1599E-02 -1.3462E+00
  3.9093E-01  6.3637E-01 -1.4624E-04  1.8382E-01  1.2440E+00  3.2600E-02 -1.2349E+00
  3.9233E-01  6.4247E-01 -1.5098E-04  1.8217E-01  1.1302E+00  3.3263E-02 -1.1197E+00
  3.9373E-01  6.4857E-01 -1.5589E-04  1.8068E-01  1.0172E+00  3.3444E-02 -1.0054E+00
  3.9514E-01  6.5468E-01 -1.6089E-04  1.7934E-01  9.0989E-01  3.3158E-02 -8.9686E-01
  3.9655E-01  6.6078E-01 -1.6591E-04  1.7815E-01  8.1237E-01  3.2536E-02 -7.9822E-01
  3.9790E-01  6.6664E-01 -1.7071E-04  1.7713E-01  7.3044E-01  3.1801E-02 -7.1530E-01
  3.9932E-01  6.7274E-01 -1.7565E-04  1.7617E-01  6.5826E-01  3.1059E-02 -6.4212E-01
  4.0073E-01  6.7885E-01 -1.8051E-04  1.7530E-01  5.9910E-01  3.0445E-02 -5.8193E-01
  4.0215E-01  6.8495E-01 -1.8528E-04  1.7452E-01  5.5157E-01  2.9993E-02 -5.3333E-01
  4.0350E-01  6.9081E-01 -1.8979E-04  1.7382E-01  5.1518E-01  2.9696E-02 -4.9589E-01
  4.0492E-01  6.9691E-01 -1.9444E-04  1.7314E-01  4.8509E-01  2.9500E-02 -4.6472E-01
  4.0634E-01  7.0302E-01 -1.9903E-04  1.7250E-01  4.6132E-01  2.9387E-02 -4.3990E-01
  4.0770E-01  7.0888E-01 -2.0342E-04  1.7191E-01  4.4316E-01  2.9331E-02 -4.2078E-01
  4.0912E-01  7.1498E-01 -2.0796E-04  1.7133E-01  4.2802E-01  2.9311E-02 -4.0470E-01
  4.1054E-01  7.2108E-01 -2.1248E-04  1.7076E-01  4.1586E-01  2.9315E-02 -3.9167E-01
  4.1190E-01  7.2694E-01 -2.1682E-04  1.7023E-01  4.0638E-01  2.9335E-02 -3.8142E-01
  4.1332E-01  7.3305E-01 -2.2133E-04  1.6970E-01  3.9829E-01  2.9366E-02 -3.7260E-01
  4.1474E-01  7.3915E-01 -2.2584E-04  1.6918E-01  3.9165E-01  2.9405E-02 -3.6526E-01
  4.1610E-01  7.4501E-01 -2.3018E-04  1.6868E-01  3.8634E-01  2.9447E-02 -3.5934E-01
  4.1752E-01  7.5111E-01 -2.3469E-04  1.6818E-01  3.8171E-01  2.9494E-02 -3.5410E-01
  4.1894E-01  7.5722E-01 -2.3922E-04  1.6768E-01  3.7780E-01  2.9544E-02 -3.4962E-01
  4.2031E-01  7.6308E-01 -2.4356E-04  1.6720E-01  3.7459E-01  2.9593E-02 -3.4589E-01
  4.2173E-01  7.6918E-01 -2.4810E-04  1.6671E-01  3.7172E-01  2.9646E-02 -3.4250E-01
  4.2315E-01  7.7528E-01 -2.5265E-04  1.6623E-01  3.6923E-01  2.9700E-02 -3.3952E-01
  4.2451E-01  7.8114E-01 -2.5702E-04  1.6577E-01  3.6713E-01  2.9752E-02 -3.3696E-01
  4.2593E-01  7.8725E-01 -2.6158E-04  1.6529E-01  3.6519E-01  2.9806E-02 -3.3455E-01
  4.2735E-01  7.9335E-01 -2.6615E-04  1.6482E-01  3.6347E-01  2.9860E-02 -3.3237E-01
  4.2872E-01  7.9921E-01 -2.7054E-04  1.6437E-01  3.6198E-01  2.9912E-02 -3.3045E-01
  4.3014E-01  8.0531E-01 -2.7513E-04  1.6390E-01  3.6058E-01  2.9966E-02 -3.2861E-01
  4.3156E-01  8.1142E-01 -2.7973E-04  1.6343E-01  3.5929E-01  3.0021E-02 -3.2689E-01
  4.3292E-01  8.1728E-01 -2.8415E-04  1.6299E-01  3.5816E-01  3.0072E-02 -3.2534E-01
  4.3434E-01  8.2338E-01 -2.8876E-04  1.6253E-01  3.5707E-01  3.0126E-02 -3.2383E-01
  4.3570E-01  8.2924E-01 -2.9320E-04  1.6208E-01  3.5610E-01  3.0177E-02 -3.2245E-01
  4.3713E-01  8.3534E-01 -2.9783E-04  1.6163E-01  3.5516E-01  3.0230E-02 -3.2108E-01
  4.3855E-01  8.4145E-01 -3.0247E-04  1.6117E-01  3.5428E-01  3.0283E-02 -3.1978E-01
  4.3991E-01  8.4731E-01 -3.0694E-04  1.6074E-01  3.5349E-01  3.0333E-02 -3.1859E-01
  4.4133E-01  8.5341E-01 -3.1159E-04  1.6029E-01  3.5271E-01  3.0385E-02 -3.1739E-01
  4.4275E-01  8.5951E-01 -3.1626E-04  1.5984E-01  3.5199E-01  3.0437E-02 -3.1625E-01
  4.4412E-01  8.6537E-01 -3.2074E-04  1.5940E-01  3.5133E-01  3.0486E-02 -3.1520E-01
  4.4700E-01  8.7776E-01 -3.3025E-04  1.5850E-01  3.5007E-01  3.0589E-02 -3.1309E-01
