  3.0830E-01  7.5437E-02  5.9546E-05  3.9961E-01  6.8172E-01  9.5252E-03 -6.4960E-01
  3.0970E-01  1.0888E-01  6.0942E-05  3.9817E-01  1.4122E+00  1.6164E-02 -1.3911E+00
  3.1111E-01  1.3452E-01  6.2208E-05  3.9575E-01  2.0247E+00  2.0621E-02 -2.0090E+00
  3.1251E-01  1.5576E-01  6.3249E-05  3.9261E-01  2.5054E+00  2.3425E-02 -2.4931E+00
  3.1390E-01  1.7456E-01  6.4085E-05  3.8884E-01  2.8789E+00  2.5083E-02 -2.8691E+00
  3.1531E-01  1.9165E-01  6.4720E-05  3.8460E-01  3.1607E+00  2.5939E-02 -3.1527E+00
  3.1671E-01  2.0727E-01  6.5155E-05  3.8003E-01  3.3641E+00  2.6286E-02 -3.3574E+00
  3.1812E-01  2.2192E-01  6.5414E-05  3.7519E-01  3.5075E+00  2.6366E-02 -3.5018E+00
  3.1953E-01  2.3559E-01  6.5511E-05  3.7020E-01  3.6025E+00  2.6310E-02 -3.5975E+00
  3.2090E-01  2.4829E-01  6.5472E-05  3.6521E-01  3.6600E+00  2.6180E-02 -3.6556E+00
  3.2232E-01  2.6074E-01  6.5311E-05  3.6000E-01  3.6903E+00  2.5999E-02 -3.6864E+00
  3.2371E-01  2.7246E-01  6.5050E-05  3.5485E-01  3.6974E+00  2.5801E-02 -3.6938E+00
  3.2511E-01  2.8369E-01  6.4703E-05  3.4971E-01  3.6866E+00  2.5604E-02 -3.6833E+00
  3.2652E-01  2.9468E-01  6.4275E-05  3.4451E-01  3.6613E+00  2.5424E-02 -3.6581E+00
  3.2792E-01  3.0517E-01  6.3787E-05  3.3941E-01  3.6251E+00  2.5280E-02 -3.6221E+00
  3.2930E-01  3.1518E-01  6.3254E-05  3.3445E-01  3.5812E+00  2.5175E-02 -3.5784E+00
  3.3072E-01  3.2519E-01  6.2660E-05  3.2941E-01  3.5297E+00  2.5104E-02 -3.5270E+00
  3.3211E-01  3.3471E-01  6.2044E-05  3.2456E-01  3.4749E+00  2.5067E-02 -3.4722E+00
  3.3353E-01  3.4424E-01  6.1381E-05  3.1966E-01  3.4153E+00  2.5057E-02 -3.4126E+00
  3.3491E-01  3.5327E-01  6.0714E-05  3.1498E-01  3.3553E+00  2.5072E-02 -3.3527E+00
  3.3633E-01  3.6230E-01  6.0012E-05  3.1028E-01  3.2925E+00  2.5108E-02 -3.2900E+00
  3.3773E-01  3.7109E-01  5.9299E-05  3.0570E-01  3.2296E+00  2.5163E-02 -3.2270E+00
  3.3913E-01  3.7964E-01  5.8580E-05  3.0124E-01  3.1671E+00  2.5235E-02 -3.1646E+00
  3.4051E-01  3.8794E-01  5.7861E-05  2.9692E-01  3.1058E+00  2.5321E-02 -3.1032E+00
  3.4191E-01  3.9624E-01  5.7125E-05  2.9260E-01  3.0441E+00  2.5419E-02 -3.0415E+00
  3.4334E-01  4.0454E-01  5.6375E-05  2.8830E-01  2.9826E+00  2.5528E-02 -2.9800E+00
  3.4470E-01  4.1235E-01  5.5657E-05  2.8427E-01  2.9251E+00  2.5638E-02 -2.9224E+00
  3.4613E-01  4.2041E-01  5.4908E-05  2.8014E-01  2.8665E+00  2.5759E-02 -2.8638E+00
  3.4754E-01  4.2822E-01  5.4175E-05  2.7615E-01  2.8105E+00  2.5881E-02 -2.8078E+00
  3.4892E-01  4.3579E-01  5.3460E-05  2.7230E-01  2.7572E+00  2.6002E-02 -2.7545E+00
  3.5032E-01  4.4336E-01  5.2741E-05  2.6849E-01  2.7051E+00  2.6127E-02 -2.7023E+00
  3.5174E-01  4.5093E-01  5.2020E-05  2.6469E-01  2.6542E+00  2.6252E-02 -2.6513E+00
  3.5313E-01  4.5825E-01  5.1321E-05  2.6105E-01  2.6061E+00  2.6375E-02 -2.6032E+00
  3.5453E-01  4.6557E-01  5.0622E-05  2.5743E-01  2.5593E+00  2.6499E-02 -2.5563E+00
  3.5590E-01  4.7265E-01  4.9947E-05  2.5395E-01  2.5153E+00  2.6619E-02 -2.5123E+00
  3.5733E-01  4.7998E-01  4.9251E-05  2.5038E-01  2.4712E+00  2.6742E-02 -2.4681E+00
  3.5873E-01  4.8706E-01  4.8580E-05  2.4696E-01  2.4298E+00  2.6857E-02 -2.4267E+00
  3.6015E-01  4.9414E-01  4.7912E-05  2.4356E-01  2.3896E+00  2.6968E-02 -2.3865E+00
  3.6152E-01  5.0097E-01  4.7269E-05  2.4030E-01  2.3519E+00  2.7071E-02 -2.3487E+00
  3.6291E-01  5.0781E-01  4.6628E-05  2.3706E-01  2.3151E+00  2.7169E-02 -2.3119E+00
  3.6431E-01  5.1465E-01  4.5989E-05  2.3385E-01  2.2792E+00  2.7262E-02 -2.2759E+00
  3.6572E-01  5.2148E-01  4.5353E-05  2.3066E-01  2.2440E+00  2.7351E-02 -2.2406E+00
  3.6715E-01  5.2832E-01  4.4717E-05  2.2750E-01  2.2094E+00  2.7433E-02 -2.2059E+00
  3.6853E-01  5.3491E-01  4.4105E-05  2.2447E-01  2.1764E+00  2.7502E-02 -2.1729E+00
  3.6992E-01  5.4150E-01  4.3491E-05  2.2147E-01  2.1436E+00  2.7557E-02 -2.1400E+00
  3.7132E-01  5.4809E-01  4.2876E-05  2.1849E-01  2.1106E+00  2.7597E-02 -2.1069E+00
  3.7274E-01  5.5469E-01  4.2255E-05  2.1554E-01  2.0768E+00  2.7623E-02 -2.0730E+00
  3.7410E-01  5.6103E-01  4.1651E-05  2.1272E-01  2.0430E+00  2.7636E-02 -2.0392E+00
  3.7553E-01  5.6762E-01  4.1012E-05  2.0983E-01  2.0062E+00  2.7641E-02 -2.0023E+00
  3.7692E-01  5.7397E-01  4.0384E-05  2.0708E-01  1.9682E+00  2.7644E-02 -1.9643E+00
  3.7831E-01  5.8032E-01  3.9738E-05  2.0437E-01  1.9272E+00  2.7649E-02 -1.9231E+00
  3.7972E-01  5.8667E-01  3.9069E-05  2.0171E-01  1.8820E+00  2.7670E-02 -1.8779E+00
  3.8113E-01  5.9302E-01  3.8370E-05  1.9910E-01  1.8315E+00  2.7742E-02 -1.8272E+00
  3.8254E-01  5.9936E-01  3.7635E-05  1.9655E-01  1.7739E+00  2.7920E-02 -1.7694E+00
  3.8391E-01  6.0547E-01  3.6887E-05  1.9417E-01  1.7105E+00  2.8256E-02 -1.7057E+00
  3.8534E-01  6.1181E-01  3.6059E-05  1.9178E-01  1.6349E+00  2.8826E-02 -1.6296E+00
  3.8672E-01  6.1792E-01  3.5214E-05  1.8959E-01  1.5521E+00  2.9601E-02 -1.5462E+00
  3.8811E-01  6.2402E-01  3.4321E-05  1.8751E-01  1.4591E+00  3.0577E-02 -1.4524E+00
  3.8956E-01  6.3037E-01  3.3350E-05  1.8548E-01  1.3524E+00  3.1699E-02 -1.3446E+00
  3.9095E-01  6.3647E-01  3.2389E-05  1.8368E-01  1.2423E+00  3.2671E-02 -1.2332E+00
  3.9235E-01  6.4258E-01  3.1420E-05  1.8203E-01  1.1284E+00  3.3309E-02 -1.1179E+00
  3.9376E-01  6.4868E-01  3.0467E-05  1.8054E-01  1.0156E+00  3.3473E-02 -1.0038E+00
  3.9511E-01  6.5454E-01  2.9592E-05  1.7926E-01  9.1268E-01  3.3199E-02 -8.9964E-01
  3.9652E-01  6.6064E-01  2.8744E-05  1.7806E-01  8.1508E-01  3.2589E-02 -8.0092E-01
  3.9793E-01  6.6675E-01  2.7975E-05  1.7699E-01  7.2990E-01  3.1836E-02 -7.1470E-01
  3.9934E-01  6.7285E-01  2.7294E-05  1.7604E-01  6.5817E-01  3.1112E-02 -6.4195E-01
  4.0075E-01  6.7895E-01  2.6698E-05  1.7517E-01  5.9941E-01  3.0519E-02 -5.8215E-01
  4.0211E-01  6.8481E-01  2.6199E-05  1.7441E-01  5.5392E-01  3.0100E-02 -5.3561E-01
  4.0353E-01  6.9092E-01  2.5744E-05  1.7368E-01  5.1613E-01  2.9805E-02 -4.9671E-01
  4.0495E-01  6.9702E-01  2.5343E-05  1.7300E-01  4.8628E-01  2.9623E-02 -4.6575E-01
  4.0631E-01  7.0288E-01  2.5000E-05  1.7239E-01  4.6354E-01  2.9524E-02 -4.4200E-01
  4.0773E-01  7.0898E-01  2.4676E-05  1.7177E-01  4.4469E-01  2.9473E-02 -4.2213E-01
  4.0914E-01  7.1509E-01  2.4379E-05  1.7119E-01  4.2966E-01  2.9459E-02 -4.0616E-01
  4.1051E-01  7.2095E-01  2.4112E-05  1.7064E-01  4.1803E-01  2.9467E-02 -3.9369E-01
  4.1193E-01  7.2705E-01  2.3850E-05  1.7009E-01  4.0819E-01  2.9491E-02 -3.8304E-01
  4.1334E-01  7.3315E-01  2.3600E-05  1.6955E-01  4.0017E-01  2.9525E-02 -3.7427E-01
  4.1471E-01  7.3901E-01  2.3369E-05  1.6905E-01  3.9381E-01  2.9564E-02 -3.6724E-01
  4.1613E-01  7.4512E-01  2.3135E-05  1.6853E-01  3.8831E-01  2.9610E-02 -3.6109E-01
  4.1755E-01  7.5122E-01  2.2907E-05  1.6802E-01  3.8370E-01  2.9658E-02 -3.5588E-01
  4.1891E-01  7.5708E-01  2.2693E-05  1.6754E-01  3.7997E-01  2.9706E-02 -3.5159E-01
  4.2033E-01  7.6318E-01  2.2474E-05  1.6704E-01  3.7664E-01  2.9758E-02 -3.4773E-01
  4.2175E-01  7.6929E-01  2.2257E-05  1.6655E-01  3.7379E-01  2.9810E-02 -3.4436E-01
  4.2311E-01  7.7514E-01  2.2052E-05  1.6609E-01  3.7141E-01  2.9861E-02 -3.4150E-01
  4.2453E-01  7.8125E-01  2.1840E-05  1.6560E-01  3.6924E-01  2.9915E-02 -3.3884E-01
  4.2596E-01  7.8735E-01  2.1629E-05  1.6512E-01  3.6732E-01  2.9968E-02 -3.3646E-01
  4.2732E-01  7.9321E-01  2.1428E-05  1.6467E-01  3.6567E-01  3.0019E-02 -3.3437E-01
  4.2874E-01  7.9931E-01  2.1220E-05  1.6419E-01  3.6413E-01  3.0073E-02 -3.3238E-01
  4.3010E-01  8.0517E-01  2.1020E-05  1.6374E-01  3.6279E-01  3.0124E-02 -3.3062E-01
  4.3152E-01  8.1128E-01  2.0813E-05  1.6327E-01  3.6151E-01  3.0178E-02 -3.2890E-01
  4.3294E-01  8.1738E-01  2.0605E-05  1.6281E-01  3.6034E-01  3.0231E-02 -3.2730E-01
  4.3431E-01  8.2324E-01  2.0406E-05  1.6236E-01  3.5930E-01  3.0282E-02 -3.2585E-01
  4.3573E-01  8.2934E-01  2.0199E-05  1.6190E-01  3.5830E-01  3.0334E-02 -3.2442E-01
  4.3715E-01  8.3545E-01  1.9991E-05  1.6144E-01  3.5737E-01  3.0386E-02 -3.2307E-01
  4.3851E-01  8.4131E-01  1.9792E-05  1.6100E-01  3.5653E-01  3.0436E-02 -3.2183E-01
  4.3993E-01  8.4741E-01  1.9584E-05  1.6054E-01  3.5571E-01  3.0488E-02 -3.2059E-01
  4.4136E-01  8.5351E-01  1.9375E-05  1.6009E-01  3.5495E-01  3.0539E-02 -3.1941E-01
  4.4272E-01  8.5937E-01  1.9175E-05  1.5965E-01  3.5426E-01  3.0588E-02 -3.1832E-01
  4.4414E-01  8.6548E-01  1.8966E-05  1.5920E-01  3.5358E-01  3.0638E-02 -3.1723E-01
  4.4700E-01  8.7776E-01  1.8546E-05  1.5830E-01  3.5235E-01  3.0739E-02 -3.1515E-01
