  3.0830E-01  7.5437E-02  4.4059E-05  3.9954E-01  7.3522E-01  7.7176E-03 -7.1587E-01
  3.0970E-01  1.0888E-01  4.3929E-05  3.9801E-01  1.4684E+00  1.3843E-02 -1.4535E+00
  3.1110E-01  1.3427E-01  4.3786E-05  3.9554E-01  2.0731E+00  1.7928E-02 -2.0615E+00
  3.1251E-01  1.5576E-01  4.3529E-05  3.9228E-01  2.5571E+00  2.0460E-02 -2.5479E+00
  3.1390E-01  1.7456E-01  4.3090E-05  3.8845E-01  2.9282E+00  2.1795E-02 -2.9209E+00
  3.1531E-01  1.9165E-01  4.2415E-05  3.8413E-01  3.2078E+00  2.2307E-02 -3.2019E+00
  3.1671E-01  2.0727E-01  4.1495E-05  3.7949E-01  3.4092E+00  2.2295E-02 -3.4045E+00
  3.1812E-01  2.2192E-01  4.0323E-05  3.7458E-01  3.5507E+00  2.2006E-02 -3.5468E+00
  3.1953E-01  2.3559E-01  3.8940E-05  3.6954E-01  3.6440E+00  2.1589E-02 -3.6407E+00
  3.2090E-01  2.4829E-01  3.7398E-05  3.6449E-01  3.7000E+00  2.1106E-02 -3.6972E+00
  3.2232E-01  2.6074E-01  3.5641E-05  3.5922E-01  3.7289E+00  2.0566E-02 -3.7265E+00
  3.2372E-01  2.7246E-01  3.3766E-05  3.5401E-01  3.7347E+00  2.0020E-02 -3.7326E+00
  3.2511E-01  2.8369E-01  3.1768E-05  3.4882E-01  3.7228E+00  1.9484E-02 -3.7208E+00
  3.2652E-01  2.9468E-01  2.9629E-05  3.4357E-01  3.6963E+00  1.8973E-02 -3.6946E+00
  3.2792E-01  3.0517E-01  2.7419E-05  3.3842E-01  3.6591E+00  1.8518E-02 -3.6575E+00
  3.2930E-01  3.1518E-01  2.5169E-05  3.3341E-01  3.6144E+00  1.8128E-02 -3.6129E+00
  3.3072E-01  3.2519E-01  2.2787E-05  3.2832E-01  3.5620E+00  1.7784E-02 -3.5606E+00
  3.3211E-01  3.3471E-01  2.0408E-05  3.2342E-01  3.5064E+00  1.7500E-02 -3.5051E+00
  3.3353E-01  3.4424E-01  1.7926E-05  3.1847E-01  3.4461E+00  1.7259E-02 -3.4448E+00
  3.3491E-01  3.5327E-01  1.5482E-05  3.1375E-01  3.3854E+00  1.7068E-02 -3.3842E+00
  3.3633E-01  3.6230E-01  1.2960E-05  3.0901E-01  3.3220E+00  1.6913E-02 -3.3209E+00
  3.3773E-01  3.7109E-01  1.0435E-05  3.0438E-01  3.2585E+00  1.6797E-02 -3.2574E+00
  3.3913E-01  3.7964E-01  7.9211E-06  2.9988E-01  3.1955E+00  1.6717E-02 -3.1944E+00
  3.4051E-01  3.8794E-01  5.4280E-06  2.9552E-01  3.1336E+00  1.6667E-02 -3.1325E+00
  3.4191E-01  3.9624E-01  2.8901E-06  2.9116E-01  3.0715E+00  1.6642E-02 -3.0704E+00
  3.4334E-01  4.0454E-01  3.1278E-07  2.8682E-01  3.0095E+00  1.6638E-02 -3.0084E+00
  3.4471E-01  4.1235E-01 -2.1444E-06  2.8275E-01  2.9516E+00  1.6652E-02 -2.9505E+00
  3.4613E-01  4.2041E-01 -4.7060E-06  2.7857E-01  2.8926E+00  1.6681E-02 -2.8915E+00
  3.4754E-01  4.2822E-01 -7.2128E-06  2.7455E-01  2.8362E+00  1.6723E-02 -2.8351E+00
  3.4892E-01  4.3579E-01 -9.6595E-06  2.7067E-01  2.7826E+00  1.6773E-02 -2.7815E+00
  3.5032E-01  4.4336E-01 -1.2121E-05  2.6681E-01  2.7301E+00  1.6831E-02 -2.7290E+00
  3.5174E-01  4.5093E-01 -1.4595E-05  2.6298E-01  2.6789E+00  1.6895E-02 -2.6777E+00
  3.5313E-01  4.5825E-01 -1.6998E-05  2.5930E-01  2.6305E+00  1.6963E-02 -2.6293E+00
  3.5453E-01  4.6557E-01 -1.9408E-05  2.5564E-01  2.5834E+00  1.7036E-02 -2.5822E+00
  3.5590E-01  4.7265E-01 -2.1742E-05  2.5213E-01  2.5391E+00  1.7111E-02 -2.5379E+00
  3.5733E-01  4.7998E-01 -2.4160E-05  2.4852E-01  2.4947E+00  1.7189E-02 -2.4934E+00
  3.5873E-01  4.8706E-01 -2.6498E-05  2.4506E-01  2.4531E+00  1.7263E-02 -2.4518E+00
  3.6015E-01  4.9414E-01 -2.8837E-05  2.4163E-01  2.4126E+00  1.7334E-02 -2.4113E+00
  3.6152E-01  5.0097E-01 -3.1096E-05  2.3833E-01  2.3747E+00  1.7398E-02 -2.3733E+00
  3.6291E-01  5.0781E-01 -3.3356E-05  2.3506E-01  2.3376E+00  1.7458E-02 -2.3363E+00
  3.6431E-01  5.1465E-01 -3.5618E-05  2.3182E-01  2.3015E+00  1.7514E-02 -2.3001E+00
  3.6572E-01  5.2148E-01 -3.7882E-05  2.2860E-01  2.2660E+00  1.7565E-02 -2.2646E+00
  3.6715E-01  5.2832E-01 -4.0149E-05  2.2540E-01  2.2312E+00  1.7607E-02 -2.2298E+00
  3.6853E-01  5.3491E-01 -4.2339E-05  2.2234E-01  2.1981E+00  1.7636E-02 -2.1966E+00
  3.6992E-01  5.4150E-01 -4.4537E-05  2.1930E-01  2.1651E+00  1.7646E-02 -2.1636E+00
  3.7132E-01  5.4809E-01 -4.6746E-05  2.1629E-01  2.1318E+00  1.7638E-02 -2.1303E+00
  3.7274E-01  5.5469E-01 -4.8973E-05  2.1330E-01  2.0979E+00  1.7610E-02 -2.0964E+00
  3.7410E-01  5.6103E-01 -5.1142E-05  2.1046E-01  2.0641E+00  1.7567E-02 -2.0625E+00
  3.7553E-01  5.6762E-01 -5.3430E-05  2.0753E-01  2.0271E+00  1.7512E-02 -2.0256E+00
  3.7692E-01  5.7397E-01 -5.5676E-05  2.0475E-01  1.9892E+00  1.7458E-02 -1.9876E+00
  3.7831E-01  5.8032E-01 -5.7978E-05  2.0201E-01  1.9482E+00  1.7410E-02 -1.9465E+00
  3.7972E-01  5.8667E-01 -6.0351E-05  1.9931E-01  1.9031E+00  1.7393E-02 -1.9015E+00
  3.8113E-01  5.9302E-01 -6.2817E-05  1.9666E-01  1.8528E+00  1.7458E-02 -1.8510E+00
  3.8254E-01  5.9936E-01 -6.5402E-05  1.9408E-01  1.7955E+00  1.7689E-02 -1.7937E+00
  3.8391E-01  6.0547E-01 -6.8029E-05  1.9167E-01  1.7326E+00  1.8158E-02 -1.7306E+00
  3.8534E-01  6.1181E-01 -7.0937E-05  1.8924E-01  1.6576E+00  1.8960E-02 -1.6553E+00
  3.8672E-01  6.1792E-01 -7.3925E-05  1.8701E-01  1.5755E+00  2.0035E-02 -1.5728E+00
  3.8811E-01  6.2402E-01 -7.7120E-05  1.8490E-01  1.4835E+00  2.1352E-02 -1.4802E+00
  3.8956E-01  6.3037E-01 -8.0668E-05  1.8283E-01  1.3779E+00  2.2809E-02 -1.3738E+00
  3.9095E-01  6.3647E-01 -8.4284E-05  1.8099E-01  1.2688E+00  2.4018E-02 -1.2639E+00
  3.9235E-01  6.4258E-01 -8.8064E-05  1.7929E-01  1.1561E+00  2.4765E-02 -1.1503E+00
  3.9376E-01  6.4868E-01 -9.1952E-05  1.7776E-01  1.0442E+00  2.4900E-02 -1.0377E+00
  3.9511E-01  6.5454E-01 -9.5724E-05  1.7643E-01  9.4213E-01  2.4483E-02 -9.3507E-01
  3.9652E-01  6.6064E-01 -9.9632E-05  1.7518E-01  8.4514E-01  2.3635E-02 -8.3775E-01
  3.9793E-01  6.6675E-01 -1.0347E-04  1.7406E-01  7.6034E-01  2.2597E-02 -7.5278E-01
  3.9934E-01  6.7285E-01 -1.0720E-04  1.7305E-01  6.8877E-01  2.1588E-02 -6.8110E-01
  4.0075E-01  6.7895E-01 -1.1082E-04  1.7213E-01  6.3001E-01  2.0744E-02 -6.2221E-01
  4.0211E-01  6.8481E-01 -1.1420E-04  1.7131E-01  5.8439E-01  2.0135E-02 -5.7642E-01
  4.0353E-01  6.9092E-01 -1.1761E-04  1.7052E-01  5.4639E-01  1.9693E-02 -5.3817E-01
  4.0495E-01  6.9702E-01 -1.2096E-04  1.6978E-01  5.1628E-01  1.9407E-02 -5.0778E-01
  4.0631E-01  7.0288E-01 -1.2411E-04  1.6911E-01  4.9330E-01  1.9239E-02 -4.8449E-01
  4.0773E-01  7.0898E-01 -1.2734E-04  1.6844E-01  4.7418E-01  1.9138E-02 -4.6505E-01
  4.0914E-01  7.1509E-01 -1.3055E-04  1.6779E-01  4.5890E-01  1.9089E-02 -4.4945E-01
  4.1051E-01  7.2095E-01 -1.3360E-04  1.6718E-01  4.4705E-01  1.9074E-02 -4.3730E-01
  4.1193E-01  7.2705E-01 -1.3676E-04  1.6657E-01  4.3700E-01  1.9079E-02 -4.2695E-01
  4.1335E-01  7.3315E-01 -1.3992E-04  1.6597E-01  4.2879E-01  1.9100E-02 -4.1845E-01
  4.1471E-01  7.3901E-01 -1.4294E-04  1.6541E-01  4.2227E-01  1.9128E-02 -4.1167E-01
  4.1613E-01  7.4512E-01 -1.4609E-04  1.6483E-01  4.1662E-01  1.9165E-02 -4.0575E-01
  4.1755E-01  7.5122E-01 -1.4923E-04  1.6425E-01  4.1188E-01  1.9206E-02 -4.0077E-01
  4.1891E-01  7.5708E-01 -1.5226E-04  1.6371E-01  4.0803E-01  1.9248E-02 -3.9668E-01
  4.2033E-01  7.6318E-01 -1.5541E-04  1.6315E-01  4.0459E-01  1.9295E-02 -3.9302E-01
  4.2175E-01  7.6929E-01 -1.5857E-04  1.6259E-01  4.0164E-01  1.9343E-02 -3.8985E-01
  4.2311E-01  7.7514E-01 -1.6160E-04  1.6206E-01  3.9918E-01  1.9390E-02 -3.8717E-01
  4.2454E-01  7.8125E-01 -1.6477E-04  1.6152E-01  3.9692E-01  1.9440E-02 -3.8470E-01
  4.2596E-01  7.8735E-01 -1.6795E-04  1.6097E-01  3.9493E-01  1.9490E-02 -3.8249E-01
  4.2732E-01  7.9321E-01 -1.7101E-04  1.6045E-01  3.9321E-01  1.9539E-02 -3.8058E-01
  4.2874E-01  7.9931E-01 -1.7420E-04  1.5991E-01  3.9161E-01  1.9590E-02 -3.7876E-01
  4.3010E-01  8.0517E-01 -1.7727E-04  1.5940E-01  3.9020E-01  1.9640E-02 -3.7716E-01
  4.3152E-01  8.1128E-01 -1.8048E-04  1.5886E-01  3.8886E-01  1.9692E-02 -3.7562E-01
  4.3294E-01  8.1738E-01 -1.8369E-04  1.5833E-01  3.8763E-01  1.9743E-02 -3.7418E-01
  4.3431E-01  8.2324E-01 -1.8679E-04  1.5782E-01  3.8654E-01  1.9793E-02 -3.7290E-01
  4.3573E-01  8.2934E-01 -1.9002E-04  1.5729E-01  3.8548E-01  1.9844E-02 -3.7163E-01
  4.3715E-01  8.3545E-01 -1.9326E-04  1.5676E-01  3.8450E-01  1.9894E-02 -3.7045E-01
  4.3851E-01  8.4131E-01 -1.9638E-04  1.5626E-01  3.8362E-01  1.9943E-02 -3.6937E-01
  4.3993E-01  8.4741E-01 -1.9964E-04  1.5573E-01  3.8275E-01  1.9993E-02 -3.6830E-01
  4.4136E-01  8.5351E-01 -2.0291E-04  1.5521E-01  3.8194E-01  2.0044E-02 -3.6728E-01
  4.4272E-01  8.5937E-01 -2.0605E-04  1.5471E-01  3.8121E-01  2.0092E-02 -3.6635E-01
  4.4414E-01  8.6548E-01 -2.0933E-04  1.5419E-01  3.8049E-01  2.0142E-02 -3.6542E-01
  4.4700E-01  8.7776E-01 -2.1597E-04  1.5315E-01  3.7916E-01  2.0242E-02 -3.6368E-01
