  3.0830E-01  7.5437E-02  4.2166E-05  3.9962E-01  6.7761E-01  9.5229E-03 -6.4531E-01
  3.0970E-01  1.0888E-01  3.9775E-05  3.9818E-01  1.4067E+00  1.6169E-02 -1.3855E+00
  3.1111E-01  1.3452E-01  3.7483E-05  3.9577E-01  2.0188E+00  2.0623E-02 -2.0030E+00
  3.1251E-01  1.5576E-01  3.5259E-05  3.9264E-01  2.4994E+00  2.3423E-02 -2.4871E+00
  3.1390E-01  1.7456E-01  3.2968E-05  3.8888E-01  2.8731E+00  2.5075E-02 -2.8633E+00
  3.1531E-01  1.9165E-01  3.0543E-05  3.8464E-01  3.1551E+00  2.5927E-02 -3.1471E+00
  3.1671E-01  2.0727E-01  2.7982E-05  3.8009E-01  3.3589E+00  2.6273E-02 -3.3522E+00
  3.1812E-01  2.2192E-01  2.5243E-05  3.7525E-01  3.5025E+00  2.6354E-02 -3.4968E+00
  3.1953E-01  2.3559E-01  2.2376E-05  3.7027E-01  3.5977E+00  2.6300E-02 -3.5928E+00
  3.2090E-01  2.4829E-01  1.9445E-05  3.6529E-01  3.6555E+00  2.6170E-02 -3.6511E+00
  3.2232E-01  2.6074E-01  1.6317E-05  3.6008E-01  3.6861E+00  2.5990E-02 -3.6821E+00
  3.2371E-01  2.7246E-01  1.3147E-05  3.5493E-01  3.6934E+00  2.5794E-02 -3.6897E+00
  3.2511E-01  2.8369E-01  9.9054E-06  3.4980E-01  3.6828E+00  2.5599E-02 -3.6794E+00
  3.2652E-01  2.9468E-01  6.5485E-06  3.4461E-01  3.6576E+00  2.5424E-02 -3.6545E+00
  3.2792E-01  3.0517E-01  3.1756E-06  3.3951E-01  3.6216E+00  2.5283E-02 -3.6186E+00
  3.2930E-01  3.1518E-01 -1.8270E-07  3.3456E-01  3.5779E+00  2.5183E-02 -3.5750E+00
  3.3072E-01  3.2519E-01 -3.6719E-06  3.2952E-01  3.5265E+00  2.5117E-02 -3.5238E+00
  3.3211E-01  3.3471E-01 -7.1048E-06  3.2467E-01  3.4718E+00  2.5085E-02 -3.4691E+00
  3.3353E-01  3.4424E-01 -1.0641E-05  3.1977E-01  3.4123E+00  2.5080E-02 -3.4097E+00
  3.3491E-01  3.5327E-01 -1.4084E-05  3.1510E-01  3.3524E+00  2.5099E-02 -3.3498E+00
  3.3633E-01  3.6230E-01 -1.7607E-05  3.1041E-01  3.2898E+00  2.5141E-02 -3.2872E+00
  3.3773E-01  3.7109E-01 -2.1105E-05  3.0583E-01  3.2269E+00  2.5201E-02 -3.2243E+00
  3.3913E-01  3.7964E-01 -2.4566E-05  3.0138E-01  3.1645E+00  2.5277E-02 -3.1620E+00
  3.4051E-01  3.8794E-01 -2.7979E-05  2.9705E-01  3.1032E+00  2.5366E-02 -3.1006E+00
  3.4191E-01  3.9624E-01 -3.1437E-05  2.9274E-01  3.0416E+00  2.5468E-02 -3.0390E+00
  3.4334E-01  4.0454E-01 -3.4935E-05  2.8845E-01  2.9802E+00  2.5581E-02 -2.9775E+00
  3.4470E-01  4.1235E-01 -3.8260E-05  2.8442E-01  2.9227E+00  2.5695E-02 -2.9201E+00
  3.4613E-01  4.2041E-01 -4.1717E-05  2.8028E-01  2.8641E+00  2.5820E-02 -2.8614E+00
  3.4754E-01  4.2822E-01 -4.5094E-05  2.7630E-01  2.8082E+00  2.5945E-02 -2.8055E+00
  3.4892E-01  4.3579E-01 -4.8384E-05  2.7246E-01  2.7550E+00  2.6070E-02 -2.7522E+00
  3.5032E-01  4.4336E-01 -5.1689E-05  2.6864E-01  2.7029E+00  2.6197E-02 -2.7001E+00
  3.5174E-01  4.5093E-01 -5.5008E-05  2.6485E-01  2.6520E+00  2.6327E-02 -2.6491E+00
  3.5313E-01  4.5825E-01 -5.8229E-05  2.6121E-01  2.6039E+00  2.6453E-02 -2.6010E+00
  3.5453E-01  4.6557E-01 -6.1458E-05  2.5759E-01  2.5571E+00  2.6579E-02 -2.5542E+00
  3.5590E-01  4.7265E-01 -6.4584E-05  2.5412E-01  2.5132E+00  2.6702E-02 -2.5102E+00
  3.5733E-01  4.7998E-01 -6.7822E-05  2.5056E-01  2.4691E+00  2.6827E-02 -2.4660E+00
  3.5873E-01  4.8706E-01 -7.0953E-05  2.4713E-01  2.4277E+00  2.6944E-02 -2.4246E+00
  3.6015E-01  4.9414E-01 -7.4085E-05  2.4374E-01  2.3876E+00  2.7058E-02 -2.3844E+00
  3.6152E-01  5.0097E-01 -7.7111E-05  2.4048E-01  2.3499E+00  2.7162E-02 -2.3466E+00
  3.6291E-01  5.0781E-01 -8.0137E-05  2.3725E-01  2.3131E+00  2.7262E-02 -2.3098E+00
  3.6431E-01  5.1465E-01 -8.3165E-05  2.3404E-01  2.2772E+00  2.7357E-02 -2.2738E+00
  3.6572E-01  5.2148E-01 -8.6194E-05  2.3085E-01  2.2420E+00  2.7448E-02 -2.2386E+00
  3.6715E-01  5.2832E-01 -8.9226E-05  2.2769E-01  2.2074E+00  2.7531E-02 -2.2039E+00
  3.6853E-01  5.3491E-01 -9.2154E-05  2.2466E-01  2.1745E+00  2.7601E-02 -2.1709E+00
  3.6992E-01  5.4150E-01 -9.5088E-05  2.2166E-01  2.1417E+00  2.7657E-02 -2.1380E+00
  3.7132E-01  5.4809E-01 -9.8033E-05  2.1869E-01  2.1086E+00  2.7699E-02 -2.1049E+00
  3.7274E-01  5.5469E-01 -1.0100E-04  2.1574E-01  2.0749E+00  2.7727E-02 -2.0711E+00
  3.7410E-01  5.6103E-01 -1.0387E-04  2.1293E-01  2.0412E+00  2.7743E-02 -2.0373E+00
  3.7553E-01  5.6762E-01 -1.0690E-04  2.1004E-01  2.0043E+00  2.7752E-02 -2.0004E+00
  3.7692E-01  5.7397E-01 -1.0985E-04  2.0729E-01  1.9665E+00  2.7758E-02 -1.9625E+00
  3.7831E-01  5.8032E-01 -1.1287E-04  2.0458E-01  1.9254E+00  2.7767E-02 -1.9214E+00
  3.7972E-01  5.8667E-01 -1.1597E-04  2.0192E-01  1.8803E+00  2.7793E-02 -1.8761E+00
  3.8113E-01  5.9302E-01 -1.1916E-04  1.9931E-01  1.8298E+00  2.7871E-02 -1.8255E+00
  3.8254E-01  5.9936E-01 -1.2248E-04  1.9676E-01  1.7724E+00  2.8060E-02 -1.7678E+00
  3.8391E-01  6.0547E-01 -1.2584E-04  1.9439E-01  1.7090E+00  2.8411E-02 -1.7042E+00
  3.8534E-01  6.1181E-01 -1.2952E-04  1.9200E-01  1.6335E+00  2.9000E-02 -1.6282E+00
  3.8672E-01  6.1792E-01 -1.3328E-04  1.8981E-01  1.5508E+00  2.9796E-02 -1.5448E+00
  3.8811E-01  6.2402E-01 -1.3728E-04  1.8773E-01  1.4579E+00  3.0795E-02 -1.4511E+00
  3.8956E-01  6.3037E-01 -1.4170E-04  1.8571E-01  1.3513E+00  3.1941E-02 -1.3433E+00
  3.9095E-01  6.3647E-01 -1.4620E-04  1.8391E-01  1.2411E+00  3.2933E-02 -1.2319E+00
  3.9235E-01  6.4258E-01 -1.5092E-04  1.8226E-01  1.1272E+00  3.3586E-02 -1.1166E+00
  3.9376E-01  6.4868E-01 -1.5579E-04  1.8077E-01  1.0143E+00  3.3759E-02 -1.0023E+00
  3.9511E-01  6.5454E-01 -1.6056E-04  1.7949E-01  9.1122E-01  3.3486E-02 -8.9797E-01
  3.9652E-01  6.6064E-01 -1.6555E-04  1.7830E-01  8.1341E-01  3.2874E-02 -7.9900E-01
  3.9793E-01  6.6675E-01 -1.7051E-04  1.7723E-01  7.2801E-01  3.2113E-02 -7.1254E-01
  3.9934E-01  6.7285E-01 -1.7541E-04  1.7628E-01  6.5605E-01  3.1377E-02 -6.3954E-01
  4.0075E-01  6.7895E-01 -1.8023E-04  1.7542E-01  5.9710E-01  3.0770E-02 -5.7953E-01
  4.0211E-01  6.8481E-01 -1.8478E-04  1.7466E-01  5.5145E-01  3.0337E-02 -5.3281E-01
  4.0353E-01  6.9092E-01 -1.8944E-04  1.7394E-01  5.1352E-01  3.0029E-02 -4.9375E-01
  4.0495E-01  6.9702E-01 -1.9404E-04  1.7326E-01  4.8356E-01  2.9836E-02 -4.6268E-01
  4.0631E-01  7.0288E-01 -1.9842E-04  1.7265E-01  4.6075E-01  2.9728E-02 -4.3882E-01
  4.0773E-01  7.0898E-01 -2.0295E-04  1.7204E-01  4.4183E-01  2.9671E-02 -4.1887E-01
  4.0914E-01  7.1509E-01 -2.0745E-04  1.7146E-01  4.2675E-01  2.9651E-02 -4.0283E-01
  4.1051E-01  7.2095E-01 -2.1176E-04  1.7092E-01  4.1508E-01  2.9656E-02 -3.9031E-01
  4.1193E-01  7.2705E-01 -2.1624E-04  1.7037E-01  4.0521E-01  2.9677E-02 -3.7961E-01
  4.1334E-01  7.3315E-01 -2.2071E-04  1.6984E-01  3.9716E-01  2.9708E-02 -3.7080E-01
  4.1471E-01  7.3901E-01 -2.2501E-04  1.6934E-01  3.9079E-01  2.9746E-02 -3.6375E-01
  4.1613E-01  7.4512E-01 -2.2948E-04  1.6883E-01  3.8526E-01  2.9791E-02 -3.5756E-01
  4.1755E-01  7.5122E-01 -2.3397E-04  1.6832E-01  3.8064E-01  2.9839E-02 -3.5232E-01
  4.1891E-01  7.5708E-01 -2.3827E-04  1.6785E-01  3.7689E-01  2.9887E-02 -3.4801E-01
  4.2033E-01  7.6318E-01 -2.4277E-04  1.6735E-01  3.7356E-01  2.9940E-02 -3.4413E-01
  4.2175E-01  7.6929E-01 -2.4727E-04  1.6687E-01  3.7070E-01  2.9993E-02 -3.4073E-01
  4.2311E-01  7.7514E-01 -2.5159E-04  1.6640E-01  3.6831E-01  3.0045E-02 -3.3786E-01
  4.2453E-01  7.8125E-01 -2.5611E-04  1.6593E-01  3.6613E-01  3.0099E-02 -3.3518E-01
  4.2596E-01  7.8735E-01 -2.6064E-04  1.6545E-01  3.6420E-01  3.0153E-02 -3.3278E-01
  4.2732E-01  7.9321E-01 -2.6499E-04  1.6500E-01  3.6255E-01  3.0205E-02 -3.3068E-01
  4.2874E-01  7.9931E-01 -2.6953E-04  1.6453E-01  3.6101E-01  3.0260E-02 -3.2868E-01
  4.3010E-01  8.0517E-01 -2.7390E-04  1.6408E-01  3.5966E-01  3.0312E-02 -3.2690E-01
  4.3152E-01  8.1128E-01 -2.7847E-04  1.6362E-01  3.5838E-01  3.0366E-02 -3.2517E-01
  4.3294E-01  8.1738E-01 -2.8304E-04  1.6316E-01  3.5720E-01  3.0419E-02 -3.2356E-01
  4.3431E-01  8.2324E-01 -2.8743E-04  1.6272E-01  3.5616E-01  3.0471E-02 -3.2210E-01
  4.3573E-01  8.2934E-01 -2.9202E-04  1.6226E-01  3.5515E-01  3.0524E-02 -3.2066E-01
  4.3715E-01  8.3545E-01 -2.9662E-04  1.6181E-01  3.5421E-01  3.0576E-02 -3.1929E-01
  4.3851E-01  8.4131E-01 -3.0104E-04  1.6137E-01  3.5337E-01  3.0626E-02 -3.1804E-01
  4.3993E-01  8.4741E-01 -3.0566E-04  1.6092E-01  3.5255E-01  3.0678E-02 -3.1679E-01
  4.4136E-01  8.5351E-01 -3.1028E-04  1.6047E-01  3.5178E-01  3.0730E-02 -3.1560E-01
  4.4272E-01  8.5937E-01 -3.1473E-04  1.6004E-01  3.5109E-01  3.0779E-02 -3.1450E-01
  4.4414E-01  8.6548E-01 -3.1937E-04  1.5960E-01  3.5041E-01  3.0830E-02 -3.1339E-01
  4.4700E-01  8.7776E-01 -3.2874E-04  1.5871E-01  3.4917E-01  3.0931E-02 -3.1130E-01
