  3.0830E-01  7.5437E-02  5.9591E-05  3.9960E-01  6.8500E-01  9.3840E-03 -6.5401E-01
  3.0970E-01  1.0888E-01  6.1057E-05  3.9815E-01  1.4152E+00  1.6030E-02 -1.3945E+00
  3.1111E-01  1.3452E-01  6.2415E-05  3.9573E-01  2.0273E+00  2.0488E-02 -2.0118E+00
  3.1251E-01  1.5576E-01  6.3574E-05  3.9259E-01  2.5076E+00  2.3290E-02 -2.4954E+00
  3.1390E-01  1.7456E-01  6.4536E-05  3.8882E-01  2.8808E+00  2.4943E-02 -2.8711E+00
  3.1531E-01  1.9165E-01  6.5294E-05  3.8457E-01  3.1623E+00  2.5796E-02 -3.1544E+00
  3.1671E-01  2.0727E-01  6.5851E-05  3.8000E-01  3.3655E+00  2.6141E-02 -3.3589E+00
  3.1812E-01  2.2192E-01  6.6231E-05  3.7516E-01  3.5087E+00  2.6217E-02 -3.5031E+00
  3.1953E-01  2.3559E-01  6.6448E-05  3.7017E-01  3.6035E+00  2.6159E-02 -3.5986E+00
  3.2090E-01  2.4829E-01  6.6527E-05  3.6518E-01  3.6609E+00  2.6025E-02 -3.6566E+00
  3.2232E-01  2.6074E-01  6.6488E-05  3.5997E-01  3.6911E+00  2.5840E-02 -3.6872E+00
  3.2372E-01  2.7246E-01  6.6344E-05  3.5481E-01  3.6981E+00  2.5636E-02 -3.6945E+00
  3.2511E-01  2.8369E-01  6.6109E-05  3.4967E-01  3.6873E+00  2.5434E-02 -3.6839E+00
  3.2652E-01  2.9468E-01  6.5790E-05  3.4447E-01  3.6618E+00  2.5250E-02 -3.6587E+00
  3.2792E-01  3.0517E-01  6.5407E-05  3.3937E-01  3.6256E+00  2.5101E-02 -3.6226E+00
  3.2930E-01  3.1518E-01  6.4975E-05  3.3441E-01  3.5817E+00  2.4993E-02 -3.5789E+00
  3.3072E-01  3.2519E-01  6.4481E-05  3.2937E-01  3.5301E+00  2.4920E-02 -3.5274E+00
  3.3211E-01  3.3471E-01  6.3961E-05  3.2452E-01  3.4752E+00  2.4881E-02 -3.4726E+00
  3.3353E-01  3.4424E-01  6.3395E-05  3.1962E-01  3.4156E+00  2.4868E-02 -3.4130E+00
  3.3491E-01  3.5327E-01  6.2819E-05  3.1494E-01  3.3556E+00  2.4881E-02 -3.3530E+00
  3.3633E-01  3.6230E-01  6.2209E-05  3.1024E-01  3.2928E+00  2.4916E-02 -3.2903E+00
  3.3773E-01  3.7109E-01  6.1586E-05  3.0566E-01  3.2299E+00  2.4970E-02 -3.2273E+00
  3.3913E-01  3.7964E-01  6.0958E-05  3.0120E-01  3.1674E+00  2.5042E-02 -3.1649E+00
  3.4051E-01  3.8794E-01  6.0328E-05  2.9688E-01  3.1060E+00  2.5127E-02 -3.1035E+00
  3.4191E-01  3.9624E-01  5.9683E-05  2.9256E-01  3.0443E+00  2.5225E-02 -3.0418E+00
  3.4334E-01  4.0454E-01  5.9025E-05  2.8826E-01  2.9828E+00  2.5335E-02 -2.9802E+00
  3.4470E-01  4.1235E-01  5.8396E-05  2.8423E-01  2.9253E+00  2.5447E-02 -2.9227E+00
  3.4613E-01  4.2041E-01  5.7739E-05  2.8009E-01  2.8666E+00  2.5568E-02 -2.8640E+00
  3.4754E-01  4.2822E-01  5.7096E-05  2.7610E-01  2.8107E+00  2.5692E-02 -2.8080E+00
  3.4892E-01  4.3579E-01  5.6469E-05  2.7226E-01  2.7574E+00  2.5816E-02 -2.7547E+00
  3.5032E-01  4.4336E-01  5.5839E-05  2.6844E-01  2.7053E+00  2.5942E-02 -2.7025E+00
  3.5174E-01  4.5093E-01  5.5208E-05  2.6465E-01  2.6543E+00  2.6070E-02 -2.6515E+00
  3.5313E-01  4.5825E-01  5.4597E-05  2.6100E-01  2.6062E+00  2.6195E-02 -2.6034E+00
  3.5453E-01  4.6557E-01  5.3985E-05  2.5738E-01  2.5594E+00  2.6321E-02 -2.5565E+00
  3.5590E-01  4.7265E-01  5.3396E-05  2.5391E-01  2.5154E+00  2.6443E-02 -2.5125E+00
  3.5733E-01  4.7998E-01  5.2787E-05  2.5034E-01  2.4713E+00  2.6568E-02 -2.4683E+00
  3.5873E-01  4.8706E-01  5.2201E-05  2.4691E-01  2.4299E+00  2.6685E-02 -2.4268E+00
  3.6015E-01  4.9414E-01  5.1616E-05  2.4351E-01  2.3897E+00  2.6797E-02 -2.3866E+00
  3.6152E-01  5.0097E-01  5.1054E-05  2.4025E-01  2.3520E+00  2.6901E-02 -2.3488E+00
  3.6291E-01  5.0781E-01  5.0494E-05  2.3702E-01  2.3152E+00  2.7001E-02 -2.3120E+00
  3.6431E-01  5.1465E-01  4.9935E-05  2.3380E-01  2.2793E+00  2.7096E-02 -2.2760E+00
  3.6572E-01  5.2148E-01  4.9377E-05  2.3062E-01  2.2441E+00  2.7186E-02 -2.2407E+00
  3.6715E-01  5.2832E-01  4.8819E-05  2.2745E-01  2.2095E+00  2.7268E-02 -2.2060E+00
  3.6853E-01  5.3491E-01  4.8281E-05  2.2442E-01  2.1765E+00  2.7337E-02 -2.1730E+00
  3.6992E-01  5.4150E-01  4.7741E-05  2.2142E-01  2.1437E+00  2.7392E-02 -2.1401E+00
  3.7132E-01  5.4809E-01  4.7199E-05  2.1844E-01  2.1106E+00  2.7433E-02 -2.1070E+00
  3.7274E-01  5.5469E-01  4.6652E-05  2.1549E-01  2.0768E+00  2.7459E-02 -2.0731E+00
  3.7410E-01  5.6103E-01  4.6117E-05  2.1267E-01  2.0431E+00  2.7473E-02 -2.0393E+00
  3.7553E-01  5.6762E-01  4.5551E-05  2.0978E-01  2.0062E+00  2.7479E-02 -2.0024E+00
  3.7692E-01  5.7397E-01  4.4992E-05  2.0703E-01  1.9683E+00  2.7482E-02 -1.9644E+00
  3.7831E-01  5.8032E-01  4.4415E-05  2.0432E-01  1.9272E+00  2.7488E-02 -1.9232E+00
  3.7972E-01  5.8667E-01  4.3816E-05  2.0166E-01  1.8821E+00  2.7509E-02 -1.8780E+00
  3.8113E-01  5.9302E-01  4.3188E-05  1.9905E-01  1.8315E+00  2.7580E-02 -1.8273E+00
  3.8254E-01  5.9936E-01  4.2525E-05  1.9650E-01  1.7740E+00  2.7758E-02 -1.7695E+00
  3.8391E-01  6.0547E-01  4.1848E-05  1.9412E-01  1.7106E+00  2.8094E-02 -1.7058E+00
  3.8534E-01  6.1181E-01  4.1096E-05  1.9173E-01  1.6349E+00  2.8666E-02 -1.6297E+00
  3.8672E-01  6.1792E-01  4.0325E-05  1.8954E-01  1.5521E+00  2.9444E-02 -1.5463E+00
  3.8811E-01  6.2402E-01  3.9509E-05  1.8746E-01  1.4592E+00  3.0424E-02 -1.4526E+00
  3.8956E-01  6.3037E-01  3.8622E-05  1.8543E-01  1.3525E+00  3.1551E-02 -1.3448E+00
  3.9095E-01  6.3647E-01  3.7745E-05  1.8363E-01  1.2424E+00  3.2529E-02 -1.2334E+00
  3.9235E-01  6.4258E-01  3.6864E-05  1.8198E-01  1.1286E+00  3.3174E-02 -1.1182E+00
  3.9376E-01  6.4868E-01  3.6004E-05  1.8049E-01  1.0158E+00  3.3344E-02 -1.0040E+00
  3.9511E-01  6.5454E-01  3.5223E-05  1.7921E-01  9.1288E-01  3.3072E-02 -8.9993E-01
  3.9652E-01  6.6064E-01  3.4476E-05  1.7801E-01  8.1529E-01  3.2465E-02 -8.0123E-01
  3.9793E-01  6.6675E-01  3.3814E-05  1.7694E-01  7.3013E-01  3.1712E-02 -7.1504E-01
  3.9934E-01  6.7285E-01  3.3242E-05  1.7598E-01  6.5840E-01  3.0988E-02 -6.4231E-01
  4.0075E-01  6.7895E-01  3.2760E-05  1.7512E-01  5.9965E-01  3.0394E-02 -5.8252E-01
  4.0211E-01  6.8481E-01  3.2371E-05  1.7436E-01  5.5416E-01  2.9973E-02 -5.3600E-01
  4.0353E-01  6.9092E-01  3.2035E-05  1.7363E-01  5.1636E-01  2.9677E-02 -4.9710E-01
  4.0495E-01  6.9702E-01  3.1755E-05  1.7295E-01  4.8651E-01  2.9494E-02 -4.6616E-01
  4.0631E-01  7.0288E-01  3.1529E-05  1.7233E-01  4.6377E-01  2.9394E-02 -4.4241E-01
  4.0773E-01  7.0898E-01  3.1329E-05  1.7172E-01  4.4491E-01  2.9343E-02 -4.2255E-01
  4.0914E-01  7.1509E-01  3.1156E-05  1.7113E-01  4.2988E-01  2.9328E-02 -4.0659E-01
  4.1051E-01  7.2095E-01  3.1011E-05  1.7058E-01  4.1825E-01  2.9337E-02 -3.9412E-01
  4.1193E-01  7.2705E-01  3.0876E-05  1.7003E-01  4.0840E-01  2.9360E-02 -3.8348E-01
  4.1335E-01  7.3315E-01  3.0754E-05  1.6950E-01  4.0038E-01  2.9394E-02 -3.7471E-01
  4.1471E-01  7.3901E-01  3.0646E-05  1.6899E-01  3.9402E-01  2.9433E-02 -3.6769E-01
  4.1613E-01  7.4512E-01  3.0541E-05  1.6847E-01  3.8851E-01  2.9479E-02 -3.6154E-01
  4.1755E-01  7.5122E-01  3.0442E-05  1.6796E-01  3.8391E-01  2.9528E-02 -3.5633E-01
  4.1891E-01  7.5708E-01  3.0352E-05  1.6748E-01  3.8017E-01  2.9576E-02 -3.5205E-01
  4.2033E-01  7.6318E-01  3.0261E-05  1.6698E-01  3.7684E-01  2.9629E-02 -3.4818E-01
  4.2175E-01  7.6929E-01  3.0173E-05  1.6649E-01  3.7399E-01  2.9682E-02 -3.4481E-01
  4.2311E-01  7.7514E-01  3.0090E-05  1.6602E-01  3.7161E-01  2.9734E-02 -3.4195E-01
  4.2453E-01  7.8125E-01  3.0006E-05  1.6554E-01  3.6943E-01  2.9789E-02 -3.3930E-01
  4.2596E-01  7.8735E-01  2.9922E-05  1.6506E-01  3.6751E-01  2.9843E-02 -3.3691E-01
  4.2732E-01  7.9321E-01  2.9842E-05  1.6460E-01  3.6586E-01  2.9895E-02 -3.3483E-01
  4.2874E-01  7.9931E-01  2.9758E-05  1.6413E-01  3.6432E-01  2.9949E-02 -3.3284E-01
  4.3010E-01  8.0517E-01  2.9679E-05  1.6367E-01  3.6298E-01  3.0001E-02 -3.3107E-01
  4.3152E-01  8.1128E-01  2.9595E-05  1.6320E-01  3.6170E-01  3.0055E-02 -3.2936E-01
  4.3294E-01  8.1738E-01  2.9512E-05  1.6274E-01  3.6053E-01  3.0109E-02 -3.2775E-01
  4.3431E-01  8.2324E-01  2.9432E-05  1.6229E-01  3.5949E-01  3.0161E-02 -3.2631E-01
  4.3573E-01  8.2934E-01  2.9348E-05  1.6183E-01  3.5848E-01  3.0215E-02 -3.2488E-01
  4.3715E-01  8.3545E-01  2.9263E-05  1.6137E-01  3.5755E-01  3.0268E-02 -3.2352E-01
  4.3851E-01  8.4131E-01  2.9181E-05  1.6093E-01  3.5671E-01  3.0318E-02 -3.2228E-01
  4.3993E-01  8.4741E-01  2.9096E-05  1.6047E-01  3.5589E-01  3.0371E-02 -3.2104E-01
  4.4136E-01  8.5351E-01  2.9010E-05  1.6002E-01  3.5512E-01  3.0423E-02 -3.1985E-01
  4.4272E-01  8.5937E-01  2.8927E-05  1.5958E-01  3.5443E-01  3.0472E-02 -3.1876E-01
  4.4414E-01  8.6548E-01  2.8840E-05  1.5913E-01  3.5376E-01  3.0523E-02 -3.1767E-01
  4.4700E-01  8.7776E-01  2.8663E-05  1.5822E-01  3.5252E-01  3.0624E-02 -3.1560E-01
