  3.0830E-01  7.5437E-02  4.2391E-05  3.9961E-01  6.8130E-01  9.3721E-03 -6.5021E-01
  3.0970E-01  1.0888E-01  4.0171E-05  3.9817E-01  1.4106E+00  1.5998E-02 -1.3899E+00
  3.1111E-01  1.3452E-01  3.8017E-05  3.9575E-01  2.0224E+00  2.0439E-02 -2.0070E+00
  3.1251E-01  1.5576E-01  3.5891E-05  3.9261E-01  2.5029E+00  2.3225E-02 -2.4908E+00
  3.1390E-01  1.7456E-01  3.3672E-05  3.8886E-01  2.8763E+00  2.4864E-02 -2.8667E+00
  3.1531E-01  1.9165E-01  3.1296E-05  3.8461E-01  3.1581E+00  2.5702E-02 -3.1503E+00
  3.1671E-01  2.0727E-01  2.8768E-05  3.8005E-01  3.3617E+00  2.6035E-02 -3.3551E+00
  3.1812E-01  2.2192E-01  2.6057E-05  3.7521E-01  3.5051E+00  2.6100E-02 -3.4995E+00
  3.1953E-01  2.3559E-01  2.3216E-05  3.7023E-01  3.6002E+00  2.6032E-02 -3.5954E+00
  3.2090E-01  2.4829E-01  2.0307E-05  3.6524E-01  3.6579E+00  2.5889E-02 -3.6535E+00
  3.2232E-01  2.6074E-01  1.7203E-05  3.6003E-01  3.6883E+00  2.5697E-02 -3.6844E+00
  3.2372E-01  2.7246E-01  1.4055E-05  3.5488E-01  3.6955E+00  2.5486E-02 -3.6920E+00
  3.2511E-01  2.8369E-01  1.0835E-05  3.4974E-01  3.6848E+00  2.5278E-02 -3.6815E+00
  3.2652E-01  2.9468E-01  7.4978E-06  3.4454E-01  3.6596E+00  2.5089E-02 -3.6565E+00
  3.2792E-01  3.0517E-01  4.1427E-06  3.3945E-01  3.6234E+00  2.4937E-02 -3.6205E+00
  3.2930E-01  3.1518E-01  7.9948E-07  3.3449E-01  3.5797E+00  2.4826E-02 -3.5769E+00
  3.3072E-01  3.2519E-01 -2.6758E-06  3.2945E-01  3.5283E+00  2.4750E-02 -3.5256E+00
  3.3211E-01  3.3471E-01 -6.0962E-06  3.2460E-01  3.4735E+00  2.4709E-02 -3.4709E+00
  3.3353E-01  3.4424E-01 -9.6203E-06  3.1970E-01  3.4139E+00  2.4696E-02 -3.4114E+00
  3.3491E-01  3.5327E-01 -1.3052E-05  3.1502E-01  3.3540E+00  2.4707E-02 -3.3515E+00
  3.3633E-01  3.6230E-01 -1.6564E-05  3.1033E-01  3.2913E+00  2.4742E-02 -3.2888E+00
  3.3773E-01  3.7109E-01 -2.0050E-05  3.0575E-01  3.2284E+00  2.4796E-02 -3.2259E+00
  3.3913E-01  3.7964E-01 -2.3499E-05  3.0129E-01  3.1660E+00  2.4868E-02 -3.1635E+00
  3.4051E-01  3.8794E-01 -2.6900E-05  2.9697E-01  3.1047E+00  2.4953E-02 -3.1022E+00
  3.4191E-01  3.9624E-01 -3.0344E-05  2.9265E-01  3.0431E+00  2.5052E-02 -3.0405E+00
  3.4334E-01  4.0454E-01 -3.3828E-05  2.8836E-01  2.9816E+00  2.5162E-02 -2.9790E+00
  3.4470E-01  4.1235E-01 -3.7138E-05  2.8433E-01  2.9241E+00  2.5274E-02 -2.9215E+00
  3.4613E-01  4.2041E-01 -4.0578E-05  2.8019E-01  2.8655E+00  2.5396E-02 -2.8629E+00
  3.4754E-01  4.2822E-01 -4.3937E-05  2.7620E-01  2.8095E+00  2.5520E-02 -2.8069E+00
  3.4892E-01  4.3579E-01 -4.7208E-05  2.7236E-01  2.7563E+00  2.5644E-02 -2.7536E+00
  3.5032E-01  4.4336E-01 -5.0494E-05  2.6854E-01  2.7041E+00  2.5770E-02 -2.7014E+00
  3.5174E-01  4.5093E-01 -5.3792E-05  2.6475E-01  2.6532E+00  2.5898E-02 -2.6504E+00
  3.5313E-01  4.5825E-01 -5.6992E-05  2.6111E-01  2.6051E+00  2.6024E-02 -2.6023E+00
  3.5453E-01  4.6557E-01 -6.0199E-05  2.5749E-01  2.5583E+00  2.6150E-02 -2.5555E+00
  3.5590E-01  4.7265E-01 -6.3303E-05  2.5401E-01  2.5144E+00  2.6272E-02 -2.5115E+00
  3.5733E-01  4.7998E-01 -6.6517E-05  2.5045E-01  2.4702E+00  2.6396E-02 -2.4673E+00
  3.5873E-01  4.8706E-01 -6.9623E-05  2.4702E-01  2.4289E+00  2.6513E-02 -2.4258E+00
  3.6015E-01  4.9414E-01 -7.2729E-05  2.4362E-01  2.3887E+00  2.6625E-02 -2.3856E+00
  3.6152E-01  5.0097E-01 -7.5728E-05  2.4036E-01  2.3510E+00  2.6729E-02 -2.3479E+00
  3.6291E-01  5.0781E-01 -7.8726E-05  2.3713E-01  2.3142E+00  2.6828E-02 -2.3110E+00
  3.6431E-01  5.1465E-01 -8.1724E-05  2.3392E-01  2.2783E+00  2.6923E-02 -2.2750E+00
  3.6572E-01  5.2148E-01 -8.4723E-05  2.3073E-01  2.2431E+00  2.7013E-02 -2.2398E+00
  3.6715E-01  5.2832E-01 -8.7724E-05  2.2757E-01  2.2085E+00  2.7095E-02 -2.2051E+00
  3.6853E-01  5.3491E-01 -9.0621E-05  2.2454E-01  2.1756E+00  2.7163E-02 -2.1721E+00
  3.6992E-01  5.4150E-01 -9.3523E-05  2.2154E-01  2.1427E+00  2.7218E-02 -2.1392E+00
  3.7132E-01  5.4809E-01 -9.6436E-05  2.1856E-01  2.1097E+00  2.7258E-02 -2.1061E+00
  3.7274E-01  5.5469E-01 -9.9367E-05  2.1561E-01  2.0759E+00  2.7284E-02 -2.0723E+00
  3.7410E-01  5.6103E-01 -1.0221E-04  2.1280E-01  2.0422E+00  2.7297E-02 -2.0385E+00
  3.7553E-01  5.6762E-01 -1.0520E-04  2.0991E-01  2.0054E+00  2.7304E-02 -2.0016E+00
  3.7692E-01  5.7397E-01 -1.0813E-04  2.0716E-01  1.9675E+00  2.7308E-02 -1.9636E+00
  3.7831E-01  5.8032E-01 -1.1111E-04  2.0445E-01  1.9265E+00  2.7316E-02 -1.9225E+00
  3.7972E-01  5.8667E-01 -1.1417E-04  2.0178E-01  1.8814E+00  2.7340E-02 -1.8773E+00
  3.8113E-01  5.9302E-01 -1.1733E-04  1.9917E-01  1.8309E+00  2.7417E-02 -1.8267E+00
  3.8254E-01  5.9936E-01 -1.2062E-04  1.9662E-01  1.7734E+00  2.7606E-02 -1.7690E+00
  3.8391E-01  6.0547E-01 -1.2394E-04  1.9424E-01  1.7101E+00  2.7958E-02 -1.7054E+00
  3.8534E-01  6.1181E-01 -1.2759E-04  1.9186E-01  1.6346E+00  2.8552E-02 -1.6294E+00
  3.8672E-01  6.1792E-01 -1.3132E-04  1.8966E-01  1.5519E+00  2.9355E-02 -1.5461E+00
  3.8811E-01  6.2402E-01 -1.3528E-04  1.8758E-01  1.4591E+00  3.0362E-02 -1.4525E+00
  3.8956E-01  6.3037E-01 -1.3966E-04  1.8556E-01  1.3525E+00  3.1516E-02 -1.3448E+00
  3.9095E-01  6.3647E-01 -1.4413E-04  1.8376E-01  1.2424E+00  3.2514E-02 -1.2334E+00
  3.9235E-01  6.4258E-01 -1.4880E-04  1.8211E-01  1.1286E+00  3.3169E-02 -1.1182E+00
  3.9376E-01  6.4868E-01 -1.5363E-04  1.8062E-01  1.0157E+00  3.3341E-02 -1.0040E+00
  3.9511E-01  6.5454E-01 -1.5835E-04  1.7933E-01  9.1266E-01  3.3065E-02 -8.9974E-01
  3.9652E-01  6.6064E-01 -1.6330E-04  1.7814E-01  8.1489E-01  3.2445E-02 -8.0086E-01
  3.9793E-01  6.6675E-01 -1.6821E-04  1.7707E-01  7.2952E-01  3.1677E-02 -7.1447E-01
  3.9934E-01  6.7285E-01 -1.7306E-04  1.7611E-01  6.5758E-01  3.0935E-02 -6.4154E-01
  4.0075E-01  6.7895E-01 -1.7782E-04  1.7525E-01  5.9864E-01  3.0322E-02 -5.8159E-01
  4.0211E-01  6.8481E-01 -1.8232E-04  1.7449E-01  5.5298E-01  2.9886E-02 -5.3492E-01
  4.0353E-01  6.9092E-01 -1.8693E-04  1.7376E-01  5.1504E-01  2.9576E-02 -4.9590E-01
  4.0495E-01  6.9702E-01 -1.9148E-04  1.7308E-01  4.8507E-01  2.9381E-02 -4.6486E-01
  4.0631E-01  7.0288E-01 -1.9581E-04  1.7247E-01  4.6225E-01  2.9272E-02 -4.4103E-01
  4.0773E-01  7.0898E-01 -2.0028E-04  1.7186E-01  4.4331E-01  2.9214E-02 -4.2111E-01
  4.0914E-01  7.1509E-01 -2.0473E-04  1.7127E-01  4.2822E-01  2.9194E-02 -4.0509E-01
  4.1051E-01  7.2095E-01 -2.0898E-04  1.7073E-01  4.1654E-01  2.9198E-02 -3.9259E-01
  4.1193E-01  7.2705E-01 -2.1340E-04  1.7018E-01  4.0666E-01  2.9218E-02 -3.8191E-01
  4.1335E-01  7.3315E-01 -2.1782E-04  1.6964E-01  3.9860E-01  2.9249E-02 -3.7312E-01
  4.1471E-01  7.3901E-01 -2.2206E-04  1.6914E-01  3.9222E-01  2.9287E-02 -3.6608E-01
  4.1613E-01  7.4512E-01 -2.2648E-04  1.6862E-01  3.8668E-01  2.9330E-02 -3.5991E-01
  4.1755E-01  7.5122E-01 -2.3091E-04  1.6812E-01  3.8206E-01  2.9378E-02 -3.5468E-01
  4.1891E-01  7.5708E-01 -2.3516E-04  1.6764E-01  3.7830E-01  2.9425E-02 -3.5039E-01
  4.2033E-01  7.6318E-01 -2.3959E-04  1.6714E-01  3.7496E-01  2.9477E-02 -3.4651E-01
  4.2175E-01  7.6929E-01 -2.4404E-04  1.6665E-01  3.7210E-01  2.9530E-02 -3.4313E-01
  4.2311E-01  7.7514E-01 -2.4831E-04  1.6619E-01  3.6970E-01  2.9581E-02 -3.4026E-01
  4.2453E-01  7.8125E-01 -2.5277E-04  1.6570E-01  3.6752E-01  2.9635E-02 -3.3760E-01
  4.2596E-01  7.8735E-01 -2.5724E-04  1.6523E-01  3.6559E-01  2.9689E-02 -3.3521E-01
  4.2732E-01  7.9321E-01 -2.6153E-04  1.6477E-01  3.6393E-01  2.9741E-02 -3.3312E-01
  4.2874E-01  7.9931E-01 -2.6602E-04  1.6430E-01  3.6238E-01  2.9794E-02 -3.3112E-01
  4.3010E-01  8.0517E-01 -2.7033E-04  1.6385E-01  3.6103E-01  2.9846E-02 -3.2935E-01
  4.3152E-01  8.1128E-01 -2.7484E-04  1.6338E-01  3.5974E-01  2.9900E-02 -3.2763E-01
  4.3294E-01  8.1738E-01 -2.7935E-04  1.6292E-01  3.5857E-01  2.9954E-02 -3.2603E-01
  4.3431E-01  8.2324E-01 -2.8369E-04  1.6247E-01  3.5752E-01  3.0005E-02 -3.2458E-01
  4.3573E-01  8.2934E-01 -2.8823E-04  1.6201E-01  3.5651E-01  3.0059E-02 -3.2314E-01
  4.3715E-01  8.3545E-01 -2.9277E-04  1.6156E-01  3.5557E-01  3.0112E-02 -3.2178E-01
  4.3851E-01  8.4131E-01 -2.9714E-04  1.6112E-01  3.5472E-01  3.0162E-02 -3.2054E-01
  4.3993E-01  8.4741E-01 -3.0170E-04  1.6066E-01  3.5390E-01  3.0215E-02 -3.1930E-01
  4.4136E-01  8.5351E-01 -3.0626E-04  1.6021E-01  3.5313E-01  3.0266E-02 -3.1811E-01
  4.4272E-01  8.5937E-01 -3.1066E-04  1.5978E-01  3.5243E-01  3.0316E-02 -3.1702E-01
  4.4414E-01  8.6548E-01 -3.1524E-04  1.5933E-01  3.5175E-01  3.0367E-02 -3.1592E-01
  4.4700E-01  8.7776E-01 -3.2450E-04  1.5843E-01  3.5050E-01  3.0468E-02 -3.1384E-01
