  3.0830E-01  7.5437E-02  4.2251E-05  3.9962E-01  6.7710E-01  9.5790E-03 -6.4438E-01
  3.0970E-01  1.0888E-01  3.9918E-05  3.9818E-01  1.4062E+00  1.6224E-02 -1.3848E+00
  3.1111E-01  1.3452E-01  3.7713E-05  3.9578E-01  2.0183E+00  2.0679E-02 -2.0024E+00
  3.1251E-01  1.5576E-01  3.5581E-05  3.9264E-01  2.4990E+00  2.3482E-02 -2.4866E+00
  3.1390E-01  1.7456E-01  3.3374E-05  3.8889E-01  2.8726E+00  2.5139E-02 -2.8628E+00
  3.1531E-01  1.9165E-01  3.1017E-05  3.8465E-01  3.1547E+00  2.5997E-02 -3.1466E+00
  3.1671E-01  2.0727E-01  2.8507E-05  3.8009E-01  3.3585E+00  2.6350E-02 -3.3517E+00
  3.1812E-01  2.2192E-01  2.5808E-05  3.7526E-01  3.5021E+00  2.6436E-02 -3.4964E+00
  3.1953E-01  2.3559E-01  2.2976E-05  3.7028E-01  3.5974E+00  2.6389E-02 -3.5924E+00
  3.2090E-01  2.4829E-01  2.0076E-05  3.6529E-01  3.6552E+00  2.6266E-02 -3.6507E+00
  3.2232E-01  2.6074E-01  1.6977E-05  3.6009E-01  3.6858E+00  2.6093E-02 -3.6818E+00
  3.2371E-01  2.7246E-01  1.3829E-05  3.5494E-01  3.6931E+00  2.5903E-02 -3.6894E+00
  3.2511E-01  2.8369E-01  1.0605E-05  3.4981E-01  3.6825E+00  2.5716E-02 -3.6791E+00
  3.2652E-01  2.9468E-01  7.2580E-06  3.4462E-01  3.6573E+00  2.5546E-02 -3.6541E+00
  3.2792E-01  3.0517E-01  3.8898E-06  3.3952E-01  3.6213E+00  2.5411E-02 -3.6183E+00
  3.2930E-01  3.1518E-01  5.3192E-07  3.3457E-01  3.5776E+00  2.5316E-02 -3.5747E+00
  3.3072E-01  3.2519E-01 -2.9601E-06  3.2953E-01  3.5263E+00  2.5255E-02 -3.5235E+00
  3.3211E-01  3.3471E-01 -6.3983E-06  3.2468E-01  3.4715E+00  2.5226E-02 -3.4688E+00
  3.3353E-01  3.4424E-01 -9.9433E-06  3.1979E-01  3.4120E+00  2.5225E-02 -3.4094E+00
  3.3491E-01  3.5327E-01 -1.3399E-05  3.1511E-01  3.3521E+00  2.5248E-02 -3.3495E+00
  3.3633E-01  3.6230E-01 -1.6937E-05  3.1042E-01  3.2895E+00  2.5292E-02 -3.2869E+00
  3.3773E-01  3.7109E-01 -2.0453E-05  3.0584E-01  3.2266E+00  2.5356E-02 -3.2240E+00
  3.3913E-01  3.7964E-01 -2.3933E-05  3.0139E-01  3.1643E+00  2.5434E-02 -3.1617E+00
  3.4051E-01  3.8794E-01 -2.7367E-05  2.9707E-01  3.1030E+00  2.5526E-02 -3.1003E+00
  3.4191E-01  3.9624E-01 -3.0847E-05  2.9276E-01  3.0414E+00  2.5631E-02 -3.0388E+00
  3.4334E-01  4.0454E-01 -3.4368E-05  2.8846E-01  2.9799E+00  2.5746E-02 -2.9773E+00
  3.4470E-01  4.1235E-01 -3.7716E-05  2.8443E-01  2.9225E+00  2.5862E-02 -2.9198E+00
  3.4613E-01  4.2041E-01 -4.1198E-05  2.8030E-01  2.8639E+00  2.5989E-02 -2.8612E+00
  3.4754E-01  4.2822E-01 -4.4600E-05  2.7631E-01  2.8079E+00  2.6116E-02 -2.8052E+00
  3.4892E-01  4.3579E-01 -4.7916E-05  2.7248E-01  2.7547E+00  2.6243E-02 -2.7519E+00
  3.5032E-01  4.4336E-01 -5.1248E-05  2.6866E-01  2.7026E+00  2.6372E-02 -2.6998E+00
  3.5174E-01  4.5093E-01 -5.4594E-05  2.6487E-01  2.6517E+00  2.6502E-02 -2.6488E+00
  3.5313E-01  4.5825E-01 -5.7843E-05  2.6123E-01  2.6037E+00  2.6629E-02 -2.6007E+00
  3.5453E-01  4.6557E-01 -6.1100E-05  2.5761E-01  2.5569E+00  2.6757E-02 -2.5539E+00
  3.5590E-01  4.7265E-01 -6.4254E-05  2.5414E-01  2.5129E+00  2.6880E-02 -2.5099E+00
  3.5733E-01  4.7998E-01 -6.7520E-05  2.5057E-01  2.4688E+00  2.7006E-02 -2.4657E+00
  3.5873E-01  4.8706E-01 -7.0679E-05  2.4715E-01  2.4275E+00  2.7124E-02 -2.4243E+00
  3.6015E-01  4.9414E-01 -7.3840E-05  2.4376E-01  2.3873E+00  2.7238E-02 -2.3841E+00
  3.6152E-01  5.0097E-01 -7.6893E-05  2.4050E-01  2.3496E+00  2.7343E-02 -2.3463E+00
  3.6291E-01  5.0781E-01 -7.9948E-05  2.3727E-01  2.3129E+00  2.7444E-02 -2.3095E+00
  3.6431E-01  5.1465E-01 -8.3005E-05  2.3406E-01  2.2770E+00  2.7540E-02 -2.2735E+00
  3.6572E-01  5.2148E-01 -8.6064E-05  2.3087E-01  2.2418E+00  2.7631E-02 -2.2383E+00
  3.6715E-01  5.2832E-01 -8.9126E-05  2.2771E-01  2.2072E+00  2.7715E-02 -2.2036E+00
  3.6853E-01  5.3491E-01 -9.2083E-05  2.2469E-01  2.1743E+00  2.7785E-02 -2.1706E+00
  3.6992E-01  5.4150E-01 -9.5048E-05  2.2169E-01  2.1415E+00  2.7842E-02 -2.1378E+00
  3.7132E-01  5.4809E-01 -9.8025E-05  2.1871E-01  2.1084E+00  2.7884E-02 -2.1047E+00
  3.7274E-01  5.5469E-01 -1.0102E-04  2.1576E-01  2.0747E+00  2.7913E-02 -2.0708E+00
  3.7410E-01  5.6103E-01 -1.0393E-04  2.1295E-01  2.0410E+00  2.7928E-02 -2.0371E+00
  3.7553E-01  5.6762E-01 -1.0699E-04  2.1006E-01  2.0041E+00  2.7937E-02 -2.0002E+00
  3.7692E-01  5.7397E-01 -1.0998E-04  2.0731E-01  1.9662E+00  2.7943E-02 -1.9622E+00
  3.7831E-01  5.8032E-01 -1.1303E-04  2.0461E-01  1.9252E+00  2.7951E-02 -1.9211E+00
  3.7972E-01  5.8667E-01 -1.1616E-04  2.0194E-01  1.8801E+00  2.7977E-02 -1.8759E+00
  3.8113E-01  5.9302E-01 -1.1939E-04  1.9934E-01  1.8296E+00  2.8054E-02 -1.8252E+00
  3.8254E-01  5.9936E-01 -1.2275E-04  1.9679E-01  1.7722E+00  2.8239E-02 -1.7675E+00
  3.8391E-01  6.0547E-01 -1.2613E-04  1.9441E-01  1.7088E+00  2.8586E-02 -1.7039E+00
  3.8534E-01  6.1181E-01 -1.2985E-04  1.9203E-01  1.6333E+00  2.9170E-02 -1.6279E+00
  3.8672E-01  6.1792E-01 -1.3365E-04  1.8984E-01  1.5506E+00  2.9961E-02 -1.5445E+00
  3.8811E-01  6.2402E-01 -1.3768E-04  1.8776E-01  1.4577E+00  3.0954E-02 -1.4508E+00
  3.8956E-01  6.3037E-01 -1.4214E-04  1.8573E-01  1.3510E+00  3.2094E-02 -1.3430E+00
  3.9095E-01  6.3647E-01 -1.4669E-04  1.8393E-01  1.2409E+00  3.3082E-02 -1.2316E+00
  3.9235E-01  6.4258E-01 -1.5144E-04  1.8229E-01  1.1270E+00  3.3732E-02 -1.1163E+00
  3.9376E-01  6.4868E-01 -1.5636E-04  1.8080E-01  1.0140E+00  3.3906E-02 -1.0019E+00
  3.9511E-01  6.5454E-01 -1.6116E-04  1.7952E-01  9.1096E-01  3.3636E-02 -8.9759E-01
  3.9652E-01  6.6064E-01 -1.6620E-04  1.7833E-01  8.1315E-01  3.3028E-02 -7.9861E-01
  3.9793E-01  6.6675E-01 -1.7121E-04  1.7726E-01  7.2775E-01  3.2273E-02 -7.1213E-01
  3.9934E-01  6.7285E-01 -1.7615E-04  1.7631E-01  6.5580E-01  3.1542E-02 -6.3912E-01
  4.0075E-01  6.7895E-01 -1.8102E-04  1.7545E-01  5.9686E-01  3.0940E-02 -5.7909E-01
  4.0211E-01  6.8481E-01 -1.8561E-04  1.7470E-01  5.5122E-01  3.0511E-02 -5.3236E-01
  4.0353E-01  6.9092E-01 -1.9032E-04  1.7397E-01  5.1330E-01  3.0207E-02 -4.9329E-01
  4.0495E-01  6.9702E-01 -1.9498E-04  1.7329E-01  4.8335E-01  3.0016E-02 -4.6221E-01
  4.0631E-01  7.0288E-01 -1.9940E-04  1.7268E-01  4.6055E-01  2.9910E-02 -4.3835E-01
  4.0773E-01  7.0898E-01 -2.0398E-04  1.7207E-01  4.4163E-01  2.9853E-02 -4.1839E-01
  4.0914E-01  7.1509E-01 -2.0853E-04  1.7149E-01  4.2656E-01  2.9834E-02 -4.0235E-01
  4.1051E-01  7.2095E-01 -2.1289E-04  1.7095E-01  4.1490E-01  2.9840E-02 -3.8982E-01
  4.1193E-01  7.2705E-01 -2.1743E-04  1.7041E-01  4.0504E-01  2.9861E-02 -3.7911E-01
  4.1334E-01  7.3315E-01 -2.2196E-04  1.6988E-01  3.9700E-01  2.9894E-02 -3.7030E-01
  4.1471E-01  7.3901E-01 -2.2631E-04  1.6938E-01  3.9063E-01  2.9932E-02 -3.6324E-01
  4.1613E-01  7.4512E-01 -2.3084E-04  1.6887E-01  3.8511E-01  2.9976E-02 -3.5705E-01
  4.1755E-01  7.5122E-01 -2.3538E-04  1.6836E-01  3.8049E-01  3.0024E-02 -3.5181E-01
  4.1891E-01  7.5708E-01 -2.3974E-04  1.6789E-01  3.7675E-01  3.0072E-02 -3.4750E-01
  4.2033E-01  7.6318E-01 -2.4429E-04  1.6740E-01  3.7342E-01  3.0124E-02 -3.4361E-01
  4.2175E-01  7.6929E-01 -2.4885E-04  1.6691E-01  3.7056E-01  3.0176E-02 -3.4022E-01
  4.2311E-01  7.7514E-01 -2.5323E-04  1.6645E-01  3.6817E-01  3.0228E-02 -3.3734E-01
  4.2453E-01  7.8125E-01 -2.5781E-04  1.6597E-01  3.6600E-01  3.0281E-02 -3.3466E-01
  4.2596E-01  7.8735E-01 -2.6240E-04  1.6550E-01  3.6407E-01  3.0335E-02 -3.3226E-01
  4.2732E-01  7.9321E-01 -2.6681E-04  1.6505E-01  3.6243E-01  3.0387E-02 -3.3016E-01
  4.2874E-01  7.9931E-01 -2.7142E-04  1.6458E-01  3.6088E-01  3.0441E-02 -3.2815E-01
  4.3010E-01  8.0517E-01 -2.7585E-04  1.6413E-01  3.5953E-01  3.0493E-02 -3.2637E-01
  4.3152E-01  8.1128E-01 -2.8047E-04  1.6367E-01  3.5825E-01  3.0547E-02 -3.2464E-01
  4.3294E-01  8.1738E-01 -2.8511E-04  1.6321E-01  3.5708E-01  3.0601E-02 -3.2302E-01
  4.3431E-01  8.2324E-01 -2.8957E-04  1.6277E-01  3.5604E-01  3.0652E-02 -3.2156E-01
  4.3573E-01  8.2934E-01 -2.9422E-04  1.6231E-01  3.5503E-01  3.0705E-02 -3.2011E-01
  4.3715E-01  8.3545E-01 -2.9889E-04  1.6186E-01  3.5410E-01  3.0758E-02 -3.1874E-01
  4.3851E-01  8.4131E-01 -3.0338E-04  1.6143E-01  3.5326E-01  3.0808E-02 -3.1749E-01
  4.3993E-01  8.4741E-01 -3.0806E-04  1.6098E-01  3.5244E-01  3.0860E-02 -3.1624E-01
  4.4136E-01  8.5351E-01 -3.1275E-04  1.6053E-01  3.5167E-01  3.0912E-02 -3.1504E-01
  4.4272E-01  8.5937E-01 -3.1726E-04  1.6010E-01  3.5098E-01  3.0961E-02 -3.1394E-01
  4.4414E-01  8.6548E-01 -3.2197E-04  1.5965E-01  3.5030E-01  3.1012E-02 -3.1283E-01
  4.4700E-01  8.7776E-01 -3.3147E-04  1.5876E-01  3.4906E-01  3.1113E-02 -3.1073E-01
