  3.0830E-01  7.5437E-02  4.2926E-05  3.9959E-01  6.9488E-01  8.7361E-03 -6.6850E-01
  3.0970E-01  1.0888E-01  4.1338E-05  3.9812E-01  1.4256E+00  1.5194E-02 -1.4071E+00
  3.1111E-01  1.3452E-01  3.9788E-05  3.9569E-01  2.0372E+00  1.9523E-02 -2.0232E+00
  3.1251E-01  1.5576E-01  3.8222E-05  3.9252E-01  2.5171E+00  2.2210E-02 -2.5061E+00
  3.1390E-01  1.7456E-01  3.6531E-05  3.8874E-01  2.8900E+00  2.3747E-02 -2.8812E+00
  3.1531E-01  1.9165E-01  3.4659E-05  3.8448E-01  3.1712E+00  2.4478E-02 -3.1641E+00
  3.1671E-01  2.0727E-01  3.2602E-05  3.7990E-01  3.3742E+00  2.4699E-02 -3.3683E+00
  3.1812E-01  2.2192E-01  3.0337E-05  3.7504E-01  3.5172E+00  2.4654E-02 -3.5122E+00
  3.1953E-01  2.3559E-01  2.7912E-05  3.7004E-01  3.6118E+00  2.4482E-02 -3.6075E+00
  3.2090E-01  2.4829E-01  2.5388E-05  3.6503E-01  3.6690E+00  2.4241E-02 -3.6653E+00
  3.2232E-01  2.6074E-01  2.2656E-05  3.5981E-01  3.6991E+00  2.3950E-02 -3.6957E+00
  3.2371E-01  2.7246E-01  1.9856E-05  3.5464E-01  3.7059E+00  2.3648E-02 -3.7029E+00
  3.2511E-01  2.8369E-01  1.6966E-05  3.4949E-01  3.6949E+00  2.3356E-02 -3.6921E+00
  3.2652E-01  2.9468E-01  1.3948E-05  3.4428E-01  3.6693E+00  2.3086E-02 -3.6667E+00
  3.2792E-01  3.0517E-01  1.0895E-05  3.3917E-01  3.6329E+00  2.2861E-02 -3.6304E+00
  3.2930E-01  3.1518E-01  7.8380E-06  3.3420E-01  3.5888E+00  2.2684E-02 -3.5865E+00
  3.3072E-01  3.2519E-01  4.6472E-06  3.2915E-01  3.5372E+00  2.2546E-02 -3.5349E+00
  3.3211E-01  3.3471E-01  1.4967E-06  3.2428E-01  3.4821E+00  2.2449E-02 -3.4800E+00
  3.3353E-01  3.4424E-01 -1.7581E-06  3.1937E-01  3.4224E+00  2.2386E-02 -3.4203E+00
  3.3491E-01  3.5327E-01 -4.9355E-06  3.1468E-01  3.3622E+00  2.2354E-02 -3.3601E+00
  3.3633E-01  3.6230E-01 -8.1930E-06  3.0997E-01  3.2994E+00  2.2347E-02 -3.2973E+00
  3.3773E-01  3.7109E-01 -1.1433E-05  3.0538E-01  3.2363E+00  2.2366E-02 -3.2342E+00
  3.3913E-01  3.7964E-01 -1.4644E-05  3.0091E-01  3.1737E+00  2.2405E-02 -3.1717E+00
  3.4051E-01  3.8794E-01 -1.7814E-05  2.9658E-01  3.1122E+00  2.2463E-02 -3.1102E+00
  3.4191E-01  3.9624E-01 -2.1029E-05  2.9225E-01  3.0504E+00  2.2535E-02 -3.0484E+00
  3.4334E-01  4.0454E-01 -2.4283E-05  2.8794E-01  2.9888E+00  2.2621E-02 -2.9868E+00
  3.4470E-01  4.1235E-01 -2.7378E-05  2.8390E-01  2.9312E+00  2.2712E-02 -2.9291E+00
  3.4613E-01  4.2041E-01 -3.0597E-05  2.7976E-01  2.8725E+00  2.2814E-02 -2.8704E+00
  3.4754E-01  4.2822E-01 -3.3741E-05  2.7576E-01  2.8164E+00  2.2919E-02 -2.8143E+00
  3.4892E-01  4.3579E-01 -3.6805E-05  2.7191E-01  2.7631E+00  2.3027E-02 -2.7609E+00
  3.5032E-01  4.4336E-01 -3.9884E-05  2.6808E-01  2.7109E+00  2.3138E-02 -2.7087E+00
  3.5174E-01  4.5093E-01 -4.2975E-05  2.6428E-01  2.6598E+00  2.3251E-02 -2.6576E+00
  3.5313E-01  4.5825E-01 -4.5975E-05  2.6062E-01  2.6117E+00  2.3364E-02 -2.6094E+00
  3.5453E-01  4.6557E-01 -4.8982E-05  2.5699E-01  2.5648E+00  2.3477E-02 -2.5625E+00
  3.5590E-01  4.7265E-01 -5.1892E-05  2.5351E-01  2.5208E+00  2.3588E-02 -2.5184E+00
  3.5733E-01  4.7998E-01 -5.4906E-05  2.4993E-01  2.4765E+00  2.3702E-02 -2.4741E+00
  3.5873E-01  4.8706E-01 -5.7819E-05  2.4650E-01  2.4351E+00  2.3810E-02 -2.4326E+00
  3.6015E-01  4.9414E-01 -6.0733E-05  2.4309E-01  2.3949E+00  2.3913E-02 -2.3924E+00
  3.6152E-01  5.0097E-01 -6.3547E-05  2.3982E-01  2.3571E+00  2.4008E-02 -2.3545E+00
  3.6291E-01  5.0781E-01 -6.6361E-05  2.3658E-01  2.3202E+00  2.4098E-02 -2.3176E+00
  3.6431E-01  5.1465E-01 -6.9175E-05  2.3336E-01  2.2842E+00  2.4185E-02 -2.2816E+00
  3.6572E-01  5.2148E-01 -7.1990E-05  2.3016E-01  2.2490E+00  2.4266E-02 -2.2463E+00
  3.6715E-01  5.2832E-01 -7.4808E-05  2.2699E-01  2.2143E+00  2.4341E-02 -2.2116E+00
  3.6853E-01  5.3491E-01 -7.7529E-05  2.2395E-01  2.1813E+00  2.4402E-02 -2.1785E+00
  3.6992E-01  5.4150E-01 -8.0256E-05  2.2094E-01  2.1484E+00  2.4449E-02 -2.1456E+00
  3.7132E-01  5.4809E-01 -8.2994E-05  2.1795E-01  2.1153E+00  2.4480E-02 -2.1124E+00
  3.7274E-01  5.5469E-01 -8.5750E-05  2.1499E-01  2.0815E+00  2.4497E-02 -2.0786E+00
  3.7410E-01  5.6103E-01 -8.8428E-05  2.1217E-01  2.0478E+00  2.4502E-02 -2.0448E+00
  3.7553E-01  5.6762E-01 -9.1245E-05  2.0927E-01  2.0109E+00  2.4500E-02 -2.0079E+00
  3.7692E-01  5.7397E-01 -9.4002E-05  2.0652E-01  1.9730E+00  2.4497E-02 -1.9699E+00
  3.7831E-01  5.8032E-01 -9.6818E-05  2.0380E-01  1.9320E+00  2.4499E-02 -1.9288E+00
  3.7972E-01  5.8667E-01 -9.9709E-05  2.0112E-01  1.8869E+00  2.4525E-02 -1.8836E+00
  3.8113E-01  5.9302E-01 -1.0270E-04  1.9850E-01  1.8365E+00  2.4612E-02 -1.8331E+00
  3.8254E-01  5.9936E-01 -1.0582E-04  1.9595E-01  1.7791E+00  2.4824E-02 -1.7755E+00
  3.8391E-01  6.0547E-01 -1.0897E-04  1.9356E-01  1.7158E+00  2.5217E-02 -1.7120E+00
  3.8534E-01  6.1181E-01 -1.1243E-04  1.9116E-01  1.6405E+00  2.5873E-02 -1.6362E+00
  3.8672E-01  6.1792E-01 -1.1598E-04  1.8896E-01  1.5579E+00  2.6751E-02 -1.5531E+00
  3.8811E-01  6.2402E-01 -1.1975E-04  1.8687E-01  1.4653E+00  2.7843E-02 -1.4597E+00
  3.8956E-01  6.3037E-01 -1.2393E-04  1.8483E-01  1.3590E+00  2.9078E-02 -1.3524E+00
  3.9095E-01  6.3647E-01 -1.2818E-04  1.8302E-01  1.2492E+00  3.0131E-02 -1.2414E+00
  3.9235E-01  6.4258E-01 -1.3263E-04  1.8136E-01  1.1356E+00  3.0808E-02 -1.1266E+00
  3.9376E-01  6.4868E-01 -1.3723E-04  1.7986E-01  1.0229E+00  3.0966E-02 -1.0128E+00
  3.9511E-01  6.5454E-01 -1.4172E-04  1.7856E-01  9.2011E-01  3.0648E-02 -9.0902E-01
  3.9652E-01  6.6064E-01 -1.4640E-04  1.7735E-01  8.2250E-01  2.9963E-02 -8.1056E-01
  3.9793E-01  6.6675E-01 -1.5105E-04  1.7627E-01  7.3722E-01  2.9120E-02 -7.2455E-01
  3.9934E-01  6.7285E-01 -1.5562E-04  1.7530E-01  6.6532E-01  2.8305E-02 -6.5196E-01
  4.0075E-01  6.7895E-01 -1.6010E-04  1.7442E-01  6.0636E-01  2.7630E-02 -5.9229E-01
  4.0211E-01  6.8481E-01 -1.6432E-04  1.7365E-01  5.6066E-01  2.7147E-02 -5.4586E-01
  4.0353E-01  6.9092E-01 -1.6864E-04  1.7290E-01  5.2263E-01  2.6801E-02 -5.0705E-01
  4.0495E-01  6.9702E-01 -1.7289E-04  1.7221E-01  4.9257E-01  2.6580E-02 -4.7618E-01
  4.0631E-01  7.0288E-01 -1.7692E-04  1.7158E-01  4.6965E-01  2.6454E-02 -4.5250E-01
  4.0773E-01  7.0898E-01 -1.8108E-04  1.7095E-01  4.5062E-01  2.6383E-02 -4.3271E-01
  4.0914E-01  7.1509E-01 -1.8522E-04  1.7035E-01  4.3543E-01  2.6354E-02 -4.1680E-01
  4.1051E-01  7.2095E-01 -1.8918E-04  1.6979E-01  4.2367E-01  2.6352E-02 -4.0440E-01
  4.1193E-01  7.2705E-01 -1.9329E-04  1.6922E-01  4.1371E-01  2.6368E-02 -3.9381E-01
  4.1334E-01  7.3315E-01 -1.9739E-04  1.6867E-01  4.0558E-01  2.6395E-02 -3.8509E-01
  4.1471E-01  7.3901E-01 -2.0133E-04  1.6815E-01  3.9914E-01  2.6430E-02 -3.7812E-01
  4.1613E-01  7.4512E-01 -2.0544E-04  1.6762E-01  3.9355E-01  2.6472E-02 -3.7202E-01
  4.1755E-01  7.5122E-01 -2.0954E-04  1.6709E-01  3.8888E-01  2.6517E-02 -3.6687E-01
  4.1891E-01  7.5708E-01 -2.1349E-04  1.6659E-01  3.8508E-01  2.6563E-02 -3.6263E-01
  4.2033E-01  7.6318E-01 -2.1761E-04  1.6608E-01  3.8170E-01  2.6613E-02 -3.5881E-01
  4.2175E-01  7.6929E-01 -2.2173E-04  1.6558E-01  3.7880E-01  2.6664E-02 -3.5549E-01
  4.2311E-01  7.7514E-01 -2.2570E-04  1.6509E-01  3.7637E-01  2.6714E-02 -3.5268E-01
  4.2453E-01  7.8125E-01 -2.2984E-04  1.6459E-01  3.7416E-01  2.6766E-02 -3.5007E-01
  4.2596E-01  7.8735E-01 -2.3398E-04  1.6410E-01  3.7220E-01  2.6819E-02 -3.4774E-01
  4.2732E-01  7.9321E-01 -2.3797E-04  1.6363E-01  3.7052E-01  2.6870E-02 -3.4570E-01
  4.2874E-01  7.9931E-01 -2.4214E-04  1.6314E-01  3.6894E-01  2.6924E-02 -3.4375E-01
  4.3010E-01  8.0517E-01 -2.4614E-04  1.6267E-01  3.6757E-01  2.6975E-02 -3.4202E-01
  4.3152E-01  8.1128E-01 -2.5033E-04  1.6218E-01  3.6626E-01  2.7029E-02 -3.4035E-01
  4.3294E-01  8.1738E-01 -2.5452E-04  1.6170E-01  3.6506E-01  2.7083E-02 -3.3879E-01
  4.3431E-01  8.2324E-01 -2.5855E-04  1.6124E-01  3.6399E-01  2.7135E-02 -3.3739E-01
  4.3573E-01  8.2934E-01 -2.6276E-04  1.6076E-01  3.6296E-01  2.7188E-02 -3.3600E-01
  4.3715E-01  8.3545E-01 -2.6698E-04  1.6028E-01  3.6200E-01  2.7242E-02 -3.3469E-01
  4.3851E-01  8.4131E-01 -2.7104E-04  1.5983E-01  3.6114E-01  2.7293E-02 -3.3349E-01
  4.3993E-01  8.4741E-01 -2.7527E-04  1.5936E-01  3.6030E-01  2.7345E-02 -3.3230E-01
  4.4136E-01  8.5351E-01 -2.7952E-04  1.5888E-01  3.5951E-01  2.7398E-02 -3.3116E-01
  4.4272E-01  8.5937E-01 -2.8360E-04  1.5843E-01  3.5880E-01  2.7448E-02 -3.3011E-01
  4.4414E-01  8.6548E-01 -2.8786E-04  1.5797E-01  3.5810E-01  2.7499E-02 -3.2906E-01
  4.4700E-01  8.7776E-01 -2.9647E-04  1.5703E-01  3.5682E-01  2.7602E-02 -3.2707E-01
