  3.0830E-01  7.5437E-02  5.9554E-05  3.9959E-01  6.9040E-01  9.1436E-03 -6.6124E-01
  3.0970E-01  1.0888E-01  6.0989E-05  3.9814E-01  1.4223E+00  1.5698E-02 -1.4026E+00
  3.1111E-01  1.3452E-01  6.2335E-05  3.9570E-01  2.0350E+00  2.0099E-02 -2.0202E+00
  3.1251E-01  1.5576E-01  6.3487E-05  3.9254E-01  2.5156E+00  2.2853E-02 -2.5040E+00
  3.1390E-01  1.7456E-01  6.4444E-05  3.8877E-01  2.8890E+00  2.4457E-02 -2.8797E+00
  3.1531E-01  1.9165E-01  6.5196E-05  3.8451E-01  3.1705E+00  2.5254E-02 -3.1630E+00
  3.1671E-01  2.0727E-01  6.5741E-05  3.7993E-01  3.3738E+00  2.5536E-02 -3.3675E+00
  3.1812E-01  2.2192E-01  6.6102E-05  3.7507E-01  3.5169E+00  2.5547E-02 -3.5115E+00
  3.1953E-01  2.3559E-01  6.6296E-05  3.7007E-01  3.6116E+00  2.5425E-02 -3.6070E+00
  3.2090E-01  2.4829E-01  6.6348E-05  3.6506E-01  3.6689E+00  2.5229E-02 -3.6648E+00
  3.2232E-01  2.6074E-01  6.6279E-05  3.5984E-01  3.6990E+00  2.4978E-02 -3.6953E+00
  3.2371E-01  2.7246E-01  6.6104E-05  3.5468E-01  3.7059E+00  2.4711E-02 -3.7026E+00
  3.2511E-01  2.8369E-01  6.5838E-05  3.4952E-01  3.6949E+00  2.4445E-02 -3.6919E+00
  3.2652E-01  2.9468E-01  6.5489E-05  3.4432E-01  3.6694E+00  2.4196E-02 -3.6665E+00
  3.2792E-01  3.0517E-01  6.5076E-05  3.3921E-01  3.6330E+00  2.3986E-02 -3.6303E+00
  3.2930E-01  3.1518E-01  6.4614E-05  3.3423E-01  3.5890E+00  2.3819E-02 -3.5865E+00
  3.3072E-01  3.2519E-01  6.4091E-05  3.2918E-01  3.5374E+00  2.3687E-02 -3.5350E+00
  3.3211E-01  3.3471E-01  6.3542E-05  3.2432E-01  3.4824E+00  2.3594E-02 -3.4800E+00
  3.3353E-01  3.4424E-01  6.2946E-05  3.1941E-01  3.4227E+00  2.3531E-02 -3.4204E+00
  3.3491E-01  3.5327E-01  6.2342E-05  3.1472E-01  3.3626E+00  2.3496E-02 -3.3603E+00
  3.3633E-01  3.6230E-01  6.1704E-05  3.1001E-01  3.2998E+00  2.3484E-02 -3.2975E+00
  3.3773E-01  3.7109E-01  6.1054E-05  3.0542E-01  3.2367E+00  2.3494E-02 -3.2345E+00
  3.3913E-01  3.7964E-01  6.0398E-05  3.0095E-01  3.1742E+00  2.3524E-02 -3.1720E+00
  3.4051E-01  3.8794E-01  5.9741E-05  2.9662E-01  3.1127E+00  2.3571E-02 -3.1105E+00
  3.4191E-01  3.9624E-01  5.9067E-05  2.9229E-01  3.0510E+00  2.3632E-02 -3.0488E+00
  3.4334E-01  4.0454E-01  5.8379E-05  2.8798E-01  2.9894E+00  2.3707E-02 -2.9871E+00
  3.4470E-01  4.1235E-01  5.7722E-05  2.8394E-01  2.9318E+00  2.3787E-02 -2.9296E+00
  3.4613E-01  4.2041E-01  5.7036E-05  2.7979E-01  2.8731E+00  2.3878E-02 -2.8708E+00
  3.4754E-01  4.2822E-01  5.6365E-05  2.7579E-01  2.8171E+00  2.3972E-02 -2.8148E+00
  3.4892E-01  4.3579E-01  5.5711E-05  2.7194E-01  2.7638E+00  2.4068E-02 -2.7614E+00
  3.5032E-01  4.4336E-01  5.5054E-05  2.6811E-01  2.7116E+00  2.4167E-02 -2.7092E+00
  3.5174E-01  4.5093E-01  5.4395E-05  2.6431E-01  2.6606E+00  2.4269E-02 -2.6582E+00
  3.5313E-01  4.5825E-01  5.3757E-05  2.6066E-01  2.6125E+00  2.4370E-02 -2.6100E+00
  3.5453E-01  4.6557E-01  5.3119E-05  2.5703E-01  2.5656E+00  2.4473E-02 -2.5631E+00
  3.5590E-01  4.7265E-01  5.2504E-05  2.5354E-01  2.5216E+00  2.4573E-02 -2.5191E+00
  3.5733E-01  4.7998E-01  5.1869E-05  2.4996E-01  2.4774E+00  2.4676E-02 -2.4748E+00
  3.5873E-01  4.8706E-01  5.1258E-05  2.4653E-01  2.4360E+00  2.4774E-02 -2.4333E+00
  3.6015E-01  4.9414E-01  5.0650E-05  2.4312E-01  2.3958E+00  2.4867E-02 -2.3931E+00
  3.6152E-01  5.0097E-01  5.0064E-05  2.3985E-01  2.3580E+00  2.4953E-02 -2.3553E+00
  3.6291E-01  5.0781E-01  4.9480E-05  2.3661E-01  2.3212E+00  2.5035E-02 -2.3184E+00
  3.6431E-01  5.1465E-01  4.8898E-05  2.3339E-01  2.2852E+00  2.5112E-02 -2.2824E+00
  3.6572E-01  5.2148E-01  4.8318E-05  2.3019E-01  2.2500E+00  2.5185E-02 -2.2471E+00
  3.6715E-01  5.2832E-01  4.7738E-05  2.2701E-01  2.2154E+00  2.5250E-02 -2.2124E+00
  3.6853E-01  5.3491E-01  4.7178E-05  2.2398E-01  2.1824E+00  2.5303E-02 -2.1794E+00
  3.6992E-01  5.4150E-01  4.6618E-05  2.2097E-01  2.1495E+00  2.5341E-02 -2.1465E+00
  3.7132E-01  5.4809E-01  4.6054E-05  2.1798E-01  2.1164E+00  2.5364E-02 -2.1133E+00
  3.7274E-01  5.5469E-01  4.5485E-05  2.1502E-01  2.0826E+00  2.5371E-02 -2.0794E+00
  3.7410E-01  5.6103E-01  4.4929E-05  2.1219E-01  2.0489E+00  2.5365E-02 -2.0456E+00
  3.7553E-01  5.6762E-01  4.4341E-05  2.0929E-01  2.0120E+00  2.5350E-02 -2.0087E+00
  3.7692E-01  5.7397E-01  4.3760E-05  2.0654E-01  1.9741E+00  2.5333E-02 -1.9707E+00
  3.7831E-01  5.8032E-01  4.3161E-05  2.0382E-01  1.9330E+00  2.5318E-02 -1.9296E+00
  3.7972E-01  5.8667E-01  4.2539E-05  2.0114E-01  1.8879E+00  2.5322E-02 -1.8844E+00
  3.8112E-01  5.9302E-01  4.1887E-05  1.9852E-01  1.8374E+00  2.5379E-02 -1.8337E+00
  3.8254E-01  5.9936E-01  4.1199E-05  1.9596E-01  1.7799E+00  2.5549E-02 -1.7761E+00
  3.8391E-01  6.0547E-01  4.0496E-05  1.9357E-01  1.7166E+00  2.5885E-02 -1.7125E+00
  3.8534E-01  6.1181E-01  3.9717E-05  1.9118E-01  1.6410E+00  2.6466E-02 -1.6366E+00
  3.8672E-01  6.1792E-01  3.8917E-05  1.8897E-01  1.5584E+00  2.7263E-02 -1.5534E+00
  3.8811E-01  6.2402E-01  3.8072E-05  1.8688E-01  1.4656E+00  2.8267E-02 -1.4599E+00
  3.8955E-01  6.3037E-01  3.7152E-05  1.8485E-01  1.3592E+00  2.9411E-02 -1.3524E+00
  3.9095E-01  6.3647E-01  3.6241E-05  1.8303E-01  1.2492E+00  3.0389E-02 -1.2413E+00
  3.9235E-01  6.4258E-01  3.5325E-05  1.8138E-01  1.1356E+00  3.1010E-02 -1.1265E+00
  3.9376E-01  6.4868E-01  3.4428E-05  1.7987E-01  1.0230E+00  3.1138E-02 -1.0127E+00
  3.9511E-01  6.5454E-01  3.3610E-05  1.7858E-01  9.2024E-01  3.0813E-02 -9.0903E-01
  3.9651E-01  6.6064E-01  3.2825E-05  1.7737E-01  8.2277E-01  3.0145E-02 -8.1069E-01
  3.9793E-01  6.6675E-01  3.2122E-05  1.7628E-01  7.3768E-01  2.9338E-02 -7.2483E-01
  3.9934E-01  6.7285E-01  3.1510E-05  1.7531E-01  6.6599E-01  2.8571E-02 -6.5239E-01
  4.0075E-01  6.7895E-01  3.0987E-05  1.7443E-01  6.0724E-01  2.7948E-02 -5.9286E-01
  4.0211E-01  6.8481E-01  3.0559E-05  1.7366E-01  5.6173E-01  2.7512E-02 -5.4656E-01
  4.0353E-01  6.9092E-01  3.0181E-05  1.7292E-01  5.2388E-01  2.7207E-02 -5.0786E-01
  4.0495E-01  6.9702E-01  2.9859E-05  1.7222E-01  4.9397E-01  2.7019E-02 -4.7708E-01
  4.0631E-01  7.0288E-01  2.9592E-05  1.7159E-01  4.7118E-01  2.6916E-02 -4.5348E-01
  4.0773E-01  7.0898E-01  2.9349E-05  1.7096E-01  4.5226E-01  2.6862E-02 -4.3375E-01
  4.0914E-01  7.1509E-01  2.9134E-05  1.7035E-01  4.3717E-01  2.6844E-02 -4.1791E-01
  4.1051E-01  7.2095E-01  2.8947E-05  1.6979E-01  4.2549E-01  2.6849E-02 -4.0556E-01
  4.1193E-01  7.2705E-01  2.8769E-05  1.6922E-01  4.1560E-01  2.6868E-02 -3.9501E-01
  4.1334E-01  7.3315E-01  2.8604E-05  1.6867E-01  4.0753E-01  2.6896E-02 -3.8634E-01
  4.1471E-01  7.3901E-01  2.8455E-05  1.6815E-01  4.0114E-01  2.6930E-02 -3.7942E-01
  4.1613E-01  7.4512E-01  2.8307E-05  1.6761E-01  3.9560E-01  2.6968E-02 -3.7335E-01
  4.1755E-01  7.5122E-01  2.8166E-05  1.6709E-01  3.9097E-01  2.7010E-02 -3.6823E-01
  4.1891E-01  7.5708E-01  2.8035E-05  1.6659E-01  3.8721E-01  2.7050E-02 -3.6403E-01
  4.2033E-01  7.6318E-01  2.7902E-05  1.6607E-01  3.8386E-01  2.7094E-02 -3.6025E-01
  4.2175E-01  7.6929E-01  2.7771E-05  1.6557E-01  3.8099E-01  2.7139E-02 -3.5697E-01
  4.2311E-01  7.7514E-01  2.7648E-05  1.6508E-01  3.7860E-01  2.7182E-02 -3.5419E-01
  4.2453E-01  7.8125E-01  2.7522E-05  1.6458E-01  3.7641E-01  2.7228E-02 -3.5161E-01
  4.2596E-01  7.8735E-01  2.7396E-05  1.6408E-01  3.7448E-01  2.7274E-02 -3.4930E-01
  4.2732E-01  7.9321E-01  2.7276E-05  1.6361E-01  3.7282E-01  2.7318E-02 -3.4730E-01
  4.2874E-01  7.9931E-01  2.7152E-05  1.6311E-01  3.7127E-01  2.7363E-02 -3.4538E-01
  4.3010E-01  8.0517E-01  2.7033E-05  1.6265E-01  3.6991E-01  2.7407E-02 -3.4369E-01
  4.3152E-01  8.1128E-01  2.6909E-05  1.6216E-01  3.6863E-01  2.7453E-02 -3.4205E-01
  4.3294E-01  8.1738E-01  2.6785E-05  1.6167E-01  3.6745E-01  2.7498E-02 -3.4053E-01
  4.3431E-01  8.2324E-01  2.6666E-05  1.6121E-01  3.6641E-01  2.7542E-02 -3.3915E-01
  4.3573E-01  8.2934E-01  2.6542E-05  1.6073E-01  3.6540E-01  2.7586E-02 -3.3780E-01
  4.3715E-01  8.3545E-01  2.6418E-05  1.6025E-01  3.6446E-01  2.7631E-02 -3.3652E-01
  4.3851E-01  8.4131E-01  2.6298E-05  1.5979E-01  3.6361E-01  2.7674E-02 -3.3535E-01
  4.3993E-01  8.4741E-01  2.6172E-05  1.5932E-01  3.6279E-01  2.7718E-02 -3.3419E-01
  4.4135E-01  8.5351E-01  2.6046E-05  1.5884E-01  3.6202E-01  2.7761E-02 -3.3308E-01
  4.4272E-01  8.5937E-01  2.5925E-05  1.5839E-01  3.6133E-01  2.7803E-02 -3.3206E-01
  4.4414E-01  8.6548E-01  2.5798E-05  1.5792E-01  3.6065E-01  2.7846E-02 -3.3105E-01
  4.4700E-01  8.7776E-01  2.5540E-05  1.5697E-01  3.5941E-01  2.7930E-02 -3.2913E-01
