  3.0830E-01  7.5405E-02  4.2159E-05  3.9962E-01  6.7626E-01  9.5557E-03 -6.4363E-01
  3.0970E-01  1.0885E-01  3.9754E-05  3.9819E-01  1.4045E+00  1.6230E-02 -1.3830E+00
  3.1111E-01  1.3449E-01  3.7450E-05  3.9578E-01  2.0163E+00  2.0712E-02 -2.0004E+00
  3.1250E-01  1.5573E-01  3.5203E-05  3.9265E-01  2.4970E+00  2.3528E-02 -2.4846E+00
  3.1390E-01  1.7453E-01  3.2867E-05  3.8890E-01  2.8708E+00  2.5190E-02 -2.8609E+00
  3.1531E-01  1.9162E-01  3.0375E-05  3.8467E-01  3.1531E+00  2.6050E-02 -3.1450E+00
  3.1671E-01  2.0724E-01  2.7726E-05  3.8011E-01  3.3570E+00  2.6402E-02 -3.3503E+00
  3.1812E-01  2.2189E-01  2.4888E-05  3.7528E-01  3.5008E+00  2.6488E-02 -3.4951E+00
  3.1952E-01  2.3556E-01  2.1917E-05  3.7030E-01  3.5962E+00  2.6442E-02 -3.5912E+00
  3.2092E-01  2.4850E-01  1.8821E-05  3.6522E-01  3.6550E+00  2.6317E-02 -3.6506E+00
  3.2232E-01  2.6071E-01  1.5655E-05  3.6012E-01  3.6848E+00  2.6148E-02 -3.6808E+00
  3.2371E-01  2.7243E-01  1.2394E-05  3.5497E-01  3.6922E+00  2.5960E-02 -3.6886E+00
  3.2510E-01  2.8366E-01  9.0698E-06  3.4984E-01  3.6817E+00  2.5774E-02 -3.6783E+00
  3.2652E-01  2.9464E-01  5.6352E-06  3.4465E-01  3.6566E+00  2.5607E-02 -3.6534E+00
  3.2792E-01  3.0514E-01  2.1905E-06  3.3956E-01  3.6207E+00  2.5474E-02 -3.6176E+00
  3.2933E-01  3.1540E-01 -1.3187E-06  3.3448E-01  3.5759E+00  2.5377E-02 -3.5730E+00
  3.3072E-01  3.2516E-01 -4.7844E-06  3.2957E-01  3.5257E+00  2.5320E-02 -3.5229E+00
  3.3210E-01  3.3468E-01 -8.2710E-06  3.2472E-01  3.4710E+00  2.5293E-02 -3.4683E+00
  3.3353E-01  3.4420E-01 -1.1853E-05  3.1983E-01  3.4116E+00  2.5293E-02 -3.4089E+00
  3.3491E-01  3.5324E-01 -1.5334E-05  3.1515E-01  3.3517E+00  2.5318E-02 -3.3491E+00
  3.3632E-01  3.6227E-01 -1.8888E-05  3.1046E-01  3.2891E+00  2.5364E-02 -3.2865E+00
  3.3773E-01  3.7106E-01 -2.2410E-05  3.0588E-01  3.2263E+00  2.5429E-02 -3.2237E+00
  3.3912E-01  3.7961E-01 -2.5888E-05  3.0143E-01  3.1639E+00  2.5509E-02 -3.1613E+00
  3.4050E-01  3.8791E-01 -2.9312E-05  2.9711E-01  3.1026E+00  2.5602E-02 -3.1000E+00
  3.4191E-01  3.9621E-01 -3.2775E-05  2.9280E-01  3.0411E+00  2.5708E-02 -3.0384E+00
  3.4333E-01  4.0451E-01 -3.6273E-05  2.8851E-01  2.9796E+00  2.5824E-02 -2.9769E+00
  3.4474E-01  4.1256E-01 -3.9697E-05  2.8435E-01  2.9204E+00  2.5944E-02 -2.9177E+00
  3.4613E-01  4.2038E-01 -4.3041E-05  2.8035E-01  2.8636E+00  2.6068E-02 -2.8608E+00
  3.4754E-01  4.2819E-01 -4.6404E-05  2.7636E-01  2.8076E+00  2.6196E-02 -2.8049E+00
  3.4892E-01  4.3576E-01 -4.9677E-05  2.7252E-01  2.7544E+00  2.6323E-02 -2.7516E+00
  3.5032E-01  4.4333E-01 -5.2962E-05  2.6871E-01  2.7023E+00  2.6452E-02 -2.6995E+00
  3.5173E-01  4.5089E-01 -5.6258E-05  2.6492E-01  2.6514E+00  2.6583E-02 -2.6485E+00
  3.5312E-01  4.5822E-01 -5.9456E-05  2.6128E-01  2.6034E+00  2.6710E-02 -2.6004E+00
  3.5452E-01  4.6554E-01 -6.2660E-05  2.5766E-01  2.5566E+00  2.6838E-02 -2.5536E+00
  3.5594E-01  4.7287E-01 -6.5868E-05  2.5407E-01  2.5112E+00  2.6966E-02 -2.5081E+00
  3.5733E-01  4.7995E-01 -6.8971E-05  2.5063E-01  2.4685E+00  2.7088E-02 -2.4654E+00
  3.5873E-01  4.8703E-01 -7.2074E-05  2.4721E-01  2.4272E+00  2.7206E-02 -2.4240E+00
  3.6014E-01  4.9411E-01 -7.5178E-05  2.4381E-01  2.3870E+00  2.7320E-02 -2.3838E+00
  3.6152E-01  5.0094E-01 -7.8175E-05  2.4055E-01  2.3493E+00  2.7426E-02 -2.3460E+00
  3.6290E-01  5.0778E-01 -8.1173E-05  2.3732E-01  2.3126E+00  2.7526E-02 -2.3092E+00
  3.6430E-01  5.1461E-01 -8.4172E-05  2.3411E-01  2.2767E+00  2.7622E-02 -2.2732E+00
  3.6572E-01  5.2145E-01 -8.7173E-05  2.3093E-01  2.2415E+00  2.7714E-02 -2.2380E+00
  3.6714E-01  5.2829E-01 -9.0175E-05  2.2777E-01  2.2069E+00  2.7798E-02 -2.2033E+00
  3.6852E-01  5.3488E-01 -9.3073E-05  2.2474E-01  2.1740E+00  2.7868E-02 -2.1703E+00
  3.6991E-01  5.4147E-01 -9.5979E-05  2.2174E-01  2.1412E+00  2.7926E-02 -2.1375E+00
  3.7132E-01  5.4806E-01 -9.8895E-05  2.1877E-01  2.1081E+00  2.7969E-02 -2.1044E+00
  3.7273E-01  5.5465E-01 -1.0183E-04  2.1582E-01  2.0744E+00  2.7999E-02 -2.0705E+00
  3.7415E-01  5.6125E-01 -1.0479E-04  2.1290E-01  2.0394E+00  2.8017E-02 -2.0354E+00
  3.7553E-01  5.6759E-01 -1.0768E-04  2.1012E-01  2.0039E+00  2.8027E-02 -1.9999E+00
  3.7691E-01  5.7394E-01 -1.1062E-04  2.0737E-01  1.9660E+00  2.8035E-02 -1.9619E+00
  3.7831E-01  5.8029E-01 -1.1362E-04  2.0467E-01  1.9250E+00  2.8046E-02 -1.9208E+00
  3.7971E-01  5.8664E-01 -1.1670E-04  2.0200E-01  1.8799E+00  2.8074E-02 -1.8756E+00
  3.8112E-01  5.9298E-01 -1.1988E-04  1.9940E-01  1.8294E+00  2.8154E-02 -1.8250E+00
  3.8253E-01  5.9933E-01 -1.2319E-04  1.9685E-01  1.7720E+00  2.8343E-02 -1.7673E+00
  3.8390E-01  6.0544E-01 -1.2653E-04  1.9447E-01  1.7087E+00  2.8693E-02 -1.7037E+00
  3.8533E-01  6.1178E-01 -1.3021E-04  1.9209E-01  1.6332E+00  2.9280E-02 -1.6278E+00
  3.8671E-01  6.1789E-01 -1.3397E-04  1.8990E-01  1.5505E+00  3.0072E-02 -1.5444E+00
  3.8810E-01  6.2399E-01 -1.3797E-04  1.8782E-01  1.4577E+00  3.1067E-02 -1.4508E+00
  3.8955E-01  6.3034E-01 -1.4239E-04  1.8580E-01  1.3511E+00  3.2209E-02 -1.3430E+00
  3.9094E-01  6.3644E-01 -1.4691E-04  1.8400E-01  1.2409E+00  3.3200E-02 -1.2315E+00
  3.9234E-01  6.4254E-01 -1.5163E-04  1.8235E-01  1.1270E+00  3.3853E-02 -1.1162E+00
  3.9375E-01  6.4865E-01 -1.5652E-04  1.8087E-01  1.0140E+00  3.4030E-02 -1.0018E+00
  3.9516E-01  6.5475E-01 -1.6151E-04  1.7953E-01  9.0676E-01  3.3744E-02 -8.9324E-01
  3.9651E-01  6.6061E-01 -1.6632E-04  1.7839E-01  8.1299E-01  3.3155E-02 -7.9834E-01
  3.9792E-01  6.6671E-01 -1.7131E-04  1.7733E-01  7.2751E-01  3.2399E-02 -7.1177E-01
  3.9933E-01  6.7282E-01 -1.7623E-04  1.7637E-01  6.5548E-01  3.1667E-02 -6.3866E-01
  4.0075E-01  6.7892E-01 -1.8107E-04  1.7551E-01  5.9647E-01  3.1062E-02 -5.7855E-01
  4.0211E-01  6.8478E-01 -1.8564E-04  1.7476E-01  5.5077E-01  3.0630E-02 -5.3176E-01
  4.0352E-01  6.9088E-01 -1.9032E-04  1.7404E-01  5.1280E-01  3.0323E-02 -4.9263E-01
  4.0494E-01  6.9699E-01 -1.9494E-04  1.7336E-01  4.8281E-01  3.0130E-02 -4.6150E-01
  4.0630E-01  7.0285E-01 -1.9934E-04  1.7275E-01  4.5998E-01  3.0022E-02 -4.3760E-01
  4.0772E-01  7.0895E-01 -2.0388E-04  1.7214E-01  4.4105E-01  2.9965E-02 -4.1761E-01
  4.0914E-01  7.1505E-01 -2.0840E-04  1.7156E-01  4.2596E-01  2.9946E-02 -4.0154E-01
  4.1056E-01  7.2116E-01 -2.1290E-04  1.7100E-01  4.1385E-01  2.9951E-02 -3.8852E-01
  4.1192E-01  7.2702E-01 -2.1721E-04  1.7048E-01  4.0441E-01  2.9972E-02 -3.7827E-01
  4.1334E-01  7.3312E-01 -2.2170E-04  1.6995E-01  3.9636E-01  3.0005E-02 -3.6944E-01
  4.1470E-01  7.3898E-01 -2.2600E-04  1.6945E-01  3.8999E-01  3.0043E-02 -3.6236E-01
  4.1612E-01  7.4508E-01 -2.3049E-04  1.6894E-01  3.8446E-01  3.0088E-02 -3.5616E-01
  4.1754E-01  7.5119E-01 -2.3497E-04  1.6844E-01  3.7985E-01  3.0137E-02 -3.5091E-01
  4.1890E-01  7.5705E-01 -2.3929E-04  1.6796E-01  3.7610E-01  3.0186E-02 -3.4659E-01
  4.2032E-01  7.6315E-01 -2.4378E-04  1.6748E-01  3.7276E-01  3.0239E-02 -3.4269E-01
  4.2174E-01  7.6925E-01 -2.4828E-04  1.6699E-01  3.6990E-01  3.0293E-02 -3.3928E-01
  4.2311E-01  7.7511E-01 -2.5261E-04  1.6653E-01  3.6752E-01  3.0346E-02 -3.3640E-01
  4.2453E-01  7.8122E-01 -2.5713E-04  1.6605E-01  3.6534E-01  3.0401E-02 -3.3371E-01
  4.2595E-01  7.8732E-01 -2.6165E-04  1.6558E-01  3.6341E-01  3.0456E-02 -3.3130E-01
  4.2731E-01  7.9318E-01 -2.6601E-04  1.6513E-01  3.6176E-01  3.0509E-02 -3.2919E-01
  4.2873E-01  7.9928E-01 -2.7055E-04  1.6467E-01  3.6021E-01  3.0564E-02 -3.2718E-01
  4.3015E-01  8.0539E-01 -2.7510E-04  1.6420E-01  3.5881E-01  3.0619E-02 -3.2532E-01
  4.3152E-01  8.1125E-01 -2.7948E-04  1.6376E-01  3.5759E-01  3.0671E-02 -3.2365E-01
  4.3294E-01  8.1735E-01 -2.8406E-04  1.6330E-01  3.5641E-01  3.0725E-02 -3.2203E-01
  4.3430E-01  8.2321E-01 -2.8845E-04  1.6286E-01  3.5537E-01  3.0777E-02 -3.2056E-01
  4.3572E-01  8.2931E-01 -2.9305E-04  1.6241E-01  3.5436E-01  3.0831E-02 -3.1911E-01
  4.3714E-01  8.3542E-01 -2.9765E-04  1.6196E-01  3.5343E-01  3.0885E-02 -3.1774E-01
  4.3851E-01  8.4128E-01 -3.0207E-04  1.6152E-01  3.5259E-01  3.0935E-02 -3.1648E-01
  4.3993E-01  8.4738E-01 -3.0669E-04  1.6108E-01  3.5177E-01  3.0988E-02 -3.1522E-01
  4.4135E-01  8.5348E-01 -3.1132E-04  1.6063E-01  3.5100E-01  3.1041E-02 -3.1402E-01
  4.4271E-01  8.5934E-01 -3.1577E-04  1.6020E-01  3.5031E-01  3.1091E-02 -3.1291E-01
  4.4413E-01  8.6545E-01 -3.2041E-04  1.5976E-01  3.4963E-01  3.1143E-02 -3.1180E-01
  4.4700E-01  8.7776E-01 -3.2981E-04  1.5887E-01  3.4839E-01  3.1246E-02 -3.0968E-01
