  3.0830E-01  7.5437E-02  5.9019E-05  3.9953E-01  7.4108E-01  7.6625E-03 -7.2216E-01
  3.0970E-01  1.0888E-01  5.9860E-05  3.9798E-01  1.4760E+00  1.3773E-02 -1.4614E+00
  3.1110E-01  1.3427E-01  6.0654E-05  3.9550E-01  2.0814E+00  1.7855E-02 -2.0699E+00
  3.1251E-01  1.5576E-01  6.1321E-05  3.9224E-01  2.5655E+00  2.0386E-02 -2.5564E+00
  3.1390E-01  1.7456E-01  6.1814E-05  3.8839E-01  2.9366E+00  2.1720E-02 -2.9294E+00
  3.1531E-01  1.9165E-01  6.2127E-05  3.8406E-01  3.2160E+00  2.2228E-02 -3.2102E+00
  3.1671E-01  2.0727E-01  6.2261E-05  3.7942E-01  3.4172E+00  2.2209E-02 -3.4125E+00
  3.1812E-01  2.2192E-01  6.2230E-05  3.7449E-01  3.5584E+00  2.1910E-02 -3.5545E+00
  3.1953E-01  2.3559E-01  6.2055E-05  3.6944E-01  3.6514E+00  2.1481E-02 -3.6481E+00
  3.2090E-01  2.4829E-01  6.1762E-05  3.6438E-01  3.7072E+00  2.0985E-02 -3.7044E+00
  3.2232E-01  2.6074E-01  6.1352E-05  3.5910E-01  3.7358E+00  2.0430E-02 -3.7334E+00
  3.2372E-01  2.7246E-01  6.0856E-05  3.5388E-01  3.7414E+00  1.9865E-02 -3.7393E+00
  3.2511E-01  2.8369E-01  6.0283E-05  3.4868E-01  3.7293E+00  1.9308E-02 -3.7274E+00
  3.2652E-01  2.9468E-01  5.9633E-05  3.4342E-01  3.7026E+00  1.8774E-02 -3.7009E+00
  3.2792E-01  3.0517E-01  5.8932E-05  3.3826E-01  3.6652E+00  1.8294E-02 -3.6637E+00
  3.2930E-01  3.1518E-01  5.8197E-05  3.3325E-01  3.6203E+00  1.7878E-02 -3.6189E+00
  3.3072E-01  3.2519E-01  5.7401E-05  3.2815E-01  3.5678E+00  1.7508E-02 -3.5665E+00
  3.3211E-01  3.3471E-01  5.6592E-05  3.2324E-01  3.5120E+00  1.7197E-02 -3.5108E+00
  3.3353E-01  3.4424E-01  5.5738E-05  3.1829E-01  3.4516E+00  1.6928E-02 -3.4504E+00
  3.3491E-01  3.5327E-01  5.4888E-05  3.1356E-01  3.3908E+00  1.6709E-02 -3.3896E+00
  3.3633E-01  3.6230E-01  5.4005E-05  3.0881E-01  3.3273E+00  1.6526E-02 -3.3262E+00
  3.3773E-01  3.7109E-01  5.3117E-05  3.0417E-01  3.2637E+00  1.6384E-02 -3.2626E+00
  3.3913E-01  3.7964E-01  5.2229E-05  2.9967E-01  3.2006E+00  1.6276E-02 -3.1996E+00
  3.4051E-01  3.8794E-01  5.1348E-05  2.9530E-01  3.1387E+00  1.6201E-02 -3.1376E+00
  3.4191E-01  3.9624E-01  5.0451E-05  2.9093E-01  3.0765E+00  1.6151E-02 -3.0755E+00
  3.4334E-01  4.0454E-01  4.9540E-05  2.8659E-01  3.0145E+00  1.6123E-02 -3.0134E+00
  3.4470E-01  4.1235E-01  4.8673E-05  2.8251E-01  2.9565E+00  1.6114E-02 -2.9555E+00
  3.4613E-01  4.2041E-01  4.7771E-05  2.7833E-01  2.8974E+00  1.6121E-02 -2.8964E+00
  3.4754E-01  4.2822E-01  4.6891E-05  2.7429E-01  2.8410E+00  1.6141E-02 -2.8400E+00
  3.4892E-01  4.3579E-01  4.6034E-05  2.7040E-01  2.7874E+00  1.6171E-02 -2.7863E+00
  3.5032E-01  4.4336E-01  4.5175E-05  2.6654E-01  2.7349E+00  1.6210E-02 -2.7338E+00
  3.5174E-01  4.5093E-01  4.4316E-05  2.6271E-01  2.6836E+00  1.6256E-02 -2.6825E+00
  3.5313E-01  4.5825E-01  4.3484E-05  2.5902E-01  2.6351E+00  1.6307E-02 -2.6340E+00
  3.5453E-01  4.6557E-01  4.2653E-05  2.5535E-01  2.5880E+00  1.6364E-02 -2.5869E+00
  3.5590E-01  4.7265E-01  4.1851E-05  2.5184E-01  2.5437E+00  1.6423E-02 -2.5426E+00
  3.5733E-01  4.7998E-01  4.1025E-05  2.4823E-01  2.4993E+00  1.6487E-02 -2.4981E+00
  3.5873E-01  4.8706E-01  4.0228E-05  2.4476E-01  2.4576E+00  1.6547E-02 -2.4564E+00
  3.6015E-01  4.9414E-01  3.9435E-05  2.4132E-01  2.4172E+00  1.6605E-02 -2.4160E+00
  3.6152E-01  5.0097E-01  3.8672E-05  2.3802E-01  2.3792E+00  1.6656E-02 -2.3779E+00
  3.6291E-01  5.0781E-01  3.7912E-05  2.3474E-01  2.3421E+00  1.6703E-02 -2.3409E+00
  3.6431E-01  5.1465E-01  3.7154E-05  2.3149E-01  2.3059E+00  1.6745E-02 -2.3047E+00
  3.6572E-01  5.2148E-01  3.6398E-05  2.2826E-01  2.2705E+00  1.6783E-02 -2.2692E+00
  3.6715E-01  5.2832E-01  3.5644E-05  2.2505E-01  2.2357E+00  1.6813E-02 -2.2343E+00
  3.6853E-01  5.3491E-01  3.4917E-05  2.2199E-01  2.2025E+00  1.6829E-02 -2.2011E+00
  3.6992E-01  5.4150E-01  3.4190E-05  2.1894E-01  2.1695E+00  1.6827E-02 -2.1681E+00
  3.7132E-01  5.4809E-01  3.3460E-05  2.1593E-01  2.1362E+00  1.6805E-02 -2.1348E+00
  3.7274E-01  5.5469E-01  3.2725E-05  2.1294E-01  2.1022E+00  1.6762E-02 -2.1008E+00
  3.7410E-01  5.6103E-01  3.2010E-05  2.1008E-01  2.0684E+00  1.6702E-02 -2.0670E+00
  3.7553E-01  5.6762E-01  3.1257E-05  2.0715E-01  2.0314E+00  1.6628E-02 -2.0300E+00
  3.7692E-01  5.7397E-01  3.0516E-05  2.0436E-01  1.9934E+00  1.6554E-02 -1.9920E+00
  3.7831E-01  5.8032E-01  2.9757E-05  2.0162E-01  1.9524E+00  1.6486E-02 -1.9509E+00
  3.7972E-01  5.8667E-01  2.8973E-05  1.9891E-01  1.9073E+00  1.6449E-02 -1.9058E+00
  3.8113E-01  5.9302E-01  2.8157E-05  1.9626E-01  1.8569E+00  1.6493E-02 -1.8554E+00
  3.8254E-01  5.9936E-01  2.7301E-05  1.9367E-01  1.7997E+00  1.6703E-02 -1.7980E+00
  3.8391E-01  6.0547E-01  2.6434E-05  1.9125E-01  1.7367E+00  1.7154E-02 -1.7349E+00
  3.8534E-01  6.1181E-01  2.5477E-05  1.8882E-01  1.6616E+00  1.7941E-02 -1.6595E+00
  3.8672E-01  6.1792E-01  2.4501E-05  1.8659E-01  1.5796E+00  1.9007E-02 -1.5771E+00
  3.8811E-01  6.2402E-01  2.3470E-05  1.8446E-01  1.4875E+00  2.0316E-02 -1.4845E+00
  3.8956E-01  6.3037E-01  2.2346E-05  1.8239E-01  1.3819E+00  2.1760E-02 -1.3782E+00
  3.9095E-01  6.3647E-01  2.1228E-05  1.8054E-01  1.2730E+00  2.2949E-02 -1.2685E+00
  3.9235E-01  6.4258E-01  2.0092E-05  1.7884E-01  1.1604E+00  2.3668E-02 -1.1551E+00
  3.9376E-01  6.4868E-01  1.8963E-05  1.7730E-01  1.0487E+00  2.3770E-02 -1.0428E+00
  3.9511E-01  6.5454E-01  1.7911E-05  1.7596E-01  9.4687E-01  2.3314E-02 -9.4047E-01
  3.9652E-01  6.6064E-01  1.6872E-05  1.7471E-01  8.5017E-01  2.2427E-02 -8.4353E-01
  3.9793E-01  6.6675E-01  1.5906E-05  1.7358E-01  7.6568E-01  2.1357E-02 -7.5894E-01
  3.9934E-01  6.7285E-01  1.5022E-05  1.7256E-01  6.9439E-01  2.0325E-02 -6.8761E-01
  4.0075E-01  6.7895E-01  1.4220E-05  1.7163E-01  6.3589E-01  1.9471E-02 -6.2905E-01
  4.0211E-01  6.8481E-01  1.3521E-05  1.7080E-01  5.9048E-01  1.8860E-02 -5.8353E-01
  4.0353E-01  6.9092E-01  1.2855E-05  1.7001E-01  5.5266E-01  1.8423E-02 -5.4552E-01
  4.0495E-01  6.9702E-01  1.2242E-05  1.6925E-01  5.2271E-01  1.8145E-02 -5.1533E-01
  4.0631E-01  7.0288E-01  1.1694E-05  1.6857E-01  4.9983E-01  1.7983E-02 -4.9220E-01
  4.0773E-01  7.0898E-01  1.1155E-05  1.6789E-01  4.8081E-01  1.7888E-02 -4.7290E-01
  4.0914E-01  7.1509E-01  1.0642E-05  1.6723E-01  4.6561E-01  1.7842E-02 -4.5743E-01
  4.1051E-01  7.2095E-01  1.0168E-05  1.6661E-01  4.5383E-01  1.7827E-02 -4.4539E-01
  4.1193E-01  7.2705E-01  9.6901E-06  1.6599E-01  4.4383E-01  1.7832E-02 -4.3514E-01
  4.1335E-01  7.3315E-01  9.2240E-06  1.6538E-01  4.3567E-01  1.7850E-02 -4.2673E-01
  4.1471E-01  7.3901E-01  8.7854E-06  1.6480E-01  4.2920E-01  1.7875E-02 -4.2004E-01
  4.1613E-01  7.4512E-01  8.3355E-06  1.6421E-01  4.2358E-01  1.7906E-02 -4.1420E-01
  4.1755E-01  7.5122E-01  7.8913E-06  1.6362E-01  4.1887E-01  1.7941E-02 -4.0929E-01
  4.1891E-01  7.5708E-01  7.4691E-06  1.6307E-01  4.1505E-01  1.7977E-02 -4.0527E-01
  4.2033E-01  7.6318E-01  7.0325E-06  1.6249E-01  4.1165E-01  1.8017E-02 -4.0168E-01
  4.2175E-01  7.6929E-01  6.5986E-06  1.6193E-01  4.0873E-01  1.8057E-02 -3.9857E-01
  4.2311E-01  7.7514E-01  6.1839E-06  1.6138E-01  4.0629E-01  1.8097E-02 -3.9595E-01
  4.2454E-01  7.8125E-01  5.7534E-06  1.6082E-01  4.0406E-01  1.8139E-02 -3.9354E-01
  4.2596E-01  7.8735E-01  5.3240E-06  1.6027E-01  4.0209E-01  1.8181E-02 -3.9139E-01
  4.2732E-01  7.9321E-01  4.9127E-06  1.5973E-01  4.0040E-01  1.8222E-02 -3.8954E-01
  4.2874E-01  7.9931E-01  4.4847E-06  1.5918E-01  3.9881E-01  1.8265E-02 -3.8778E-01
  4.3010E-01  8.0517E-01  4.0742E-06  1.5865E-01  3.9743E-01  1.8305E-02 -3.8624E-01
  4.3152E-01  8.1128E-01  3.6467E-06  1.5811E-01  3.9612E-01  1.8348E-02 -3.8475E-01
  4.3294E-01  8.1738E-01  3.2194E-06  1.5756E-01  3.9491E-01  1.8391E-02 -3.8338E-01
  4.3431E-01  8.2324E-01  2.8091E-06  1.5704E-01  3.9384E-01  1.8432E-02 -3.8214E-01
  4.3573E-01  8.2934E-01  2.3817E-06  1.5650E-01  3.9281E-01  1.8474E-02 -3.8094E-01
  4.3715E-01  8.3545E-01  1.9541E-06  1.5596E-01  3.9184E-01  1.8516E-02 -3.7981E-01
  4.3851E-01  8.4131E-01  1.5435E-06  1.5544E-01  3.9098E-01  1.8557E-02 -3.7878E-01
  4.3993E-01  8.4741E-01  1.1155E-06  1.5490E-01  3.9013E-01  1.8599E-02 -3.7777E-01
  4.4136E-01  8.5351E-01  6.8718E-07  1.5436E-01  3.8934E-01  1.8640E-02 -3.7681E-01
  4.4272E-01  8.5937E-01  2.7575E-07  1.5385E-01  3.8863E-01  1.8680E-02 -3.7593E-01
  4.4414E-01  8.6548E-01 -1.5315E-07  1.5332E-01  3.8793E-01  1.8722E-02 -3.7506E-01
  4.4700E-01  8.7776E-01 -1.0176E-06  1.5225E-01  3.8665E-01  1.8804E-02 -3.7343E-01
