  3.0830E-01  7.5437E-02  5.9301E-05  3.9957E-01  7.0258E-01  8.6065E-03 -6.7727E-01
  3.0970E-01  1.0888E-01  6.0466E-05  3.9810E-01  1.4353E+00  1.5030E-02 -1.4174E+00
  3.1111E-01  1.3452E-01  6.1574E-05  3.9564E-01  2.0475E+00  1.9343E-02 -2.0339E+00
  3.1251E-01  1.5576E-01  6.2517E-05  3.9247E-01  2.5275E+00  2.2018E-02 -2.5168E+00
  3.1390E-01  1.7456E-01  6.3284E-05  3.8867E-01  2.9002E+00  2.3542E-02 -2.8917E+00
  3.1531E-01  1.9165E-01  6.3861E-05  3.8439E-01  3.1812E+00  2.4257E-02 -3.1743E+00
  3.1671E-01  2.0727E-01  6.4245E-05  3.7980E-01  3.3839E+00  2.4455E-02 -3.3782E+00
  3.1812E-01  2.2192E-01  6.4457E-05  3.7492E-01  3.5265E+00  2.4383E-02 -3.5217E+00
  3.1953E-01  2.3559E-01  6.4514E-05  3.6991E-01  3.6208E+00  2.4183E-02 -3.6166E+00
  3.2090E-01  2.4829E-01  6.4439E-05  3.6490E-01  3.6777E+00  2.3913E-02 -3.6741E+00
  3.2232E-01  2.6074E-01  6.4247E-05  3.5966E-01  3.7075E+00  2.3589E-02 -3.7042E+00
  3.2371E-01  2.7246E-01  6.3957E-05  3.5448E-01  3.7140E+00  2.3252E-02 -3.7111E+00
  3.2511E-01  2.8369E-01  6.3582E-05  3.4932E-01  3.7027E+00  2.2923E-02 -3.7001E+00
  3.2652E-01  2.9468E-01  6.3127E-05  3.4410E-01  3.6769E+00  2.2616E-02 -3.6744E+00
  3.2792E-01  3.0517E-01  6.2614E-05  3.3898E-01  3.6403E+00  2.2352E-02 -3.6379E+00
  3.2930E-01  3.1518E-01  6.2058E-05  3.3400E-01  3.5960E+00  2.2137E-02 -3.5938E+00
  3.3072E-01  3.2519E-01  6.1441E-05  3.2893E-01  3.5442E+00  2.1961E-02 -3.5421E+00
  3.3211E-01  3.3471E-01  6.0803E-05  3.2406E-01  3.4890E+00  2.1829E-02 -3.4869E+00
  3.3353E-01  3.4424E-01  6.0118E-05  3.1914E-01  3.4291E+00  2.1729E-02 -3.4271E+00
  3.3491E-01  3.5327E-01  5.9430E-05  3.1444E-01  3.3688E+00  2.1664E-02 -3.3668E+00
  3.3633E-01  3.6230E-01  5.8708E-05  3.0972E-01  3.3058E+00  2.1625E-02 -3.3039E+00
  3.3773E-01  3.7109E-01  5.7977E-05  3.0512E-01  3.2426E+00  2.1612E-02 -3.2407E+00
  3.3913E-01  3.7964E-01  5.7243E-05  3.0065E-01  3.1799E+00  2.1621E-02 -3.1780E+00
  3.4051E-01  3.8794E-01  5.6510E-05  2.9630E-01  3.1183E+00  2.1650E-02 -3.1164E+00
  3.4191E-01  3.9624E-01  5.5761E-05  2.9197E-01  3.0565E+00  2.1695E-02 -3.0546E+00
  3.4334E-01  4.0454E-01  5.4998E-05  2.8765E-01  2.9948E+00  2.1754E-02 -2.9929E+00
  3.4470E-01  4.1235E-01  5.4271E-05  2.8360E-01  2.9371E+00  2.1821E-02 -2.9352E+00
  3.4613E-01  4.2041E-01  5.3513E-05  2.7945E-01  2.8783E+00  2.1899E-02 -2.8764E+00
  3.4754E-01  4.2822E-01  5.2772E-05  2.7544E-01  2.8222E+00  2.1982E-02 -2.8202E+00
  3.4892E-01  4.3579E-01  5.2051E-05  2.7158E-01  2.7688E+00  2.2068E-02 -2.7668E+00
  3.5032E-01  4.4336E-01  5.1328E-05  2.6775E-01  2.7165E+00  2.2158E-02 -2.7145E+00
  3.5174E-01  4.5093E-01  5.0603E-05  2.6394E-01  2.6655E+00  2.2252E-02 -2.6634E+00
  3.5313E-01  4.5825E-01  4.9902E-05  2.6027E-01  2.6173E+00  2.2346E-02 -2.6152E+00
  3.5453E-01  4.6557E-01  4.9202E-05  2.5664E-01  2.5703E+00  2.2442E-02 -2.5682E+00
  3.5590E-01  4.7265E-01  4.8527E-05  2.5315E-01  2.5263E+00  2.2536E-02 -2.5241E+00
  3.5733E-01  4.7998E-01  4.7831E-05  2.4956E-01  2.4820E+00  2.2633E-02 -2.4798E+00
  3.5873E-01  4.8706E-01  4.7161E-05  2.4612E-01  2.4405E+00  2.2725E-02 -2.4383E+00
  3.6015E-01  4.9414E-01  4.6494E-05  2.4270E-01  2.4003E+00  2.2813E-02 -2.3980E+00
  3.6152E-01  5.0097E-01  4.5852E-05  2.3943E-01  2.3625E+00  2.2894E-02 -2.3601E+00
  3.6291E-01  5.0781E-01  4.5214E-05  2.3618E-01  2.3256E+00  2.2970E-02 -2.3232E+00
  3.6431E-01  5.1465E-01  4.4577E-05  2.3295E-01  2.2896E+00  2.3041E-02 -2.2872E+00
  3.6572E-01  5.2148E-01  4.3942E-05  2.2974E-01  2.2543E+00  2.3108E-02 -2.2518E+00
  3.6715E-01  5.2832E-01  4.3308E-05  2.2656E-01  2.2196E+00  2.3169E-02 -2.2171E+00
  3.6853E-01  5.3491E-01  4.2697E-05  2.2352E-01  2.1865E+00  2.3216E-02 -2.1840E+00
  3.6992E-01  5.4150E-01  4.2086E-05  2.2050E-01  2.1537E+00  2.3250E-02 -2.1511E+00
  3.7132E-01  5.4809E-01  4.1472E-05  2.1751E-01  2.1205E+00  2.3267E-02 -2.1179E+00
  3.7274E-01  5.5469E-01  4.0853E-05  2.1454E-01  2.0867E+00  2.3269E-02 -2.0840E+00
  3.7410E-01  5.6103E-01  4.0249E-05  2.1171E-01  2.0529E+00  2.3257E-02 -2.0502E+00
  3.7553E-01  5.6762E-01  3.9612E-05  2.0880E-01  2.0160E+00  2.3236E-02 -2.0133E+00
  3.7692E-01  5.7397E-01  3.8984E-05  2.0604E-01  1.9781E+00  2.3214E-02 -1.9753E+00
  3.7831E-01  5.8032E-01  3.8337E-05  2.0331E-01  1.9370E+00  2.3198E-02 -1.9342E+00
  3.7972E-01  5.8667E-01  3.7667E-05  2.0063E-01  1.8919E+00  2.3203E-02 -1.8890E+00
  3.8112E-01  5.9302E-01  3.6966E-05  1.9801E-01  1.8414E+00  2.3270E-02 -1.8384E+00
  3.8254E-01  5.9936E-01  3.6228E-05  1.9544E-01  1.7840E+00  2.3461E-02 -1.7808E+00
  3.8391E-01  6.0547E-01  3.5476E-05  1.9305E-01  1.7207E+00  2.3832E-02 -1.7173E+00
  3.8534E-01  6.1181E-01  3.4644E-05  1.9064E-01  1.6453E+00  2.4467E-02 -1.6415E+00
  3.8672E-01  6.1792E-01  3.3792E-05  1.8843E-01  1.5628E+00  2.5330E-02 -1.5585E+00
  3.8811E-01  6.2402E-01  3.2891E-05  1.8633E-01  1.4702E+00  2.6407E-02 -1.4652E+00
  3.8955E-01  6.3037E-01  3.1910E-05  1.8429E-01  1.3639E+00  2.7623E-02 -1.3580E+00
  3.9095E-01  6.3647E-01  3.0937E-05  1.8247E-01  1.2542E+00  2.8652E-02 -1.2472E+00
  3.9235E-01  6.4258E-01  2.9954E-05  1.8080E-01  1.1408E+00  2.9297E-02 -1.1327E+00
  3.9376E-01  6.4868E-01  2.8986E-05  1.7929E-01  1.0284E+00  2.9420E-02 -1.0192E+00
  3.9511E-01  6.5454E-01  2.8096E-05  1.7799E-01  9.2581E-01  2.9065E-02 -9.1584E-01
  3.9651E-01  6.6064E-01  2.7232E-05  1.7677E-01  8.2849E-01  2.8346E-02 -8.1782E-01
  3.9793E-01  6.6675E-01  2.6448E-05  1.7567E-01  7.4350E-01  2.7478E-02 -7.3225E-01
  3.9934E-01  6.7285E-01  2.5752E-05  1.7469E-01  6.7186E-01  2.6650E-02 -6.6006E-01
  4.0075E-01  6.7895E-01  2.5141E-05  1.7380E-01  6.1312E-01  2.5973E-02 -6.0075E-01
  4.0211E-01  6.8481E-01  2.4628E-05  1.7302E-01  5.6759E-01  2.5496E-02 -5.5463E-01
  4.0353E-01  6.9092E-01  2.4160E-05  1.7226E-01  5.2971E-01  2.5159E-02 -5.1608E-01
  4.0495E-01  6.9702E-01  2.3747E-05  1.7155E-01  4.9975E-01  2.4949E-02 -4.8544E-01
  4.0631E-01  7.0288E-01  2.3392E-05  1.7091E-01  4.7690E-01  2.4830E-02 -4.6195E-01
  4.0773E-01  7.0898E-01  2.3056E-05  1.7027E-01  4.5793E-01  2.4765E-02 -4.4232E-01
  4.0914E-01  7.1509E-01  2.2747E-05  1.6965E-01  4.4278E-01  2.4740E-02 -4.2656E-01
  4.1051E-01  7.2095E-01  2.2471E-05  1.6908E-01  4.3105E-01  2.4739E-02 -4.1427E-01
  4.1193E-01  7.2705E-01  2.2200E-05  1.6850E-01  4.2112E-01  2.4754E-02 -4.0379E-01
  4.1334E-01  7.3315E-01  2.1941E-05  1.6793E-01  4.1301E-01  2.4780E-02 -3.9518E-01
  4.1471E-01  7.3901E-01  2.1702E-05  1.6740E-01  4.0658E-01  2.4812E-02 -3.8830E-01
  4.1613E-01  7.4512E-01  2.1461E-05  1.6685E-01  4.0100E-01  2.4849E-02 -3.8229E-01
  4.1755E-01  7.5122E-01  2.1226E-05  1.6631E-01  3.9634E-01  2.4889E-02 -3.7722E-01
  4.1891E-01  7.5708E-01  2.1005E-05  1.6580E-01  3.9256E-01  2.4930E-02 -3.7306E-01
  4.2033E-01  7.6318E-01  2.0779E-05  1.6527E-01  3.8919E-01  2.4973E-02 -3.6932E-01
  4.2175E-01  7.6929E-01  2.0555E-05  1.6475E-01  3.8630E-01  2.5018E-02 -3.6607E-01
  4.2311E-01  7.7514E-01  2.0343E-05  1.6425E-01  3.8388E-01  2.5061E-02 -3.6333E-01
  4.2453E-01  7.8125E-01  2.0124E-05  1.6374E-01  3.8168E-01  2.5107E-02 -3.6079E-01
  4.2596E-01  7.8735E-01  1.9906E-05  1.6323E-01  3.7973E-01  2.5152E-02 -3.5852E-01
  4.2732E-01  7.9321E-01  1.9698E-05  1.6274E-01  3.7806E-01  2.5196E-02 -3.5655E-01
  4.2874E-01  7.9931E-01  1.9481E-05  1.6223E-01  3.7649E-01  2.5242E-02 -3.5467E-01
  4.3010E-01  8.0517E-01  1.9275E-05  1.6175E-01  3.7513E-01  2.5286E-02 -3.5301E-01
  4.3152E-01  8.1128E-01  1.9060E-05  1.6125E-01  3.7383E-01  2.5332E-02 -3.5141E-01
  4.3294E-01  8.1738E-01  1.8845E-05  1.6075E-01  3.7264E-01  2.5378E-02 -3.4991E-01
  4.3431E-01  8.2324E-01  1.8639E-05  1.6028E-01  3.7159E-01  2.5422E-02 -3.4857E-01
  4.3573E-01  8.2934E-01  1.8424E-05  1.5978E-01  3.7056E-01  2.5468E-02 -3.4725E-01
  4.3715E-01  8.3545E-01  1.8209E-05  1.5929E-01  3.6962E-01  2.5513E-02 -3.4600E-01
  4.3851E-01  8.4131E-01  1.8003E-05  1.5882E-01  3.6876E-01  2.5557E-02 -3.4486E-01
  4.3993E-01  8.4741E-01  1.7788E-05  1.5833E-01  3.6793E-01  2.5601E-02 -3.4373E-01
  4.4135E-01  8.5351E-01  1.7572E-05  1.5784E-01  3.6715E-01  2.5646E-02 -3.4266E-01
  4.4272E-01  8.5937E-01  1.7365E-05  1.5738E-01  3.6645E-01  2.5688E-02 -3.4167E-01
  4.4414E-01  8.6548E-01  1.7148E-05  1.5689E-01  3.6576E-01  2.5732E-02 -3.4069E-01
  4.4700E-01  8.7776E-01  1.6712E-05  1.5592E-01  3.6451E-01  2.5819E-02 -3.3884E-01
