  3.0830E-01  7.5437E-02  4.2270E-05  3.9961E-01  6.8254E-01  9.3125E-03 -6.5192E-01
  3.0970E-01  1.0888E-01  4.0115E-05  3.9817E-01  1.4136E+00  1.5866E-02 -1.3933E+00
  3.1111E-01  1.3452E-01  3.8088E-05  3.9575E-01  2.0264E+00  2.0262E-02 -2.0112E+00
  3.1251E-01  1.5576E-01  3.6101E-05  3.9260E-01  2.5074E+00  2.3016E-02 -2.4955E+00
  3.1390E-01  1.7456E-01  3.4028E-05  3.8883E-01  2.8812E+00  2.4622E-02 -2.8717E+00
  3.1531E-01  1.9165E-01  3.1803E-05  3.8458E-01  3.1633E+00  2.5421E-02 -3.1556E+00
  3.1671E-01  2.0727E-01  2.9425E-05  3.8001E-01  3.3670E+00  2.5708E-02 -3.3607E+00
  3.1812E-01  2.2192E-01  2.6862E-05  3.7516E-01  3.5106E+00  2.5727E-02 -3.5052E+00
  3.1952E-01  2.3559E-01  2.4164E-05  3.7017E-01  3.6058E+00  2.5612E-02 -3.6011E+00
  3.2090E-01  2.4829E-01  2.1392E-05  3.6518E-01  3.6635E+00  2.5423E-02 -3.6593E+00
  3.2232E-01  2.6074E-01  1.8424E-05  3.5996E-01  3.6940E+00  2.5182E-02 -3.6902E+00
  3.2371E-01  2.7246E-01  1.5406E-05  3.5480E-01  3.7012E+00  2.4926E-02 -3.6978E+00
  3.2511E-01  2.8369E-01  1.2314E-05  3.4965E-01  3.6905E+00  2.4673E-02 -3.6873E+00
  3.2652E-01  2.9468E-01  9.1052E-06  3.4445E-01  3.6652E+00  2.4437E-02 -3.6623E+00
  3.2792E-01  3.0517E-01  5.8750E-06  3.3935E-01  3.6290E+00  2.4240E-02 -3.6263E+00
  3.2930E-01  3.1518E-01  2.6542E-06  3.3438E-01  3.5852E+00  2.4085E-02 -3.5826E+00
  3.3072E-01  3.2519E-01 -6.9495E-07  3.2934E-01  3.5338E+00  2.3965E-02 -3.5313E+00
  3.3211E-01  3.3471E-01 -3.9915E-06  3.2447E-01  3.4790E+00  2.3883E-02 -3.4765E+00
  3.3353E-01  3.4424E-01 -7.3882E-06  3.1957E-01  3.4194E+00  2.3830E-02 -3.4170E+00
  3.3491E-01  3.5327E-01 -1.0696E-05  3.1488E-01  3.3594E+00  2.3805E-02 -3.3570E+00
  3.3633E-01  3.6230E-01 -1.4081E-05  3.1018E-01  3.2967E+00  2.3803E-02 -3.2944E+00
  3.3773E-01  3.7109E-01 -1.7441E-05  3.0559E-01  3.2337E+00  2.3822E-02 -3.2315E+00
  3.3913E-01  3.7964E-01 -2.0766E-05  3.0113E-01  3.1713E+00  2.3860E-02 -3.1690E+00
  3.4051E-01  3.8794E-01 -2.4043E-05  2.9680E-01  3.1099E+00  2.3913E-02 -3.1076E+00
  3.4191E-01  3.9624E-01 -2.7363E-05  2.9248E-01  3.0483E+00  2.3981E-02 -3.0460E+00
  3.4334E-01  4.0454E-01 -3.0719E-05  2.8817E-01  2.9867E+00  2.4061E-02 -2.9844E+00
  3.4470E-01  4.1235E-01 -3.3906E-05  2.8413E-01  2.9292E+00  2.4145E-02 -2.9269E+00
  3.4613E-01  4.2041E-01 -3.7217E-05  2.7999E-01  2.8706E+00  2.4240E-02 -2.8682E+00
  3.4754E-01  4.2822E-01 -4.0448E-05  2.7599E-01  2.8146E+00  2.4337E-02 -2.8122E+00
  3.4892E-01  4.3579E-01 -4.3593E-05  2.7214E-01  2.7613E+00  2.4436E-02 -2.7589E+00
  3.5032E-01  4.4336E-01 -4.6751E-05  2.6832E-01  2.7092E+00  2.4538E-02 -2.7067E+00
  3.5174E-01  4.5093E-01 -4.9919E-05  2.6452E-01  2.6582E+00  2.4643E-02 -2.6557E+00
  3.5313E-01  4.5825E-01 -5.2991E-05  2.6087E-01  2.6101E+00  2.4746E-02 -2.6076E+00
  3.5453E-01  4.6557E-01 -5.6067E-05  2.5724E-01  2.5633E+00  2.4850E-02 -2.5607E+00
  3.5595E-01  4.7290E-01 -5.9146E-05  2.5364E-01  2.5178E+00  2.4956E-02 -2.5152E+00
  3.5733E-01  4.7998E-01 -6.2123E-05  2.5019E-01  2.4752E+00  2.5056E-02 -2.4725E+00
  3.5873E-01  4.8706E-01 -6.5100E-05  2.4675E-01  2.4338E+00  2.5155E-02 -2.4310E+00
  3.6015E-01  4.9414E-01 -6.8075E-05  2.4335E-01  2.3936E+00  2.5249E-02 -2.3908E+00
  3.6152E-01  5.0097E-01 -7.0946E-05  2.4008E-01  2.3558E+00  2.5336E-02 -2.3530E+00
  3.6291E-01  5.0781E-01 -7.3815E-05  2.3684E-01  2.3191E+00  2.5418E-02 -2.3162E+00
  3.6431E-01  5.1465E-01 -7.6684E-05  2.3362E-01  2.2831E+00  2.5496E-02 -2.2802E+00
  3.6572E-01  5.2148E-01 -7.9553E-05  2.3043E-01  2.2479E+00  2.5569E-02 -2.2449E+00
  3.6715E-01  5.2832E-01 -8.2422E-05  2.2726E-01  2.2133E+00  2.5635E-02 -2.2102E+00
  3.6853E-01  5.3491E-01 -8.5191E-05  2.2422E-01  2.1803E+00  2.5687E-02 -2.1772E+00
  3.6992E-01  5.4150E-01 -8.7965E-05  2.2121E-01  2.1475E+00  2.5726E-02 -2.1443E+00
  3.7132E-01  5.4809E-01 -9.0750E-05  2.1823E-01  2.1144E+00  2.5750E-02 -2.1112E+00
  3.7274E-01  5.5469E-01 -9.3550E-05  2.1527E-01  2.0806E+00  2.5758E-02 -2.0774E+00
  3.7410E-01  5.6103E-01 -9.6271E-05  2.1245E-01  2.0469E+00  2.5753E-02 -2.0436E+00
  3.7553E-01  5.6762E-01 -9.9130E-05  2.0955E-01  2.0101E+00  2.5740E-02 -2.0067E+00
  3.7692E-01  5.7397E-01 -1.0193E-04  2.0680E-01  1.9722E+00  2.5725E-02 -1.9688E+00
  3.7831E-01  5.8032E-01 -1.0478E-04  2.0408E-01  1.9312E+00  2.5712E-02 -1.9277E+00
  3.7972E-01  5.8667E-01 -1.0771E-04  2.0141E-01  1.8861E+00  2.5719E-02 -1.8825E+00
  3.8112E-01  5.9302E-01 -1.1074E-04  1.9879E-01  1.8357E+00  2.5781E-02 -1.8319E+00
  3.8254E-01  5.9936E-01 -1.1390E-04  1.9623E-01  1.7782E+00  2.5958E-02 -1.7743E+00
  3.8391E-01  6.0547E-01 -1.1709E-04  1.9385E-01  1.7150E+00  2.6304E-02 -1.7108E+00
  3.8534E-01  6.1181E-01 -1.2060E-04  1.9145E-01  1.6396E+00  2.6897E-02 -1.6350E+00
  3.8672E-01  6.1792E-01 -1.2418E-04  1.8925E-01  1.5570E+00  2.7705E-02 -1.5518E+00
  3.8811E-01  6.2402E-01 -1.2800E-04  1.8716E-01  1.4643E+00  2.8721E-02 -1.4584E+00
  3.8955E-01  6.3037E-01 -1.3223E-04  1.8513E-01  1.3579E+00  2.9876E-02 -1.3509E+00
  3.9095E-01  6.3647E-01 -1.3654E-04  1.8332E-01  1.2479E+00  3.0861E-02 -1.2398E+00
  3.9235E-01  6.4258E-01 -1.4105E-04  1.8166E-01  1.1342E+00  3.1487E-02 -1.1249E+00
  3.9376E-01  6.4868E-01 -1.4571E-04  1.8016E-01  1.0215E+00  3.1617E-02 -1.0109E+00
  3.9511E-01  6.5454E-01 -1.5027E-04  1.7887E-01  9.1854E-01  3.1294E-02 -9.0699E-01
  3.9651E-01  6.6064E-01 -1.5504E-04  1.7766E-01  8.2085E-01  3.0626E-02 -8.0839E-01
  3.9793E-01  6.6675E-01 -1.5976E-04  1.7658E-01  7.3553E-01  2.9817E-02 -7.2225E-01
  3.9934E-01  6.7285E-01 -1.6442E-04  1.7561E-01  6.6361E-01  2.9045E-02 -6.4955E-01
  4.0075E-01  6.7895E-01 -1.6899E-04  1.7474E-01  6.0467E-01  2.8416E-02 -5.8979E-01
  4.0211E-01  6.8481E-01 -1.7330E-04  1.7397E-01  5.5900E-01  2.7972E-02 -5.4329E-01
  4.0353E-01  6.9092E-01 -1.7771E-04  1.7323E-01  5.2102E-01  2.7659E-02 -5.0442E-01
  4.0495E-01  6.9702E-01 -1.8206E-04  1.7254E-01  4.9101E-01  2.7465E-02 -4.7351E-01
  4.0631E-01  7.0288E-01 -1.8618E-04  1.7191E-01  4.6815E-01  2.7356E-02 -4.4980E-01
  4.0773E-01  7.0898E-01 -1.9044E-04  1.7129E-01  4.4917E-01  2.7298E-02 -4.2998E-01
  4.0914E-01  7.1509E-01 -1.9468E-04  1.7069E-01  4.3403E-01  2.7276E-02 -4.1406E-01
  4.1051E-01  7.2095E-01 -1.9873E-04  1.7013E-01  4.2232E-01  2.7278E-02 -4.0165E-01
  4.1193E-01  7.2705E-01 -2.0294E-04  1.6957E-01  4.1240E-01  2.7295E-02 -3.9105E-01
  4.1334E-01  7.3315E-01 -2.0714E-04  1.6902E-01  4.0431E-01  2.7322E-02 -3.8234E-01
  4.1471E-01  7.3901E-01 -2.1117E-04  1.6851E-01  3.9791E-01  2.7353E-02 -3.7538E-01
  4.1613E-01  7.4512E-01 -2.1537E-04  1.6798E-01  3.9235E-01  2.7391E-02 -3.6928E-01
  4.1755E-01  7.5122E-01 -2.1957E-04  1.6746E-01  3.8771E-01  2.7431E-02 -3.6413E-01
  4.1891E-01  7.5708E-01 -2.2361E-04  1.6696E-01  3.8394E-01  2.7472E-02 -3.5991E-01
  4.2033E-01  7.6318E-01 -2.2782E-04  1.6645E-01  3.8058E-01  2.7516E-02 -3.5610E-01
  4.2175E-01  7.6929E-01 -2.3203E-04  1.6595E-01  3.7770E-01  2.7560E-02 -3.5279E-01
  4.2311E-01  7.7514E-01 -2.3609E-04  1.6547E-01  3.7530E-01  2.7603E-02 -3.4999E-01
  4.2453E-01  7.8125E-01 -2.4032E-04  1.6498E-01  3.7311E-01  2.7648E-02 -3.4740E-01
  4.2595E-01  7.8735E-01 -2.4455E-04  1.6449E-01  3.7117E-01  2.7693E-02 -3.4508E-01
  4.2732E-01  7.9321E-01 -2.4863E-04  1.6402E-01  3.6951E-01  2.7737E-02 -3.4305E-01
  4.2874E-01  7.9931E-01 -2.5288E-04  1.6353E-01  3.6796E-01  2.7782E-02 -3.4113E-01
  4.3010E-01  8.0517E-01 -2.5697E-04  1.6307E-01  3.6660E-01  2.7826E-02 -3.3942E-01
  4.3152E-01  8.1128E-01 -2.6124E-04  1.6259E-01  3.6531E-01  2.7871E-02 -3.3777E-01
  4.3294E-01  8.1738E-01 -2.6552E-04  1.6211E-01  3.6413E-01  2.7916E-02 -3.3623E-01
  4.3431E-01  8.2324E-01 -2.6963E-04  1.6165E-01  3.6308E-01  2.7958E-02 -3.3484E-01
  4.3573E-01  8.2934E-01 -2.7393E-04  1.6117E-01  3.6207E-01  2.8003E-02 -3.3348E-01
  4.3715E-01  8.3545E-01 -2.7823E-04  1.6070E-01  3.6113E-01  2.8047E-02 -3.3219E-01
  4.3851E-01  8.4131E-01 -2.8236E-04  1.6025E-01  3.6028E-01  2.8089E-02 -3.3101E-01
  4.3993E-01  8.4741E-01 -2.8668E-04  1.5978E-01  3.5946E-01  2.8133E-02 -3.2984E-01
  4.4135E-01  8.5351E-01 -2.9101E-04  1.5931E-01  3.5869E-01  2.8176E-02 -3.2872E-01
  4.4272E-01  8.5937E-01 -2.9517E-04  1.5886E-01  3.5799E-01  2.8217E-02 -3.2769E-01
  4.4414E-01  8.6548E-01 -2.9951E-04  1.5840E-01  3.5731E-01  2.8260E-02 -3.2667E-01
  4.4700E-01  8.7776E-01 -3.0827E-04  1.5747E-01  3.5606E-01  2.8345E-02 -3.2473E-01
