  3.0830E-01  7.5407E-02  4.4041E-05  3.9954E-01  7.3388E-01  7.7159E-03 -7.1449E-01
  3.0970E-01  1.0885E-01  4.3875E-05  3.9801E-01  1.4661E+00  1.3855E-02 -1.4512E+00
  3.1111E-01  1.3449E-01  4.3686E-05  3.9551E-01  2.0763E+00  1.7989E-02 -2.0646E+00
  3.1250E-01  1.5573E-01  4.3385E-05  3.9229E-01  2.5545E+00  2.0499E-02 -2.5452E+00
  3.1390E-01  1.7453E-01  4.2897E-05  3.8846E-01  2.9256E+00  2.1846E-02 -2.9183E+00
  3.1531E-01  1.9162E-01  4.2172E-05  3.8415E-01  3.2053E+00  2.2370E-02 -3.1994E+00
  3.1671E-01  2.0724E-01  4.1203E-05  3.7952E-01  3.4068E+00  2.2370E-02 -3.4021E+00
  3.1812E-01  2.2189E-01  3.9982E-05  3.7461E-01  3.5485E+00  2.2093E-02 -3.5445E+00
  3.1952E-01  2.3556E-01  3.8550E-05  3.6957E-01  3.6418E+00  2.1689E-02 -3.6385E+00
  3.2093E-01  2.4850E-01  3.6927E-05  3.6442E-01  3.6988E+00  2.1210E-02 -3.6959E+00
  3.2232E-01  2.6071E-01  3.5154E-05  3.5926E-01  3.7269E+00  2.0693E-02 -3.7244E+00
  3.2371E-01  2.7243E-01  3.3232E-05  3.5406E-01  3.7328E+00  2.0161E-02 -3.7306E+00
  3.2510E-01  2.8366E-01  3.1188E-05  3.4886E-01  3.7209E+00  1.9640E-02 -3.7189E+00
  3.2652E-01  2.9465E-01  2.9002E-05  3.4362E-01  3.6945E+00  1.9144E-02 -3.6927E+00
  3.2792E-01  3.0514E-01  2.6746E-05  3.3847E-01  3.6574E+00  1.8703E-02 -3.6557E+00
  3.2933E-01  3.1540E-01  2.4394E-05  3.3334E-01  3.6115E+00  1.8317E-02 -3.6100E+00
  3.3072E-01  3.2516E-01  2.2025E-05  3.2838E-01  3.5604E+00  1.7996E-02 -3.5589E+00
  3.3210E-01  3.3468E-01  1.9601E-05  3.2348E-01  3.5048E+00  1.7726E-02 -3.5034E+00
  3.3353E-01  3.4421E-01  1.7075E-05  3.1854E-01  3.4445E+00  1.7497E-02 -3.4432E+00
  3.3491E-01  3.5324E-01  1.4588E-05  3.1382E-01  3.3838E+00  1.7318E-02 -3.3826E+00
  3.3632E-01  3.6227E-01  1.2022E-05  3.0908E-01  3.3205E+00  1.7175E-02 -3.3193E+00
  3.3773E-01  3.7106E-01  9.4550E-06  3.0445E-01  3.2570E+00  1.7071E-02 -3.2558E+00
  3.3912E-01  3.7961E-01  6.8989E-06  2.9996E-01  3.1940E+00  1.7001E-02 -3.1929E+00
  3.4050E-01  3.8791E-01  4.3646E-06  2.9560E-01  3.1322E+00  1.6960E-02 -3.1310E+00
  3.4191E-01  3.9621E-01  1.7852E-06  2.9124E-01  3.0701E+00  1.6943E-02 -3.0689E+00
  3.4333E-01  4.0451E-01 -8.3391E-07  2.8690E-01  3.0081E+00  1.6947E-02 -3.0069E+00
  3.4474E-01  4.1257E-01 -3.4092E-06  2.8271E-01  2.9484E+00  1.6969E-02 -2.9472E+00
  3.4613E-01  4.2038E-01 -5.9336E-06  2.7866E-01  2.8912E+00  1.7005E-02 -2.8900E+00
  3.4754E-01  4.2819E-01 -8.4807E-06  2.7464E-01  2.8348E+00  1.7053E-02 -2.8336E+00
  3.4892E-01  4.3576E-01 -1.0967E-05  2.7076E-01  2.7812E+00  1.7109E-02 -2.7800E+00
  3.5032E-01  4.4333E-01 -1.3468E-05  2.6690E-01  2.7287E+00  1.7172E-02 -2.7275E+00
  3.5173E-01  4.5090E-01 -1.5981E-05  2.6308E-01  2.6775E+00  1.7242E-02 -2.6762E+00
  3.5312E-01  4.5822E-01 -1.8423E-05  2.5940E-01  2.6291E+00  1.7315E-02 -2.6278E+00
  3.5452E-01  4.6554E-01 -2.0872E-05  2.5574E-01  2.5820E+00  1.7393E-02 -2.5807E+00
  3.5594E-01  4.7287E-01 -2.3325E-05  2.5211E-01  2.5363E+00  1.7474E-02 -2.5350E+00
  3.5733E-01  4.7995E-01 -2.5700E-05  2.4863E-01  2.4933E+00  1.7554E-02 -2.4920E+00
  3.5873E-01  4.8703E-01 -2.8076E-05  2.4517E-01  2.4517E+00  1.7632E-02 -2.4503E+00
  3.6014E-01  4.9411E-01 -3.0454E-05  2.4174E-01  2.4113E+00  1.7707E-02 -2.4099E+00
  3.6152E-01  5.0094E-01 -3.2750E-05  2.3845E-01  2.3733E+00  1.7775E-02 -2.3719E+00
  3.6290E-01  5.0778E-01 -3.5047E-05  2.3518E-01  2.3363E+00  1.7839E-02 -2.3349E+00
  3.6431E-01  5.1462E-01 -3.7346E-05  2.3193E-01  2.3001E+00  1.7898E-02 -2.2987E+00
  3.6572E-01  5.2145E-01 -3.9647E-05  2.2871E-01  2.2647E+00  1.7953E-02 -2.2632E+00
  3.6714E-01  5.2829E-01 -4.1952E-05  2.2552E-01  2.2299E+00  1.8000E-02 -2.2284E+00
  3.6852E-01  5.3488E-01 -4.4178E-05  2.2246E-01  2.1968E+00  1.8032E-02 -2.1952E+00
  3.6992E-01  5.4147E-01 -4.6412E-05  2.1942E-01  2.1638E+00  1.8047E-02 -2.1622E+00
  3.7132E-01  5.4806E-01 -4.8658E-05  2.1641E-01  2.1305E+00  1.8042E-02 -2.1289E+00
  3.7273E-01  5.5466E-01 -5.0921E-05  2.1343E-01  2.0966E+00  1.8019E-02 -2.0950E+00
  3.7415E-01  5.6125E-01 -5.3211E-05  2.1048E-01  2.0615E+00  1.7979E-02 -2.0598E+00
  3.7553E-01  5.6760E-01 -5.5449E-05  2.0766E-01  2.0259E+00  1.7931E-02 -2.0242E+00
  3.7691E-01  5.7394E-01 -5.7730E-05  2.0488E-01  1.9879E+00  1.7881E-02 -1.9863E+00
  3.7831E-01  5.8029E-01 -6.0067E-05  2.0214E-01  1.9469E+00  1.7838E-02 -1.9452E+00
  3.7971E-01  5.8664E-01 -6.2476E-05  1.9945E-01  1.9019E+00  1.7824E-02 -1.9002E+00
  3.8112E-01  5.9299E-01 -6.4978E-05  1.9680E-01  1.8516E+00  1.7890E-02 -1.8498E+00
  3.8254E-01  5.9933E-01 -6.7600E-05  1.9422E-01  1.7944E+00  1.8118E-02 -1.7924E+00
  3.8390E-01  6.0544E-01 -7.0262E-05  1.9181E-01  1.7314E+00  1.8579E-02 -1.7293E+00
  3.8533E-01  6.1178E-01 -7.3207E-05  1.8939E-01  1.6564E+00  1.9369E-02 -1.6540E+00
  3.8672E-01  6.1789E-01 -7.6232E-05  1.8716E-01  1.5744E+00  2.0429E-02 -1.5716E+00
  3.8810E-01  6.2399E-01 -7.9466E-05  1.8504E-01  1.4824E+00  2.1732E-02 -1.4790E+00
  3.8955E-01  6.3034E-01 -8.3056E-05  1.8298E-01  1.3767E+00  2.3178E-02 -1.3725E+00
  3.9095E-01  6.3644E-01 -8.6714E-05  1.8114E-01  1.2677E+00  2.4384E-02 -1.2626E+00
  3.9235E-01  6.4255E-01 -9.0539E-05  1.7945E-01  1.1549E+00  2.5137E-02 -1.1489E+00
  3.9375E-01  6.4865E-01 -9.4474E-05  1.7791E-01  1.0430E+00  2.5285E-02 -1.0362E+00
  3.9516E-01  6.5475E-01 -9.8452E-05  1.7653E-01  9.3666E-01  2.4856E-02 -9.2934E-01
  3.9651E-01  6.6061E-01 -1.0225E-04  1.7534E-01  8.4365E-01  2.4053E-02 -8.3599E-01
  3.9792E-01  6.6672E-01 -1.0614E-04  1.7422E-01  7.5874E-01  2.3032E-02 -7.5089E-01
  3.9933E-01  6.7282E-01 -1.0993E-04  1.7321E-01  6.8707E-01  2.2038E-02 -6.7907E-01
  4.0075E-01  6.7892E-01 -1.1361E-04  1.7229E-01  6.2823E-01  2.1207E-02 -6.2007E-01
  4.0211E-01  6.8478E-01 -1.1703E-04  1.7148E-01  5.8254E-01  2.0605E-02 -5.7418E-01
  4.0352E-01  6.9089E-01 -1.2051E-04  1.7070E-01  5.4448E-01  2.0169E-02 -5.3585E-01
  4.0494E-01  6.9699E-01 -1.2391E-04  1.6996E-01  5.1433E-01  1.9887E-02 -5.0538E-01
  4.0630E-01  7.0285E-01 -1.2712E-04  1.6929E-01  4.9131E-01  1.9721E-02 -4.8204E-01
  4.0772E-01  7.0895E-01 -1.3041E-04  1.6862E-01  4.7216E-01  1.9622E-02 -4.6254E-01
  4.0914E-01  7.1506E-01 -1.3367E-04  1.6798E-01  4.5687E-01  1.9574E-02 -4.4690E-01
  4.1056E-01  7.2116E-01 -1.3691E-04  1.6735E-01  4.4456E-01  1.9560E-02 -4.3426E-01
  4.1192E-01  7.2702E-01 -1.4001E-04  1.6677E-01  4.3494E-01  1.9567E-02 -4.2434E-01
  4.1334E-01  7.3312E-01 -1.4322E-04  1.6617E-01  4.2672E-01  1.9589E-02 -4.1581E-01
  4.1470E-01  7.3898E-01 -1.4630E-04  1.6561E-01  4.2020E-01  1.9619E-02 -4.0901E-01
  4.1612E-01  7.4509E-01 -1.4951E-04  1.6503E-01  4.1453E-01  1.9657E-02 -4.0307E-01
  4.1754E-01  7.5119E-01 -1.5271E-04  1.6446E-01  4.0979E-01  1.9700E-02 -3.9806E-01
  4.1890E-01  7.5705E-01 -1.5580E-04  1.6392E-01  4.0593E-01  1.9744E-02 -3.9396E-01
  4.2032E-01  7.6315E-01 -1.5901E-04  1.6337E-01  4.0250E-01  1.9792E-02 -3.9028E-01
  4.2174E-01  7.6926E-01 -1.6223E-04  1.6282E-01  3.9954E-01  1.9841E-02 -3.8709E-01
  4.2311E-01  7.7512E-01 -1.6532E-04  1.6229E-01  3.9708E-01  1.9890E-02 -3.8440E-01
  4.2453E-01  7.8122E-01 -1.6855E-04  1.6175E-01  3.9482E-01  1.9941E-02 -3.8191E-01
  4.2595E-01  7.8732E-01 -1.7179E-04  1.6120E-01  3.9282E-01  1.9994E-02 -3.7969E-01
  4.2731E-01  7.9318E-01 -1.7490E-04  1.6069E-01  3.9110E-01  2.0044E-02 -3.7776E-01
  4.2873E-01  7.9929E-01 -1.7815E-04  1.6015E-01  3.8949E-01  2.0097E-02 -3.7593E-01
  4.3015E-01  8.0539E-01 -1.8141E-04  1.5962E-01  3.8803E-01  2.0150E-02 -3.7425E-01
  4.3152E-01  8.1125E-01 -1.8455E-04  1.5911E-01  3.8675E-01  2.0201E-02 -3.7276E-01
  4.3294E-01  8.1735E-01 -1.8782E-04  1.5858E-01  3.8552E-01  2.0254E-02 -3.7131E-01
  4.3430E-01  8.2321E-01 -1.9098E-04  1.5808E-01  3.8442E-01  2.0305E-02 -3.7002E-01
  4.3572E-01  8.2931E-01 -1.9427E-04  1.5755E-01  3.8337E-01  2.0357E-02 -3.6874E-01
  4.3714E-01  8.3542E-01 -1.9757E-04  1.5703E-01  3.8238E-01  2.0410E-02 -3.6754E-01
  4.3851E-01  8.4128E-01 -2.0074E-04  1.5653E-01  3.8150E-01  2.0460E-02 -3.6645E-01
  4.3993E-01  8.4738E-01 -2.0405E-04  1.5601E-01  3.8063E-01  2.0512E-02 -3.6537E-01
  4.4135E-01  8.5348E-01 -2.0738E-04  1.5549E-01  3.7982E-01  2.0563E-02 -3.6434E-01
  4.4271E-01  8.5934E-01 -2.1057E-04  1.5499E-01  3.7908E-01  2.0613E-02 -3.6340E-01
  4.4413E-01  8.6545E-01 -2.1391E-04  1.5448E-01  3.7836E-01  2.0665E-02 -3.6246E-01
  4.4700E-01  8.7776E-01 -2.2067E-04  1.5344E-01  3.7703E-01  2.0768E-02 -3.6068E-01
