  3.0831E-01  7.5575E-02  5.9256E-05  3.9960E-01  6.8365E-01  9.5859E-03 -6.5133E-01
  3.0971E-01  1.0902E-01  6.0475E-05  3.9816E-01  1.4142E+00  1.6263E-02 -1.3929E+00
  3.1111E-01  1.3441E-01  6.1626E-05  3.9577E-01  2.0206E+00  2.0708E-02 -2.0047E+00
  3.1252E-01  1.5590E-01  6.2619E-05  3.9259E-01  2.5065E+00  2.3566E-02 -2.4941E+00
  3.1392E-01  1.7470E-01  6.3420E-05  3.8882E-01  2.8795E+00  2.5232E-02 -2.8696E+00
  3.1530E-01  1.9154E-01  6.4021E-05  3.8464E-01  3.1572E+00  2.6089E-02 -3.1491E+00
  3.1670E-01  2.0717E-01  6.4440E-05  3.8008E-01  3.3610E+00  2.6452E-02 -3.3542E+00
  3.1811E-01  2.2182E-01  6.4688E-05  3.7524E-01  3.5047E+00  2.6546E-02 -3.4989E+00
  3.1951E-01  2.3549E-01  6.4782E-05  3.7026E-01  3.5999E+00  2.6507E-02 -3.5949E+00
  3.2092E-01  2.4843E-01  6.4746E-05  3.6518E-01  3.6586E+00  2.6388E-02 -3.6541E+00
  3.2231E-01  2.6063E-01  6.4601E-05  3.6007E-01  3.6883E+00  2.6226E-02 -3.6842E+00
  3.2370E-01  2.7235E-01  6.4359E-05  3.5492E-01  3.6956E+00  2.6041E-02 -3.6919E+00
  3.2513E-01  2.8383E-01  6.4025E-05  3.4967E-01  3.6846E+00  2.5854E-02 -3.6811E+00
  3.2651E-01  2.9457E-01  6.3625E-05  3.4460E-01  3.6597E+00  2.5692E-02 -3.6565E+00
  3.2791E-01  3.0507E-01  6.3158E-05  3.3950E-01  3.6237E+00  2.5559E-02 -3.6206E+00
  3.2932E-01  3.1532E-01  6.2633E-05  3.3442E-01  3.5788E+00  2.5463E-02 -3.5759E+00
  3.3070E-01  3.2509E-01  6.2075E-05  3.2951E-01  3.5286E+00  2.5405E-02 -3.5257E+00
  3.3213E-01  3.3485E-01  6.1464E-05  3.2453E-01  3.4723E+00  2.5378E-02 -3.4695E+00
  3.3351E-01  3.4413E-01  6.0841E-05  3.1976E-01  3.4143E+00  2.5378E-02 -3.4116E+00
  3.3493E-01  3.5341E-01  6.0178E-05  3.1496E-01  3.3526E+00  2.5403E-02 -3.3500E+00
  3.3631E-01  3.6220E-01  5.9516E-05  3.1039E-01  3.2916E+00  2.5447E-02 -3.2890E+00
  3.3772E-01  3.7099E-01  5.8822E-05  3.0581E-01  3.2287E+00  2.5511E-02 -3.2261E+00
  3.3911E-01  3.7953E-01  5.8121E-05  3.0135E-01  3.1663E+00  2.5590E-02 -3.1636E+00
  3.4053E-01  3.8808E-01  5.7396E-05  2.9691E-01  3.1031E+00  2.5685E-02 -3.1005E+00
  3.4193E-01  3.9638E-01  5.6672E-05  2.9259E-01  3.0415E+00  2.5789E-02 -3.0388E+00
  3.4332E-01  4.0443E-01  5.5952E-05  2.8842E-01  2.9818E+00  2.5901E-02 -2.9791E+00
  3.4473E-01  4.1249E-01  5.5220E-05  2.8427E-01  2.9225E+00  2.6021E-02 -2.9198E+00
  3.4612E-01  4.2030E-01  5.4499E-05  2.8026E-01  2.8657E+00  2.6143E-02 -2.8629E+00
  3.4752E-01  4.2812E-01  5.3770E-05  2.7627E-01  2.8097E+00  2.6271E-02 -2.8069E+00
  3.4890E-01  4.3568E-01  5.3057E-05  2.7243E-01  2.7565E+00  2.6397E-02 -2.7536E+00
  3.5030E-01  4.4325E-01  5.2338E-05  2.6861E-01  2.7043E+00  2.6526E-02 -2.7014E+00
  3.5172E-01  4.5082E-01  5.1615E-05  2.6482E-01  2.6534E+00  2.6656E-02 -2.6504E+00
  3.5311E-01  4.5814E-01  5.0910E-05  2.6118E-01  2.6053E+00  2.6783E-02 -2.6023E+00
  3.5451E-01  4.6547E-01  5.0201E-05  2.5756E-01  2.5585E+00  2.6911E-02 -2.5554E+00
  3.5593E-01  4.7279E-01  4.9488E-05  2.5397E-01  2.5130E+00  2.7039E-02 -2.5099E+00
  3.5731E-01  4.7987E-01  4.8796E-05  2.5052E-01  2.4704E+00  2.7161E-02 -2.4672E+00
  3.5871E-01  4.8695E-01  4.8104E-05  2.4710E-01  2.4290E+00  2.7279E-02 -2.4258E+00
  3.6012E-01  4.9403E-01  4.7410E-05  2.4370E-01  2.3888E+00  2.7394E-02 -2.3855E+00
  3.6150E-01  5.0087E-01  4.6740E-05  2.4044E-01  2.3511E+00  2.7499E-02 -2.3478E+00
  3.6294E-01  5.0795E-01  4.6045E-05  2.3709E-01  2.3130E+00  2.7604E-02 -2.3096E+00
  3.6434E-01  5.1479E-01  4.5372E-05  2.3388E-01  2.2771E+00  2.7699E-02 -2.2736E+00
  3.6570E-01  5.2138E-01  4.4721E-05  2.3081E-01  2.2432E+00  2.7788E-02 -2.2396E+00
  3.6712E-01  5.2821E-01  4.4046E-05  2.2765E-01  2.2086E+00  2.7872E-02 -2.2050E+00
  3.6851E-01  5.3480E-01  4.3392E-05  2.2462E-01  2.1756E+00  2.7944E-02 -2.1720E+00
  3.6995E-01  5.4164E-01  4.2711E-05  2.2151E-01  2.1416E+00  2.8004E-02 -2.1379E+00
  3.7130E-01  5.4799E-01  4.2074E-05  2.1864E-01  2.1097E+00  2.8046E-02 -2.1059E+00
  3.7271E-01  5.5458E-01  4.1405E-05  2.1569E-01  2.0760E+00  2.8076E-02 -2.0721E+00
  3.7413E-01  5.6117E-01  4.0725E-05  2.1277E-01  2.0409E+00  2.8093E-02 -2.0370E+00
  3.7551E-01  5.6752E-01  4.0059E-05  2.0999E-01  2.0054E+00  2.8102E-02 -2.0014E+00
  3.7695E-01  5.7411E-01  3.9350E-05  2.0714E-01  1.9661E+00  2.8108E-02 -1.9620E+00
  3.7834E-01  5.8046E-01  3.8646E-05  2.0443E-01  1.9249E+00  2.8117E-02 -1.9207E+00
  3.7975E-01  5.8681E-01  3.7917E-05  2.0177E-01  1.8797E+00  2.8141E-02 -1.8754E+00
  3.8110E-01  5.9291E-01  3.7186E-05  1.9926E-01  1.8310E+00  2.8211E-02 -1.8266E+00
  3.8252E-01  5.9926E-01  3.6387E-05  1.9671E-01  1.7736E+00  2.8386E-02 -1.7689E+00
  3.8394E-01  6.0561E-01  3.5540E-05  1.9424E-01  1.7076E+00  2.8733E-02 -1.7026E+00
  3.8532E-01  6.1171E-01  3.4675E-05  1.9195E-01  1.6348E+00  2.9278E-02 -1.6294E+00
  3.8675E-01  6.1806E-01  3.3720E-05  1.8967E-01  1.5486E+00  3.0077E-02 -1.5426E+00
  3.8814E-01  6.2416E-01  3.2749E-05  1.8759E-01  1.4554E+00  3.1050E-02 -1.4485E+00
  3.8953E-01  6.3026E-01  3.1735E-05  1.8565E-01  1.3528E+00  3.2123E-02 -1.3447E+00
  3.9093E-01  6.3637E-01  3.0689E-05  1.8385E-01  1.2427E+00  3.3097E-02 -1.2333E+00
  3.9233E-01  6.4247E-01  2.9631E-05  1.8220E-01  1.1288E+00  3.3746E-02 -1.1181E+00
  3.9373E-01  6.4857E-01  2.8586E-05  1.8071E-01  1.0158E+00  3.3926E-02 -1.0037E+00
  3.9514E-01  6.5468E-01  2.7579E-05  1.7938E-01  9.0865E-01  3.3650E-02 -8.9522E-01
  3.9655E-01  6.6078E-01  2.6635E-05  1.7819E-01  8.1128E-01  3.3047E-02 -7.9667E-01
  3.9790E-01  6.6664E-01  2.5803E-05  1.7716E-01  7.2953E-01  3.2335E-02 -7.1386E-01
  3.9932E-01  6.7274E-01  2.5021E-05  1.7621E-01  6.5756E-01  3.1620E-02 -6.4081E-01
  4.0073E-01  6.7885E-01  2.4324E-05  1.7535E-01  5.9859E-01  3.1032E-02 -5.8074E-01
  4.0215E-01  6.8495E-01  2.3706E-05  1.7456E-01  5.5124E-01  3.0600E-02 -5.3224E-01
  4.0350E-01  6.9081E-01  2.3174E-05  1.7386E-01  5.1500E-01  3.0320E-02 -4.9488E-01
  4.0492E-01  6.9691E-01  2.2674E-05  1.7318E-01  4.8504E-01  3.0138E-02 -4.6377E-01
  4.0634E-01  7.0302E-01  2.2217E-05  1.7254E-01  4.6139E-01  3.0035E-02 -4.3900E-01
  4.0770E-01  7.0888E-01  2.1811E-05  1.7196E-01  4.4332E-01  2.9988E-02 -4.1992E-01
  4.0912E-01  7.1498E-01  2.1415E-05  1.7138E-01  4.2825E-01  2.9974E-02 -4.0386E-01
  4.1054E-01  7.2108E-01  2.1039E-05  1.7081E-01  4.1616E-01  2.9983E-02 -3.9086E-01
  4.1190E-01  7.2694E-01  2.0693E-05  1.7029E-01  4.0673E-01  3.0007E-02 -3.8062E-01
  4.1332E-01  7.3305E-01  2.0344E-05  1.6975E-01  3.9869E-01  3.0042E-02 -3.7180E-01
  4.1474E-01  7.3915E-01  2.0005E-05  1.6923E-01  3.9208E-01  3.0084E-02 -3.6447E-01
  4.1610E-01  7.4501E-01  1.9687E-05  1.6874E-01  3.8681E-01  3.0129E-02 -3.5854E-01
  4.1752E-01  7.5111E-01  1.9360E-05  1.6823E-01  3.8220E-01  3.0179E-02 -3.5330E-01
  4.1894E-01  7.5722E-01  1.9037E-05  1.6773E-01  3.7832E-01  3.0231E-02 -3.4882E-01
  4.2031E-01  7.6308E-01  1.8730E-05  1.6726E-01  3.7513E-01  3.0282E-02 -3.4510E-01
  4.2173E-01  7.6918E-01  1.8412E-05  1.6677E-01  3.7228E-01  3.0336E-02 -3.4170E-01
  4.2315E-01  7.7528E-01  1.8096E-05  1.6629E-01  3.6981E-01  3.0391E-02 -3.3871E-01
  4.2451E-01  7.8114E-01  1.7793E-05  1.6583E-01  3.6773E-01  3.0444E-02 -3.3615E-01
  4.2593E-01  7.8725E-01  1.7479E-05  1.6535E-01  3.6581E-01  3.0498E-02 -3.3374E-01
  4.2735E-01  7.9335E-01  1.7164E-05  1.6488E-01  3.6410E-01  3.0553E-02 -3.3156E-01
  4.2872E-01  7.9921E-01  1.6861E-05  1.6443E-01  3.6262E-01  3.0606E-02 -3.2963E-01
  4.3014E-01  8.0531E-01  1.6546E-05  1.6396E-01  3.6123E-01  3.0661E-02 -3.2778E-01
  4.3156E-01  8.1142E-01  1.6231E-05  1.6350E-01  3.5996E-01  3.0715E-02 -3.2606E-01
  4.3292E-01  8.1728E-01  1.5929E-05  1.6306E-01  3.5884E-01  3.0767E-02 -3.2451E-01
  4.3434E-01  8.2338E-01  1.5613E-05  1.6260E-01  3.5776E-01  3.0821E-02 -3.2298E-01
  4.3570E-01  8.2924E-01  1.5310E-05  1.6216E-01  3.5680E-01  3.0873E-02 -3.2160E-01
  4.3713E-01  8.3534E-01  1.4993E-05  1.6170E-01  3.5587E-01  3.0926E-02 -3.2023E-01
  4.3855E-01  8.4145E-01  1.4676E-05  1.6125E-01  3.5500E-01  3.0979E-02 -3.1892E-01
  4.3991E-01  8.4731E-01  1.4371E-05  1.6081E-01  3.5422E-01  3.1030E-02 -3.1773E-01
  4.4133E-01  8.5341E-01  1.4053E-05  1.6036E-01  3.5346E-01  3.1082E-02 -3.1653E-01
  4.4275E-01  8.5951E-01  1.3735E-05  1.5991E-01  3.5274E-01  3.1134E-02 -3.1538E-01
  4.4412E-01  8.6537E-01  1.3429E-05  1.5948E-01  3.5210E-01  3.1183E-02 -3.1432E-01
  4.4700E-01  8.7776E-01  1.2779E-05  1.5858E-01  3.5085E-01  3.1286E-02 -3.1220E-01
