  3.0830E-01  7.5406E-02  4.2885E-05  3.9959E-01  6.9265E-01  8.7855E-03 -6.6586E-01
  3.0970E-01  1.0885E-01  4.1214E-05  3.9813E-01  1.4222E+00  1.5278E-02 -1.4035E+00
  3.1111E-01  1.3449E-01  3.9571E-05  3.9570E-01  2.0334E+00  1.9638E-02 -2.0192E+00
  3.1250E-01  1.5573E-01  3.7910E-05  3.9254E-01  2.5133E+00  2.2347E-02 -2.5022E+00
  3.1390E-01  1.7453E-01  3.6125E-05  3.8877E-01  2.8863E+00  2.3903E-02 -2.8774E+00
  3.1531E-01  1.9162E-01  3.4156E-05  3.8451E-01  3.1678E+00  2.4653E-02 -3.1605E+00
  3.1671E-01  2.0724E-01  3.2005E-05  3.7993E-01  3.3710E+00  2.4893E-02 -3.3650E+00
  3.1812E-01  2.2189E-01  2.9645E-05  3.7508E-01  3.5141E+00  2.4866E-02 -3.5091E+00
  3.1952E-01  2.3556E-01  2.7126E-05  3.7009E-01  3.6089E+00  2.4714E-02 -3.6045E+00
  3.2092E-01  2.4850E-01  2.4458E-05  3.6499E-01  3.6671E+00  2.4486E-02 -3.6632E+00
  3.2232E-01  2.6071E-01  2.1688E-05  3.5987E-01  3.6964E+00  2.4218E-02 -3.6930E+00
  3.2371E-01  2.7243E-01  1.8799E-05  3.5470E-01  3.7033E+00  2.3934E-02 -3.7002E+00
  3.2510E-01  2.8366E-01  1.5824E-05  3.4955E-01  3.6924E+00  2.3659E-02 -3.6895E+00
  3.2652E-01  2.9464E-01  1.2724E-05  3.4435E-01  3.6669E+00  2.3408E-02 -3.6642E+00
  3.2792E-01  3.0514E-01  9.5913E-06  3.3924E-01  3.6306E+00  2.3198E-02 -3.6281E+00
  3.2933E-01  3.1540E-01  6.3808E-06  3.3415E-01  3.5854E+00  2.3031E-02 -3.5831E+00
  3.3072E-01  3.2516E-01  3.1933E-06  3.2923E-01  3.5350E+00  2.2910E-02 -3.5327E+00
  3.3210E-01  3.3468E-01 -2.7927E-08  3.2436E-01  3.4800E+00  2.2827E-02 -3.4778E+00
  3.3353E-01  3.4421E-01 -3.3532E-06  3.1946E-01  3.4203E+00  2.2776E-02 -3.4182E+00
  3.3491E-01  3.5324E-01 -6.5975E-06  3.1477E-01  3.3602E+00  2.2756E-02 -3.3581E+00
  3.3632E-01  3.6227E-01 -9.9225E-06  3.1006E-01  3.2974E+00  2.2761E-02 -3.2953E+00
  3.3773E-01  3.7106E-01 -1.3229E-05  3.0548E-01  3.2343E+00  2.2790E-02 -3.2322E+00
  3.3912E-01  3.7961E-01 -1.6505E-05  3.0101E-01  3.1718E+00  2.2840E-02 -3.1697E+00
  3.4050E-01  3.8791E-01 -1.9741E-05  2.9668E-01  3.1103E+00  2.2906E-02 -3.1082E+00
  3.4191E-01  3.9621E-01 -2.3024E-05  2.9236E-01  3.0486E+00  2.2986E-02 -3.0465E+00
  3.4333E-01  4.0451E-01 -2.6350E-05  2.8805E-01  2.9870E+00  2.3080E-02 -2.9849E+00
  3.4474E-01  4.1256E-01 -2.9614E-05  2.8389E-01  2.9276E+00  2.3180E-02 -2.9255E+00
  3.4613E-01  4.2038E-01 -3.2808E-05  2.7987E-01  2.8707E+00  2.3285E-02 -2.8685E+00
  3.4754E-01  4.2819E-01 -3.6029E-05  2.7588E-01  2.8147E+00  2.3396E-02 -2.8125E+00
  3.4892E-01  4.3576E-01 -3.9170E-05  2.7203E-01  2.7614E+00  2.3508E-02 -2.7591E+00
  3.5032E-01  4.4333E-01 -4.2328E-05  2.6820E-01  2.7091E+00  2.3623E-02 -2.7069E+00
  3.5173E-01  4.5089E-01 -4.5501E-05  2.6440E-01  2.6581E+00  2.3741E-02 -2.6558E+00
  3.5312E-01  4.5822E-01 -4.8584E-05  2.6075E-01  2.6100E+00  2.3856E-02 -2.6076E+00
  3.5452E-01  4.6554E-01 -5.1675E-05  2.5712E-01  2.5631E+00  2.3974E-02 -2.5607E+00
  3.5594E-01  4.7287E-01 -5.4774E-05  2.5352E-01  2.5176E+00  2.4092E-02 -2.5151E+00
  3.5733E-01  4.7995E-01 -5.7774E-05  2.5007E-01  2.4749E+00  2.4206E-02 -2.4724E+00
  3.5873E-01  4.8703E-01 -6.0779E-05  2.4664E-01  2.4335E+00  2.4316E-02 -2.4309E+00
  3.6014E-01  4.9411E-01 -6.3786E-05  2.4323E-01  2.3932E+00  2.4422E-02 -2.3906E+00
  3.6152E-01  5.0094E-01 -6.6692E-05  2.3997E-01  2.3555E+00  2.4519E-02 -2.3528E+00
  3.6290E-01  5.0778E-01 -6.9601E-05  2.3672E-01  2.3186E+00  2.4613E-02 -2.3159E+00
  3.6430E-01  5.1462E-01 -7.2513E-05  2.3351E-01  2.2826E+00  2.4702E-02 -2.2799E+00
  3.6572E-01  5.2145E-01 -7.5428E-05  2.3031E-01  2.2474E+00  2.4787E-02 -2.2446E+00
  3.6714E-01  5.2829E-01 -7.8347E-05  2.2714E-01  2.2127E+00  2.4865E-02 -2.2099E+00
  3.6852E-01  5.3488E-01 -8.1168E-05  2.2411E-01  2.1797E+00  2.4929E-02 -2.1768E+00
  3.6991E-01  5.4147E-01 -8.3998E-05  2.2110E-01  2.1469E+00  2.4979E-02 -2.1439E+00
  3.7132E-01  5.4806E-01 -8.6840E-05  2.1812E-01  2.1138E+00  2.5013E-02 -2.1108E+00
  3.7273E-01  5.5465E-01 -8.9702E-05  2.1516E-01  2.0800E+00  2.5033E-02 -2.0769E+00
  3.7415E-01  5.6125E-01 -9.2593E-05  2.1223E-01  2.0450E+00  2.5042E-02 -2.0418E+00
  3.7553E-01  5.6759E-01 -9.5412E-05  2.0944E-01  2.0094E+00  2.5043E-02 -2.0062E+00
  3.7691E-01  5.7394E-01 -9.8277E-05  2.0669E-01  1.9715E+00  2.5044E-02 -1.9683E+00
  3.7831E-01  5.8029E-01 -1.0120E-04  2.0397E-01  1.9306E+00  2.5050E-02 -1.9272E+00
  3.7971E-01  5.8664E-01 -1.0420E-04  2.0130E-01  1.8855E+00  2.5078E-02 -1.8821E+00
  3.8112E-01  5.9298E-01 -1.0731E-04  1.9868E-01  1.8350E+00  2.5165E-02 -1.8315E+00
  3.8253E-01  5.9933E-01 -1.1054E-04  1.9613E-01  1.7777E+00  2.5376E-02 -1.7739E+00
  3.8390E-01  6.0544E-01 -1.1380E-04  1.9374E-01  1.7145E+00  2.5765E-02 -1.7104E+00
  3.8533E-01  6.1178E-01 -1.1739E-04  1.9135E-01  1.6391E+00  2.6413E-02 -1.6346E+00
  3.8671E-01  6.1789E-01 -1.2105E-04  1.8915E-01  1.5566E+00  2.7281E-02 -1.5516E+00
  3.8810E-01  6.2399E-01 -1.2494E-04  1.8706E-01  1.4640E+00  2.8362E-02 -1.4582E+00
  3.8955E-01  6.3034E-01 -1.2925E-04  1.8502E-01  1.3576E+00  2.9589E-02 -1.3508E+00
  3.9094E-01  6.3644E-01 -1.3364E-04  1.8321E-01  1.2477E+00  3.0641E-02 -1.2397E+00
  3.9234E-01  6.4255E-01 -1.3823E-04  1.8156E-01  1.1341E+00  3.1323E-02 -1.1248E+00
  3.9375E-01  6.4865E-01 -1.4296E-04  1.8006E-01  1.0214E+00  3.1492E-02 -1.0109E+00
  3.9516E-01  6.5475E-01 -1.4779E-04  1.7871E-01  9.1432E-01  3.1167E-02 -9.0279E-01
  3.9651E-01  6.6061E-01 -1.5243E-04  1.7756E-01  8.2071E-01  3.0520E-02 -8.0832E-01
  3.9792E-01  6.6672E-01 -1.5724E-04  1.7648E-01  7.3533E-01  2.9691E-02 -7.2215E-01
  3.9933E-01  6.7282E-01 -1.6197E-04  1.7551E-01  6.6333E-01  2.8888E-02 -6.4940E-01
  4.0075E-01  6.7892E-01 -1.6662E-04  1.7464E-01  6.0430E-01  2.8221E-02 -5.8960E-01
  4.0211E-01  6.8478E-01 -1.7099E-04  1.7387E-01  5.5854E-01  2.7743E-02 -5.4305E-01
  4.0352E-01  6.9089E-01 -1.7548E-04  1.7313E-01  5.2047E-01  2.7399E-02 -5.0414E-01
  4.0494E-01  6.9699E-01 -1.7990E-04  1.7243E-01  4.9038E-01  2.7180E-02 -4.7320E-01
  4.0630E-01  7.0285E-01 -1.8411E-04  1.7181E-01  4.6744E-01  2.7055E-02 -4.4945E-01
  4.0772E-01  7.0895E-01 -1.8845E-04  1.7118E-01  4.4840E-01  2.6985E-02 -4.2960E-01
  4.0914E-01  7.1506E-01 -1.9276E-04  1.7059E-01  4.3320E-01  2.6956E-02 -4.1365E-01
  4.1056E-01  7.2116E-01 -1.9706E-04  1.7001E-01  4.2100E-01  2.6955E-02 -4.0073E-01
  4.1192E-01  7.2702E-01 -2.0118E-04  1.6947E-01  4.1148E-01  2.6971E-02 -3.9057E-01
  4.1334E-01  7.3312E-01 -2.0546E-04  1.6892E-01  4.0335E-01  2.7000E-02 -3.8183E-01
  4.1470E-01  7.3898E-01 -2.0957E-04  1.6841E-01  3.9691E-01  2.7036E-02 -3.7483E-01
  4.1612E-01  7.4508E-01 -2.1385E-04  1.6788E-01  3.9132E-01  2.7079E-02 -3.6870E-01
  4.1754E-01  7.5119E-01 -2.1814E-04  1.6736E-01  3.8665E-01  2.7125E-02 -3.6352E-01
  4.1890E-01  7.5705E-01 -2.2226E-04  1.6687E-01  3.8286E-01  2.7172E-02 -3.5927E-01
  4.2032E-01  7.6315E-01 -2.2655E-04  1.6636E-01  3.7948E-01  2.7224E-02 -3.5543E-01
  4.2174E-01  7.6925E-01 -2.3085E-04  1.6586E-01  3.7658E-01  2.7275E-02 -3.5209E-01
  4.2311E-01  7.7511E-01 -2.3499E-04  1.6538E-01  3.7416E-01  2.7326E-02 -3.4926E-01
  4.2453E-01  7.8122E-01 -2.3930E-04  1.6488E-01  3.7195E-01  2.7380E-02 -3.4664E-01
  4.2595E-01  7.8732E-01 -2.4363E-04  1.6439E-01  3.6999E-01  2.7434E-02 -3.4428E-01
  4.2731E-01  7.9318E-01 -2.4778E-04  1.6393E-01  3.6831E-01  2.7487E-02 -3.4223E-01
  4.2873E-01  7.9928E-01 -2.5213E-04  1.6344E-01  3.6674E-01  2.7542E-02 -3.4026E-01
  4.3015E-01  8.0539E-01 -2.5648E-04  1.6296E-01  3.6531E-01  2.7597E-02 -3.3845E-01
  4.3152E-01  8.1125E-01 -2.6066E-04  1.6250E-01  3.6406E-01  2.7650E-02 -3.3684E-01
  4.3294E-01  8.1735E-01 -2.6503E-04  1.6202E-01  3.6286E-01  2.7705E-02 -3.3526E-01
  4.3430E-01  8.2321E-01 -2.6924E-04  1.6157E-01  3.6180E-01  2.7758E-02 -3.3384E-01
  4.3572E-01  8.2931E-01 -2.7362E-04  1.6109E-01  3.6077E-01  2.7813E-02 -3.3244E-01
  4.3714E-01  8.3542E-01 -2.7802E-04  1.6062E-01  3.5981E-01  2.7867E-02 -3.3111E-01
  4.3851E-01  8.4128E-01 -2.8225E-04  1.6017E-01  3.5895E-01  2.7919E-02 -3.2990E-01
  4.3993E-01  8.4738E-01 -2.8667E-04  1.5970E-01  3.5811E-01  2.7972E-02 -3.2869E-01
  4.4135E-01  8.5348E-01 -2.9109E-04  1.5924E-01  3.5733E-01  2.8026E-02 -3.2754E-01
  4.4271E-01  8.5934E-01 -2.9535E-04  1.5879E-01  3.5662E-01  2.8077E-02 -3.2648E-01
  4.4413E-01  8.6545E-01 -2.9979E-04  1.5833E-01  3.5592E-01  2.8129E-02 -3.2541E-01
  4.4700E-01  8.7776E-01 -3.0879E-04  1.5740E-01  3.5464E-01  2.8234E-02 -3.2339E-01
