  3.0831E-01  7.5576E-02  5.9022E-05  3.9953E-01  7.4023E-01  7.7455E-03 -7.2095E-01
  3.0971E-01  1.0902E-01  5.9863E-05  3.9798E-01  1.4745E+00  1.3897E-02 -1.4596E+00
  3.1111E-01  1.3441E-01  6.0655E-05  3.9550E-01  2.0793E+00  1.8002E-02 -2.0676E+00
  3.1252E-01  1.5590E-01  6.1317E-05  3.9224E-01  2.5627E+00  2.0550E-02 -2.5535E+00
  3.1392E-01  1.7470E-01  6.1804E-05  3.8839E-01  2.9331E+00  2.1901E-02 -2.9258E+00
  3.1530E-01  1.9154E-01  6.2107E-05  3.8413E-01  3.2083E+00  2.2428E-02 -3.2024E+00
  3.1670E-01  2.0717E-01  6.2235E-05  3.7950E-01  3.4098E+00  2.2441E-02 -3.4050E+00
  3.1811E-01  2.2182E-01  6.2198E-05  3.7459E-01  3.5514E+00  2.2174E-02 -3.5474E+00
  3.1951E-01  2.3549E-01  6.2016E-05  3.6955E-01  3.6447E+00  2.1779E-02 -3.6413E+00
  3.2092E-01  2.4843E-01  6.1710E-05  3.6440E-01  3.7015E+00  2.1308E-02 -3.6986E+00
  3.2231E-01  2.6063E-01  6.1299E-05  3.5923E-01  3.7296E+00  2.0800E-02 -3.7271E+00
  3.2370E-01  2.7235E-01  6.0796E-05  3.5402E-01  3.7354E+00  2.0275E-02 -3.7332E+00
  3.2513E-01  2.8383E-01  6.0201E-05  3.4872E-01  3.7230E+00  1.9749E-02 -3.7210E+00
  3.2651E-01  2.9457E-01  5.9556E-05  3.4358E-01  3.6969E+00  1.9268E-02 -3.6952E+00
  3.2791E-01  3.0507E-01  5.8847E-05  3.3844E-01  3.6597E+00  1.8831E-02 -3.6581E+00
  3.2932E-01  3.1532E-01  5.8084E-05  3.3331E-01  3.6138E+00  1.8448E-02 -3.6122E+00
  3.3070E-01  3.2509E-01  5.7298E-05  3.2834E-01  3.5626E+00  1.8129E-02 -3.5612E+00
  3.3213E-01  3.3485E-01  5.6459E-05  3.2331E-01  3.5054E+00  1.7853E-02 -3.5041E+00
  3.3351E-01  3.4413E-01  5.5616E-05  3.1849E-01  3.4466E+00  1.7632E-02 -3.4453E+00
  3.3493E-01  3.5341E-01  5.4734E-05  3.1364E-01  3.3842E+00  1.7448E-02 -3.3829E+00
  3.3631E-01  3.6220E-01  5.3865E-05  3.0903E-01  3.3225E+00  1.7310E-02 -3.3213E+00
  3.3772E-01  3.7099E-01  5.2967E-05  3.0441E-01  3.2589E+00  1.7205E-02 -3.2578E+00
  3.3911E-01  3.7953E-01  5.2070E-05  2.9991E-01  3.1959E+00  1.7134E-02 -3.1947E+00
  3.4053E-01  3.8808E-01  5.1152E-05  2.9542E-01  3.1322E+00  1.7091E-02 -3.1310E+00
  3.4194E-01  3.9638E-01  5.0244E-05  2.9106E-01  3.0700E+00  1.7075E-02 -3.0689E+00
  3.4332E-01  4.0443E-01  4.9348E-05  2.8685E-01  3.0099E+00  1.7078E-02 -3.0087E+00
  3.4473E-01  4.1249E-01  4.8442E-05  2.8265E-01  2.9501E+00  1.7100E-02 -2.9489E+00
  3.4612E-01  4.2030E-01  4.7556E-05  2.7860E-01  2.8929E+00  1.7135E-02 -2.8917E+00
  3.4752E-01  4.2812E-01  4.6663E-05  2.7458E-01  2.8365E+00  1.7182E-02 -2.8353E+00
  3.4890E-01  4.3568E-01  4.5795E-05  2.7070E-01  2.7828E+00  1.7237E-02 -2.7816E+00
  3.5030E-01  4.4325E-01  4.4923E-05  2.6684E-01  2.7303E+00  1.7300E-02 -2.7291E+00
  3.5172E-01  4.5082E-01  4.4051E-05  2.6301E-01  2.6790E+00  1.7369E-02 -2.6778E+00
  3.5311E-01  4.5814E-01  4.3206E-05  2.5933E-01  2.6306E+00  1.7442E-02 -2.6294E+00
  3.5451E-01  4.6547E-01  4.2361E-05  2.5567E-01  2.5835E+00  1.7519E-02 -2.5822E+00
  3.5593E-01  4.7279E-01  4.1518E-05  2.5204E-01  2.5377E+00  1.7600E-02 -2.5364E+00
  3.5731E-01  4.7987E-01  4.0705E-05  2.4856E-01  2.4948E+00  1.7680E-02 -2.4935E+00
  3.5871E-01  4.8695E-01  3.9895E-05  2.4510E-01  2.4531E+00  1.7758E-02 -2.4518E+00
  3.6012E-01  4.9403E-01  3.9086E-05  2.4167E-01  2.4127E+00  1.7833E-02 -2.4113E+00
  3.6150E-01  5.0087E-01  3.8308E-05  2.3837E-01  2.3747E+00  1.7901E-02 -2.3733E+00
  3.6294E-01  5.0795E-01  3.7505E-05  2.3499E-01  2.3364E+00  1.7966E-02 -2.3349E+00
  3.6434E-01  5.1479E-01  3.6731E-05  2.3174E-01  2.3002E+00  1.8026E-02 -2.2987E+00
  3.6570E-01  5.2138E-01  3.5987E-05  2.2863E-01  2.2661E+00  1.8078E-02 -2.2645E+00
  3.6712E-01  5.2821E-01  3.5216E-05  2.2544E-01  2.2312E+00  1.8125E-02 -2.2297E+00
  3.6851E-01  5.3480E-01  3.4473E-05  2.2238E-01  2.1981E+00  1.8157E-02 -2.1965E+00
  3.6995E-01  5.4164E-01  3.3701E-05  2.1923E-01  2.1638E+00  1.8173E-02 -2.1623E+00
  3.7130E-01  5.4799E-01  3.2982E-05  2.1633E-01  2.1318E+00  1.8169E-02 -2.1302E+00
  3.7271E-01  5.5458E-01  3.2230E-05  2.1335E-01  2.0979E+00  1.8146E-02 -2.0963E+00
  3.7413E-01  5.6117E-01  3.1469E-05  2.1039E-01  2.0627E+00  1.8105E-02 -2.0611E+00
  3.7551E-01  5.6752E-01  3.0726E-05  2.0758E-01  2.0271E+00  1.8056E-02 -2.0255E+00
  3.7695E-01  5.7411E-01  2.9938E-05  2.0469E-01  1.9877E+00  1.8001E-02 -1.9860E+00
  3.7835E-01  5.8046E-01  2.9160E-05  2.0195E-01  1.9465E+00  1.7955E-02 -1.9448E+00
  3.7975E-01  5.8681E-01  2.8356E-05  1.9925E-01  1.9013E+00  1.7936E-02 -1.8996E+00
  3.8110E-01  5.9291E-01  2.7553E-05  1.9671E-01  1.8528E+00  1.7990E-02 -1.8510E+00
  3.8252E-01  5.9926E-01  2.6679E-05  1.9413E-01  1.7956E+00  1.8198E-02 -1.7937E+00
  3.8394E-01  6.0561E-01  2.5757E-05  1.9162E-01  1.7300E+00  1.8655E-02 -1.7279E+00
  3.8532E-01  6.1171E-01  2.4818E-05  1.8929E-01  1.6577E+00  1.9388E-02 -1.6553E+00
  3.8675E-01  6.1806E-01  2.3782E-05  1.8697E-01  1.5722E+00  2.0459E-02 -1.5694E+00
  3.8814E-01  6.2416E-01  2.2730E-05  1.8486E-01  1.4798E+00  2.1734E-02 -1.4764E+00
  3.8953E-01  6.3026E-01  2.1629E-05  1.8288E-01  1.3781E+00  2.3097E-02 -1.3739E+00
  3.9093E-01  6.3637E-01  2.0491E-05  1.8103E-01  1.2690E+00  2.4288E-02 -1.2640E+00
  3.9233E-01  6.4247E-01  1.9333E-05  1.7934E-01  1.1562E+00  2.5039E-02 -1.1503E+00
  3.9373E-01  6.4857E-01  1.8181E-05  1.7781E-01  1.0444E+00  2.5194E-02 -1.0376E+00
  3.9514E-01  6.5468E-01  1.7062E-05  1.7642E-01  9.3809E-01  2.4778E-02 -9.3083E-01
  3.9655E-01  6.6078E-01  1.5999E-05  1.7518E-01  8.4148E-01  2.3952E-02 -8.3386E-01
  3.9790E-01  6.6664E-01  1.5047E-05  1.7411E-01  7.6026E-01  2.2988E-02 -7.5244E-01
  3.9932E-01  6.7274E-01  1.4135E-05  1.7310E-01  6.8863E-01  2.2012E-02 -6.8066E-01
  4.0073E-01  6.7885E-01  1.3303E-05  1.7218E-01  6.2982E-01  2.1199E-02 -6.2168E-01
  4.0215E-01  6.8495E-01  1.2546E-05  1.7133E-01  5.8247E-01  2.0593E-02 -5.7410E-01
  4.0351E-01  6.9081E-01  1.1878E-05  1.7058E-01  5.4613E-01  2.0193E-02 -5.3749E-01
  4.0492E-01  6.9691E-01  1.1233E-05  1.6984E-01  5.1601E-01  1.9923E-02 -5.0704E-01
  4.0634E-01  7.0302E-01  1.0630E-05  1.6914E-01  4.9215E-01  1.9762E-02 -4.8284E-01
  4.0770E-01  7.0888E-01  1.0082E-05  1.6849E-01  4.7388E-01  1.9677E-02 -4.6422E-01
  4.0912E-01  7.1498E-01  9.5355E-06  1.6785E-01  4.5860E-01  1.9636E-02 -4.4859E-01
  4.1054E-01  7.2108E-01  9.0083E-06  1.6722E-01  4.4631E-01  1.9626E-02 -4.3596E-01
  4.1190E-01  7.2694E-01  8.5163E-06  1.6663E-01  4.3670E-01  1.9637E-02 -4.2604E-01
  4.1332E-01  7.3305E-01  8.0151E-06  1.6603E-01  4.2849E-01  1.9662E-02 -4.1753E-01
  4.1474E-01  7.3915E-01  7.5226E-06  1.6545E-01  4.2173E-01  1.9695E-02 -4.1047E-01
  4.1610E-01  7.4501E-01  7.0563E-06  1.6489E-01  4.1632E-01  1.9734E-02 -4.0480E-01
  4.1752E-01  7.5111E-01  6.5757E-06  1.6432E-01  4.1159E-01  1.9778E-02 -3.9980E-01
  4.1894E-01  7.5722E-01  6.0990E-06  1.6375E-01  4.0759E-01  1.9824E-02 -3.9555E-01
  4.2031E-01  7.6308E-01  5.6440E-06  1.6322E-01  4.0431E-01  1.9871E-02 -3.9203E-01
  4.2173E-01  7.6918E-01  5.1721E-06  1.6266E-01  4.0137E-01  1.9922E-02 -3.8884E-01
  4.2315E-01  7.7528E-01  4.7017E-06  1.6211E-01  3.9881E-01  1.9973E-02 -3.8605E-01
  4.2451E-01  7.8114E-01  4.2510E-06  1.6159E-01  3.9666E-01  2.0022E-02 -3.8368E-01
  4.2593E-01  7.8725E-01  3.7822E-06  1.6104E-01  3.9466E-01  2.0075E-02 -3.8146E-01
  4.2735E-01  7.9335E-01  3.3138E-06  1.6050E-01  3.9289E-01  2.0128E-02 -3.7946E-01
  4.2872E-01  7.9921E-01  2.8642E-06  1.5999E-01  3.9135E-01  2.0179E-02 -3.7771E-01
  4.3014E-01  8.0531E-01  2.3958E-06  1.5945E-01  3.8989E-01  2.0232E-02 -3.7604E-01
  4.3150E-01  8.1117E-01  1.9459E-06  1.5894E-01  3.8862E-01  2.0282E-02 -3.7456E-01
  4.3292E-01  8.1728E-01  1.4768E-06  1.5841E-01  3.8739E-01  2.0335E-02 -3.7312E-01
  4.3434E-01  8.2338E-01  1.0074E-06  1.5788E-01  3.8626E-01  2.0387E-02 -3.7177E-01
  4.3571E-01  8.2924E-01  5.5621E-07  1.5737E-01  3.8526E-01  2.0437E-02 -3.7056E-01
  4.3713E-01  8.3534E-01  8.5684E-08  1.5685E-01  3.8428E-01  2.0489E-02 -3.6936E-01
  4.3855E-01  8.4145E-01 -3.8541E-07  1.5632E-01  3.8336E-01  2.0541E-02 -3.6823E-01
  4.3991E-01  8.4731E-01 -8.3815E-07  1.5582E-01  3.8254E-01  2.0591E-02 -3.6720E-01
  4.4133E-01  8.5341E-01 -1.3103E-06  1.5530E-01  3.8173E-01  2.0643E-02 -3.6617E-01
  4.4275E-01  8.5951E-01 -1.7829E-06  1.5478E-01  3.8097E-01  2.0694E-02 -3.6520E-01
  4.4412E-01  8.6537E-01 -2.2371E-06  1.5428E-01  3.8029E-01  2.0743E-02 -3.6430E-01
  4.4700E-01  8.7776E-01 -3.1985E-06  1.5324E-01  3.7896E-01  2.0847E-02 -3.6253E-01
