  3.0830E-01  7.5406E-02  5.9325E-05  3.9958E-01  6.9624E-01  8.7939E-03 -6.6953E-01
  3.0970E-01  1.0885E-01  6.0529E-05  3.9812E-01  1.4267E+00  1.5307E-02 -1.4079E+00
  3.1111E-01  1.3449E-01  6.1674E-05  3.9568E-01  2.0381E+00  1.9685E-02 -2.0239E+00
  3.1250E-01  1.5573E-01  6.2650E-05  3.9251E-01  2.5179E+00  2.2410E-02 -2.5067E+00
  3.1390E-01  1.7453E-01  6.3445E-05  3.8874E-01  2.8907E+00  2.3981E-02 -2.8818E+00
  3.1531E-01  1.9162E-01  6.4044E-05  3.8447E-01  3.1718E+00  2.4745E-02 -3.1646E+00
  3.1671E-01  2.0724E-01  6.4443E-05  3.7989E-01  3.3748E+00  2.4998E-02 -3.3687E+00
  3.1812E-01  2.2189E-01  6.4665E-05  3.7503E-01  3.5176E+00  2.4983E-02 -3.5125E+00
  3.1952E-01  2.3556E-01  6.4726E-05  3.7003E-01  3.6121E+00  2.4841E-02 -3.6077E+00
  3.2092E-01  2.4850E-01  6.4651E-05  3.6493E-01  3.6700E+00  2.4622E-02 -3.6662E+00
  3.2232E-01  2.6071E-01  6.4460E-05  3.5981E-01  3.6992E+00  2.4363E-02 -3.6957E+00
  3.2371E-01  2.7243E-01  6.4168E-05  3.5464E-01  3.7059E+00  2.4086E-02 -3.7027E+00
  3.2510E-01  2.8366E-01  6.3791E-05  3.4949E-01  3.6948E+00  2.3818E-02 -3.6919E+00
  3.2652E-01  2.9464E-01  6.3332E-05  3.4428E-01  3.6691E+00  2.3571E-02 -3.6664E+00
  3.2792E-01  3.0514E-01  6.2815E-05  3.3917E-01  3.6326E+00  2.3365E-02 -3.6301E+00
  3.2933E-01  3.1540E-01  6.2241E-05  3.3408E-01  3.5874E+00  2.3201E-02 -3.5849E+00
  3.3072E-01  3.2516E-01  6.1635E-05  3.2915E-01  3.5368E+00  2.3082E-02 -3.5345E+00
  3.3210E-01  3.3468E-01  6.0993E-05  3.2428E-01  3.4817E+00  2.3001E-02 -3.4795E+00
  3.3353E-01  3.4421E-01  6.0305E-05  3.1937E-01  3.4220E+00  2.2952E-02 -3.4197E+00
  3.3491E-01  3.5324E-01  5.9614E-05  3.1469E-01  3.3617E+00  2.2932E-02 -3.3596E+00
  3.3632E-01  3.6227E-01  5.8888E-05  3.0998E-01  3.2989E+00  2.2938E-02 -3.2967E+00
  3.3773E-01  3.7106E-01  5.8152E-05  3.0539E-01  3.2358E+00  2.2967E-02 -3.2336E+00
  3.3912E-01  3.7961E-01  5.7411E-05  3.0092E-01  3.1731E+00  2.3017E-02 -3.1710E+00
  3.4050E-01  3.8791E-01  5.6670E-05  2.9659E-01  3.1116E+00  2.3082E-02 -3.1095E+00
  3.4191E-01  3.9621E-01  5.5910E-05  2.9227E-01  3.0499E+00  2.3162E-02 -3.0477E+00
  3.4333E-01  4.0451E-01  5.5135E-05  2.8796E-01  2.9882E+00  2.3256E-02 -2.9860E+00
  3.4474E-01  4.1256E-01  5.4370E-05  2.8379E-01  2.9288E+00  2.3356E-02 -2.9266E+00
  3.4613E-01  4.2038E-01  5.3617E-05  2.7978E-01  2.8719E+00  2.3461E-02 -2.8697E+00
  3.4754E-01  4.2819E-01  5.2857E-05  2.7578E-01  2.8158E+00  2.3572E-02 -2.8135E+00
  3.4892E-01  4.3576E-01  5.2114E-05  2.7193E-01  2.7625E+00  2.3684E-02 -2.7602E+00
  3.5032E-01  4.4333E-01  5.1366E-05  2.6810E-01  2.7102E+00  2.3799E-02 -2.7079E+00
  3.5173E-01  4.5089E-01  5.0615E-05  2.6430E-01  2.6592E+00  2.3917E-02 -2.6568E+00
  3.5312E-01  4.5822E-01  4.9886E-05  2.6065E-01  2.6110E+00  2.4033E-02 -2.6086E+00
  3.5452E-01  4.6554E-01  4.9155E-05  2.5702E-01  2.5642E+00  2.4150E-02 -2.5617E+00
  3.5594E-01  4.7287E-01  4.8424E-05  2.5342E-01  2.5186E+00  2.4269E-02 -2.5161E+00
  3.5733E-01  4.7995E-01  4.7716E-05  2.4996E-01  2.4759E+00  2.4383E-02 -2.4734E+00
  3.5873E-01  4.8703E-01  4.7009E-05  2.4653E-01  2.4345E+00  2.4494E-02 -2.4319E+00
  3.6014E-01  4.9411E-01  4.6301E-05  2.4312E-01  2.3942E+00  2.4601E-02 -2.3916E+00
  3.6152E-01  5.0094E-01  4.5618E-05  2.3986E-01  2.3564E+00  2.4699E-02 -2.3538E+00
  3.6290E-01  5.0778E-01  4.4935E-05  2.3661E-01  2.3196E+00  2.4793E-02 -2.3169E+00
  3.6430E-01  5.1462E-01  4.4252E-05  2.3340E-01  2.2836E+00  2.4883E-02 -2.2808E+00
  3.6572E-01  5.2145E-01  4.3568E-05  2.3020E-01  2.2483E+00  2.4969E-02 -2.2455E+00
  3.6714E-01  5.2829E-01  4.2884E-05  2.2703E-01  2.2137E+00  2.5047E-02 -2.2108E+00
  3.6852E-01  5.3488E-01  4.2222E-05  2.2400E-01  2.1807E+00  2.5112E-02 -2.1777E+00
  3.6991E-01  5.4147E-01  4.1558E-05  2.2099E-01  2.1478E+00  2.5163E-02 -2.1448E+00
  3.7132E-01  5.4806E-01  4.0890E-05  2.1800E-01  2.1147E+00  2.5198E-02 -2.1116E+00
  3.7273E-01  5.5465E-01  4.0215E-05  2.1504E-01  2.0809E+00  2.5219E-02 -2.0778E+00
  3.7415E-01  5.6125E-01  3.9531E-05  2.1211E-01  2.0458E+00  2.5227E-02 -2.0426E+00
  3.7553E-01  5.6759E-01  3.8860E-05  2.0932E-01  2.0103E+00  2.5228E-02 -2.0070E+00
  3.7691E-01  5.7394E-01  3.8174E-05  2.0657E-01  1.9723E+00  2.5228E-02 -1.9690E+00
  3.7831E-01  5.8029E-01  3.7467E-05  2.0385E-01  1.9313E+00  2.5232E-02 -1.9279E+00
  3.7971E-01  5.8664E-01  3.6736E-05  2.0118E-01  1.8862E+00  2.5256E-02 -1.8827E+00
  3.8112E-01  5.9298E-01  3.5974E-05  1.9856E-01  1.8357E+00  2.5337E-02 -1.8321E+00
  3.8253E-01  5.9933E-01  3.5173E-05  1.9600E-01  1.7782E+00  2.5536E-02 -1.7744E+00
  3.8390E-01  6.0544E-01  3.4359E-05  1.9362E-01  1.7149E+00  2.5907E-02 -1.7108E+00
  3.8533E-01  6.1178E-01  3.3462E-05  1.9122E-01  1.6394E+00  2.6531E-02 -1.6349E+00
  3.8671E-01  6.1789E-01  3.2546E-05  1.8902E-01  1.5568E+00  2.7372E-02 -1.5517E+00
  3.8810E-01  6.2399E-01  3.1580E-05  1.8693E-01  1.4641E+00  2.8424E-02 -1.4583E+00
  3.8955E-01  6.3034E-01  3.0530E-05  1.8490E-01  1.3576E+00  2.9623E-02 -1.3507E+00
  3.9094E-01  6.3644E-01  2.9489E-05  1.8309E-01  1.2477E+00  3.0654E-02 -1.2397E+00
  3.9234E-01  6.4255E-01  2.8436E-05  1.8143E-01  1.1341E+00  3.1325E-02 -1.1248E+00
  3.9375E-01  6.4865E-01  2.7396E-05  1.7994E-01  1.0214E+00  3.1493E-02 -1.0109E+00
  3.9516E-01  6.5475E-01  2.6395E-05  1.7859E-01  9.1450E-01  3.1174E-02 -9.0296E-01
  3.9651E-01  6.6061E-01  2.5493E-05  1.7743E-01  8.2108E-01  3.0538E-02 -8.0866E-01
  3.9792E-01  6.6672E-01  2.4628E-05  1.7635E-01  7.3590E-01  2.9727E-02 -7.2268E-01
  3.9933E-01  6.7282E-01  2.3847E-05  1.7539E-01  6.6411E-01  2.8943E-02 -6.5012E-01
  4.0075E-01  6.7892E-01  2.3150E-05  1.7451E-01  6.0527E-01  2.8295E-02 -5.9049E-01
  4.0211E-01  6.8478E-01  2.2552E-05  1.7374E-01  5.5967E-01  2.7834E-02 -5.4410E-01
  4.0352E-01  6.9089E-01  2.1992E-05  1.7300E-01  5.2175E-01  2.7505E-02 -5.0531E-01
  4.0494E-01  6.9699E-01  2.1487E-05  1.7230E-01  4.9177E-01  2.7299E-02 -4.7446E-01
  4.0630E-01  7.0285E-01  2.1041E-05  1.7167E-01  4.6892E-01  2.7183E-02 -4.5079E-01
  4.0772E-01  7.0895E-01  2.0610E-05  1.7105E-01  4.4996E-01  2.7120E-02 -4.3100E-01
  4.0914E-01  7.1506E-01  2.0205E-05  1.7045E-01  4.3483E-01  2.7097E-02 -4.1510E-01
  4.1056E-01  7.2116E-01  1.9821E-05  1.6987E-01  4.2267E-01  2.7101E-02 -4.0223E-01
  4.1192E-01  7.2702E-01  1.9467E-05  1.6933E-01  4.1319E-01  2.7120E-02 -3.9210E-01
  4.1334E-01  7.3312E-01  1.9111E-05  1.6878E-01  4.0510E-01  2.7152E-02 -3.8338E-01
  4.1470E-01  7.3898E-01  1.8779E-05  1.6826E-01  3.9868E-01  2.7189E-02 -3.7641E-01
  4.1612E-01  7.4508E-01  1.8439E-05  1.6773E-01  3.9312E-01  2.7233E-02 -3.7030E-01
  4.1754E-01  7.5119E-01  1.8106E-05  1.6721E-01  3.8847E-01  2.7281E-02 -3.6514E-01
  4.1890E-01  7.5705E-01  1.7791E-05  1.6672E-01  3.8469E-01  2.7329E-02 -3.6089E-01
  4.2032E-01  7.6315E-01  1.7466E-05  1.6621E-01  3.8133E-01  2.7381E-02 -3.5707E-01
  4.2174E-01  7.6925E-01  1.7144E-05  1.6570E-01  3.7844E-01  2.7434E-02 -3.5374E-01
  4.2311E-01  7.7511E-01  1.6837E-05  1.6522E-01  3.7603E-01  2.7485E-02 -3.5092E-01
  4.2453E-01  7.8122E-01  1.6517E-05  1.6472E-01  3.7383E-01  2.7539E-02 -3.4830E-01
  4.2595E-01  7.8732E-01  1.6199E-05  1.6423E-01  3.7188E-01  2.7594E-02 -3.4595E-01
  4.2731E-01  7.9318E-01  1.5894E-05  1.6376E-01  3.7022E-01  2.7647E-02 -3.4390E-01
  4.2873E-01  7.9928E-01  1.5577E-05  1.6327E-01  3.6865E-01  2.7702E-02 -3.4195E-01
  4.3015E-01  8.0539E-01  1.5259E-05  1.6279E-01  3.6723E-01  2.7757E-02 -3.4014E-01
  4.3152E-01  8.1125E-01  1.4954E-05  1.6233E-01  3.6599E-01  2.7811E-02 -3.3853E-01
  4.3294E-01  8.1735E-01  1.4636E-05  1.6185E-01  3.6480E-01  2.7866E-02 -3.3696E-01
  4.3430E-01  8.2321E-01  1.4330E-05  1.6139E-01  3.6374E-01  2.7919E-02 -3.3554E-01
  4.3572E-01  8.2931E-01  1.4011E-05  1.6091E-01  3.6272E-01  2.7974E-02 -3.3415E-01
  4.3714E-01  8.3542E-01  1.3693E-05  1.6044E-01  3.6177E-01  2.8028E-02 -3.3282E-01
  4.3851E-01  8.4128E-01  1.3386E-05  1.5999E-01  3.6091E-01  2.8080E-02 -3.3161E-01
  4.3993E-01  8.4738E-01  1.3066E-05  1.5952E-01  3.6008E-01  2.8134E-02 -3.3041E-01
  4.4135E-01  8.5348E-01  1.2746E-05  1.5905E-01  3.5930E-01  2.8188E-02 -3.2926E-01
  4.4271E-01  8.5934E-01  1.2437E-05  1.5860E-01  3.5860E-01  2.8238E-02 -3.2820E-01
  4.4413E-01  8.6545E-01  1.2115E-05  1.5813E-01  3.5791E-01  2.8291E-02 -3.2714E-01
  4.4700E-01  8.7776E-01  1.1463E-05  1.5720E-01  3.5664E-01  2.8396E-02 -3.2513E-01
