  3.0830E-01  7.5437E-02  4.2256E-05  3.9961E-01  6.8317E-01  9.2724E-03 -6.5284E-01
  3.0970E-01  1.0888E-01  3.9988E-05  3.9816E-01  1.4142E+00  1.5826E-02 -1.3940E+00
  3.1111E-01  1.3452E-01  3.7832E-05  3.9574E-01  2.0269E+00  2.0222E-02 -2.0118E+00
  3.1251E-01  1.5576E-01  3.5727E-05  3.9259E-01  2.5078E+00  2.2974E-02 -2.4960E+00
  3.1390E-01  1.7456E-01  3.3543E-05  3.8883E-01  2.8816E+00  2.4576E-02 -2.8722E+00
  3.1531E-01  1.9165E-01  3.1217E-05  3.8458E-01  3.1637E+00  2.5372E-02 -3.1560E+00
  3.1671E-01  2.0727E-01  2.8748E-05  3.8001E-01  3.3674E+00  2.5654E-02 -3.3611E+00
  3.1812E-01  2.2192E-01  2.6100E-05  3.7516E-01  3.5110E+00  2.5668E-02 -3.5056E+00
  3.1952E-01  2.3559E-01  2.3322E-05  3.7017E-01  3.6061E+00  2.5548E-02 -3.6015E+00
  3.2090E-01  2.4829E-01  2.0476E-05  3.6517E-01  3.6638E+00  2.5354E-02 -3.6597E+00
  3.2232E-01  2.6074E-01  1.7436E-05  3.5995E-01  3.6943E+00  2.5107E-02 -3.6906E+00
  3.2371E-01  2.7246E-01  1.4351E-05  3.5479E-01  3.7014E+00  2.4845E-02 -3.6981E+00
  3.2511E-01  2.8369E-01  1.1195E-05  3.4965E-01  3.6907E+00  2.4587E-02 -3.6876E+00
  3.2652E-01  2.9468E-01  7.9242E-06  3.4444E-01  3.6654E+00  2.4347E-02 -3.6626E+00
  3.2792E-01  3.0517E-01  4.6361E-06  3.3934E-01  3.6293E+00  2.4145E-02 -3.6266E+00
  3.2930E-01  3.1518E-01  1.3610E-06  3.3437E-01  3.5855E+00  2.3986E-02 -3.5829E+00
  3.3072E-01  3.2519E-01 -2.0419E-06  3.2932E-01  3.5341E+00  2.3862E-02 -3.5316E+00
  3.3211E-01  3.3471E-01 -5.3889E-06  3.2446E-01  3.4792E+00  2.3777E-02 -3.4768E+00
  3.3353E-01  3.4424E-01 -8.8352E-06  3.1956E-01  3.4197E+00  2.3721E-02 -3.4173E+00
  3.3491E-01  3.5327E-01 -1.2190E-05  3.1487E-01  3.3596E+00  2.3693E-02 -3.3573E+00
  3.3633E-01  3.6230E-01 -1.5619E-05  3.1017E-01  3.2969E+00  2.3689E-02 -3.2947E+00
  3.3773E-01  3.7109E-01 -1.9022E-05  3.0558E-01  3.2340E+00  2.3705E-02 -3.2317E+00
  3.3913E-01  3.7964E-01 -2.2387E-05  3.0112E-01  3.1715E+00  2.3741E-02 -3.1693E+00
  3.4051E-01  3.8794E-01 -2.5703E-05  2.9678E-01  3.1102E+00  2.3792E-02 -3.1079E+00
  3.4191E-01  3.9624E-01 -2.9061E-05  2.9246E-01  3.0485E+00  2.3859E-02 -3.0462E+00
  3.4334E-01  4.0454E-01 -3.2454E-05  2.8816E-01  2.9870E+00  2.3937E-02 -2.9847E+00
  3.4470E-01  4.1235E-01 -3.5676E-05  2.8412E-01  2.9295E+00  2.4020E-02 -2.9271E+00
  3.4613E-01  4.2041E-01 -3.9023E-05  2.7997E-01  2.8708E+00  2.4113E-02 -2.8685E+00
  3.4754E-01  4.2822E-01 -4.2289E-05  2.7598E-01  2.8148E+00  2.4210E-02 -2.8125E+00
  3.4892E-01  4.3579E-01 -4.5468E-05  2.7213E-01  2.7616E+00  2.4307E-02 -2.7592E+00
  3.5032E-01  4.4336E-01 -4.8659E-05  2.6830E-01  2.7094E+00  2.4408E-02 -2.7070E+00
  3.5174E-01  4.5093E-01 -5.1859E-05  2.6450E-01  2.6585E+00  2.4512E-02 -2.6560E+00
  3.5313E-01  4.5825E-01 -5.4962E-05  2.6085E-01  2.6104E+00  2.4614E-02 -2.6078E+00
  3.5453E-01  4.6557E-01 -5.8069E-05  2.5723E-01  2.5635E+00  2.4719E-02 -2.5610E+00
  3.5595E-01  4.7290E-01 -6.1178E-05  2.5362E-01  2.5181E+00  2.4824E-02 -2.5154E+00
  3.5733E-01  4.7998E-01 -6.4183E-05  2.5017E-01  2.4754E+00  2.4924E-02 -2.4727E+00
  3.5873E-01  4.8706E-01 -6.7187E-05  2.4674E-01  2.4340E+00  2.5022E-02 -2.4313E+00
  3.6015E-01  4.9414E-01 -7.0189E-05  2.4333E-01  2.3938E+00  2.5116E-02 -2.3911E+00
  3.6152E-01  5.0097E-01 -7.3086E-05  2.4006E-01  2.3561E+00  2.5203E-02 -2.3533E+00
  3.6291E-01  5.0781E-01 -7.5982E-05  2.3682E-01  2.3193E+00  2.5285E-02 -2.3164E+00
  3.6431E-01  5.1465E-01 -7.8876E-05  2.3360E-01  2.2833E+00  2.5362E-02 -2.2804E+00
  3.6572E-01  5.2148E-01 -8.1770E-05  2.3041E-01  2.2481E+00  2.5435E-02 -2.2451E+00
  3.6715E-01  5.2832E-01 -8.4663E-05  2.2724E-01  2.2135E+00  2.5501E-02 -2.2105E+00
  3.6853E-01  5.3491E-01 -8.7456E-05  2.2420E-01  2.1805E+00  2.5554E-02 -2.1774E+00
  3.6992E-01  5.4150E-01 -9.0253E-05  2.2119E-01  2.1477E+00  2.5592E-02 -2.1446E+00
  3.7132E-01  5.4809E-01 -9.3060E-05  2.1821E-01  2.1146E+00  2.5616E-02 -2.1114E+00
  3.7274E-01  5.5469E-01 -9.5884E-05  2.1525E-01  2.0808E+00  2.5624E-02 -2.0776E+00
  3.7410E-01  5.6103E-01 -9.8626E-05  2.1243E-01  2.0471E+00  2.5620E-02 -2.0438E+00
  3.7553E-01  5.6762E-01 -1.0151E-04  2.0953E-01  2.0103E+00  2.5607E-02 -2.0069E+00
  3.7692E-01  5.7397E-01 -1.0433E-04  2.0677E-01  1.9724E+00  2.5591E-02 -1.9690E+00
  3.7831E-01  5.8032E-01 -1.0720E-04  2.0406E-01  1.9314E+00  2.5579E-02 -1.9279E+00
  3.7972E-01  5.8667E-01 -1.1016E-04  2.0139E-01  1.8863E+00  2.5586E-02 -1.8827E+00
  3.8112E-01  5.9302E-01 -1.1321E-04  1.9877E-01  1.8359E+00  2.5649E-02 -1.8322E+00
  3.8254E-01  5.9936E-01 -1.1639E-04  1.9621E-01  1.7784E+00  2.5827E-02 -1.7746E+00
  3.8391E-01  6.0547E-01 -1.1960E-04  1.9382E-01  1.7152E+00  2.6176E-02 -1.7110E+00
  3.8534E-01  6.1181E-01 -1.2313E-04  1.9143E-01  1.6398E+00  2.6772E-02 -1.6352E+00
  3.8672E-01  6.1792E-01 -1.2674E-04  1.8923E-01  1.5572E+00  2.7584E-02 -1.5521E+00
  3.8811E-01  6.2402E-01 -1.3058E-04  1.8714E-01  1.4645E+00  2.8605E-02 -1.4586E+00
  3.8955E-01  6.3037E-01 -1.3484E-04  1.8510E-01  1.3581E+00  2.9764E-02 -1.3512E+00
  3.9095E-01  6.3647E-01 -1.3918E-04  1.8329E-01  1.2482E+00  3.0753E-02 -1.2401E+00
  3.9235E-01  6.4258E-01 -1.4372E-04  1.8164E-01  1.1345E+00  3.1380E-02 -1.1252E+00
  3.9376E-01  6.4868E-01 -1.4842E-04  1.8014E-01  1.0217E+00  3.1510E-02 -1.0112E+00
  3.9511E-01  6.5454E-01 -1.5301E-04  1.7884E-01  9.1880E-01  3.1185E-02 -9.0733E-01
  3.9651E-01  6.6064E-01 -1.5781E-04  1.7763E-01  8.2111E-01  3.0513E-02 -8.0874E-01
  3.9793E-01  6.6675E-01 -1.6257E-04  1.7655E-01  7.3579E-01  2.9700E-02 -7.2262E-01
  3.9934E-01  6.7285E-01 -1.6727E-04  1.7559E-01  6.6387E-01  2.8925E-02 -6.4993E-01
  4.0075E-01  6.7895E-01 -1.7188E-04  1.7471E-01  6.0493E-01  2.8291E-02 -5.9018E-01
  4.0211E-01  6.8481E-01 -1.7623E-04  1.7394E-01  5.5925E-01  2.7845E-02 -5.4369E-01
  4.0353E-01  6.9092E-01 -1.8068E-04  1.7320E-01  5.2127E-01  2.7530E-02 -5.0483E-01
  4.0495E-01  6.9702E-01 -1.8507E-04  1.7251E-01  4.9126E-01  2.7333E-02 -4.7393E-01
  4.0631E-01  7.0288E-01 -1.8924E-04  1.7188E-01  4.6839E-01  2.7223E-02 -4.5022E-01
  4.0773E-01  7.0898E-01 -1.9354E-04  1.7125E-01  4.4941E-01  2.7164E-02 -4.3041E-01
  4.0914E-01  7.1509E-01 -1.9782E-04  1.7065E-01  4.3427E-01  2.7141E-02 -4.1450E-01
  4.1051E-01  7.2095E-01 -2.0191E-04  1.7010E-01  4.2255E-01  2.7143E-02 -4.0209E-01
  4.1193E-01  7.2705E-01 -2.0617E-04  1.6954E-01  4.1263E-01  2.7159E-02 -3.9150E-01
  4.1334E-01  7.3315E-01 -2.1041E-04  1.6899E-01  4.0453E-01  2.7186E-02 -3.8279E-01
  4.1471E-01  7.3901E-01 -2.1449E-04  1.6847E-01  3.9812E-01  2.7218E-02 -3.7583E-01
  4.1613E-01  7.4512E-01 -2.1873E-04  1.6794E-01  3.9257E-01  2.7255E-02 -3.6973E-01
  4.1755E-01  7.5122E-01 -2.2298E-04  1.6742E-01  3.8792E-01  2.7296E-02 -3.6459E-01
  4.1891E-01  7.5708E-01 -2.2706E-04  1.6693E-01  3.8415E-01  2.7336E-02 -3.6036E-01
  4.2033E-01  7.6318E-01 -2.3132E-04  1.6642E-01  3.8079E-01  2.7379E-02 -3.5656E-01
  4.2175E-01  7.6929E-01 -2.3558E-04  1.6591E-01  3.7791E-01  2.7424E-02 -3.5326E-01
  4.2311E-01  7.7514E-01 -2.3967E-04  1.6543E-01  3.7551E-01  2.7467E-02 -3.5046E-01
  4.2453E-01  7.8125E-01 -2.4395E-04  1.6494E-01  3.7331E-01  2.7513E-02 -3.4787E-01
  4.2595E-01  7.8735E-01 -2.4823E-04  1.6444E-01  3.7138E-01  2.7558E-02 -3.4554E-01
  4.2732E-01  7.9321E-01 -2.5235E-04  1.6397E-01  3.6971E-01  2.7602E-02 -3.4352E-01
  4.2874E-01  7.9931E-01 -2.5664E-04  1.6349E-01  3.6816E-01  2.7648E-02 -3.4160E-01
  4.3010E-01  8.0517E-01 -2.6078E-04  1.6302E-01  3.6680E-01  2.7692E-02 -3.3989E-01
  4.3152E-01  8.1128E-01 -2.6509E-04  1.6254E-01  3.6551E-01  2.7737E-02 -3.3824E-01
  4.3294E-01  8.1738E-01 -2.6941E-04  1.6206E-01  3.6433E-01  2.7782E-02 -3.3671E-01
  4.3431E-01  8.2324E-01 -2.7357E-04  1.6160E-01  3.6328E-01  2.7825E-02 -3.3532E-01
  4.3573E-01  8.2934E-01 -2.7790E-04  1.6113E-01  3.6227E-01  2.7869E-02 -3.3396E-01
  4.3715E-01  8.3545E-01 -2.8225E-04  1.6066E-01  3.6132E-01  2.7913E-02 -3.3267E-01
  4.3851E-01  8.4131E-01 -2.8643E-04  1.6020E-01  3.6048E-01  2.7956E-02 -3.3149E-01
  4.3993E-01  8.4741E-01 -2.9079E-04  1.5973E-01  3.5965E-01  2.7999E-02 -3.3032E-01
  4.4135E-01  8.5351E-01 -2.9516E-04  1.5926E-01  3.5888E-01  2.8043E-02 -3.2921E-01
  4.4272E-01  8.5937E-01 -2.9936E-04  1.5882E-01  3.5818E-01  2.8084E-02 -3.2818E-01
  4.4414E-01  8.6548E-01 -3.0374E-04  1.5835E-01  3.5750E-01  2.8127E-02 -3.2716E-01
  4.4700E-01  8.7776E-01 -3.1259E-04  1.5742E-01  3.5625E-01  2.8211E-02 -3.2522E-01
