  3.0830E-01  7.5437E-02  5.9590E-05  3.9960E-01  6.8605E-01  9.3310E-03 -6.5546E-01
  3.0970E-01  1.0888E-01  6.1082E-05  3.9815E-01  1.4166E+00  1.5955E-02 -1.3962E+00
  3.1111E-01  1.3452E-01  6.2481E-05  3.9573E-01  2.0289E+00  2.0399E-02 -2.0136E+00
  3.1251E-01  1.5576E-01  6.3682E-05  3.9258E-01  2.5093E+00  2.3187E-02 -2.4973E+00
  3.1390E-01  1.7456E-01  6.4683E-05  3.8881E-01  2.8825E+00  2.4827E-02 -2.8729E+00
  3.1531E-01  1.9165E-01  6.5477E-05  3.8456E-01  3.1641E+00  2.5666E-02 -3.1562E+00
  3.1671E-01  2.0727E-01  6.6063E-05  3.7999E-01  3.3673E+00  2.5994E-02 -3.3608E+00
  3.1812E-01  2.2192E-01  6.6463E-05  3.7514E-01  3.5104E+00  2.6054E-02 -3.5049E+00
  3.1953E-01  2.3559E-01  6.6693E-05  3.7015E-01  3.6052E+00  2.5980E-02 -3.6004E+00
  3.2090E-01  2.4829E-01  6.6777E-05  3.6515E-01  3.6626E+00  2.5832E-02 -3.6583E+00
  3.2232E-01  2.6074E-01  6.6738E-05  3.5994E-01  3.6928E+00  2.5632E-02 -3.6890E+00
  3.2371E-01  2.7246E-01  6.6590E-05  3.5478E-01  3.6998E+00  2.5414E-02 -3.6963E+00
  3.2511E-01  2.8369E-01  6.6347E-05  3.4964E-01  3.6889E+00  2.5198E-02 -3.6857E+00
  3.2652E-01  2.9468E-01  6.6017E-05  3.4444E-01  3.6635E+00  2.5000E-02 -3.6604E+00
  3.2792E-01  3.0517E-01  6.5621E-05  3.3934E-01  3.6272E+00  2.4838E-02 -3.6243E+00
  3.2930E-01  3.1518E-01  6.5173E-05  3.3438E-01  3.5833E+00  2.4718E-02 -3.5805E+00
  3.3072E-01  3.2519E-01  6.4663E-05  3.2933E-01  3.5317E+00  2.4634E-02 -3.5291E+00
  3.3211E-01  3.3471E-01  6.4124E-05  3.2447E-01  3.4768E+00  2.4584E-02 -3.4742E+00
  3.3353E-01  3.4424E-01  6.3536E-05  3.1957E-01  3.4172E+00  2.4561E-02 -3.4146E+00
  3.3491E-01  3.5327E-01  6.2939E-05  3.1489E-01  3.3571E+00  2.4564E-02 -3.3546E+00
  3.3633E-01  3.6230E-01  6.2307E-05  3.1019E-01  3.2943E+00  2.4590E-02 -3.2919E+00
  3.3773E-01  3.7109E-01  6.1662E-05  3.0560E-01  3.2313E+00  2.4636E-02 -3.2289E+00
  3.3913E-01  3.7964E-01  6.1010E-05  3.0115E-01  3.1689E+00  2.4700E-02 -3.1664E+00
  3.4051E-01  3.8794E-01  6.0356E-05  2.9682E-01  3.1074E+00  2.4779E-02 -3.1050E+00
  3.4191E-01  3.9624E-01  5.9685E-05  2.9250E-01  3.0458E+00  2.4871E-02 -3.0433E+00
  3.4334E-01  4.0454E-01  5.8999E-05  2.8820E-01  2.9842E+00  2.4974E-02 -2.9817E+00
  3.4470E-01  4.1235E-01  5.8343E-05  2.8417E-01  2.9267E+00  2.5080E-02 -2.9242E+00
  3.4613E-01  4.2041E-01  5.7658E-05  2.8003E-01  2.8680E+00  2.5197E-02 -2.8655E+00
  3.4754E-01  4.2822E-01  5.6986E-05  2.7604E-01  2.8120E+00  2.5315E-02 -2.8094E+00
  3.4892E-01  4.3579E-01  5.6330E-05  2.7219E-01  2.7588E+00  2.5434E-02 -2.7561E+00
  3.5032E-01  4.4336E-01  5.5671E-05  2.6837E-01  2.7066E+00  2.5555E-02 -2.7039E+00
  3.5174E-01  4.5093E-01  5.5009E-05  2.6458E-01  2.6556E+00  2.5678E-02 -2.6529E+00
  3.5313E-01  4.5825E-01  5.4367E-05  2.6093E-01  2.6075E+00  2.5800E-02 -2.6048E+00
  3.5453E-01  4.6557E-01  5.3726E-05  2.5731E-01  2.5607E+00  2.5922E-02 -2.5579E+00
  3.5590E-01  4.7265E-01  5.3106E-05  2.5383E-01  2.5167E+00  2.6040E-02 -2.5139E+00
  3.5733E-01  4.7998E-01  5.2466E-05  2.5026E-01  2.4726E+00  2.6161E-02 -2.4697E+00
  3.5873E-01  4.8706E-01  5.1849E-05  2.4683E-01  2.4312E+00  2.6275E-02 -2.4282E+00
  3.6015E-01  4.9414E-01  5.1234E-05  2.4343E-01  2.3910E+00  2.6385E-02 -2.3880E+00
  3.6152E-01  5.0097E-01  5.0641E-05  2.4017E-01  2.3533E+00  2.6486E-02 -2.3502E+00
  3.6291E-01  5.0781E-01  5.0050E-05  2.3693E-01  2.3165E+00  2.6583E-02 -2.3133E+00
  3.6431E-01  5.1465E-01  4.9460E-05  2.3371E-01  2.2805E+00  2.6676E-02 -2.2773E+00
  3.6572E-01  5.2148E-01  4.8871E-05  2.3052E-01  2.2453E+00  2.6763E-02 -2.2420E+00
  3.6715E-01  5.2832E-01  4.8283E-05  2.2736E-01  2.2107E+00  2.6844E-02 -2.2073E+00
  3.6853E-01  5.3491E-01  4.7714E-05  2.2433E-01  2.1777E+00  2.6911E-02 -2.1743E+00
  3.6992E-01  5.4150E-01  4.7145E-05  2.2132E-01  2.1449E+00  2.6964E-02 -2.1414E+00
  3.7132E-01  5.4809E-01  4.6572E-05  2.1834E-01  2.1118E+00  2.7002E-02 -2.1083E+00
  3.7274E-01  5.5469E-01  4.5993E-05  2.1539E-01  2.0780E+00  2.7026E-02 -2.0744E+00
  3.7410E-01  5.6103E-01  4.5428E-05  2.1257E-01  2.0443E+00  2.7036E-02 -2.0406E+00
  3.7553E-01  5.6762E-01  4.4830E-05  2.0968E-01  2.0074E+00  2.7039E-02 -2.0037E+00
  3.7692E-01  5.7397E-01  4.4240E-05  2.0693E-01  1.9695E+00  2.7040E-02 -1.9657E+00
  3.7831E-01  5.8032E-01  4.3632E-05  2.0422E-01  1.9284E+00  2.7043E-02 -1.9245E+00
  3.7972E-01  5.8667E-01  4.3000E-05  2.0155E-01  1.8833E+00  2.7063E-02 -1.8793E+00
  3.8113E-01  5.9302E-01  4.2339E-05  1.9894E-01  1.8327E+00  2.7134E-02 -1.8286E+00
  3.8254E-01  5.9936E-01  4.1642E-05  1.9638E-01  1.7752E+00  2.7313E-02 -1.7708E+00
  3.8391E-01  6.0547E-01  4.0932E-05  1.9400E-01  1.7118E+00  2.7653E-02 -1.7071E+00
  3.8534E-01  6.1181E-01  4.0145E-05  1.9161E-01  1.6362E+00  2.8231E-02 -1.6311E+00
  3.8672E-01  6.1792E-01  3.9339E-05  1.8942E-01  1.5534E+00  2.9016E-02 -1.5477E+00
  3.8811E-01  6.2402E-01  3.8488E-05  1.8734E-01  1.4605E+00  3.0004E-02 -1.4540E+00
  3.8956E-01  6.3037E-01  3.7563E-05  1.8531E-01  1.3539E+00  3.1138E-02 -1.3463E+00
  3.9095E-01  6.3647E-01  3.6648E-05  1.8350E-01  1.2438E+00  3.2119E-02 -1.2350E+00
  3.9235E-01  6.4258E-01  3.5728E-05  1.8185E-01  1.1300E+00  3.2761E-02 -1.1199E+00
  3.9376E-01  6.4868E-01  3.4827E-05  1.8036E-01  1.0172E+00  3.2925E-02 -1.0058E+00
  3.9511E-01  6.5454E-01  3.4006E-05  1.7908E-01  9.1436E-01  3.2643E-02 -9.0176E-01
  3.9652E-01  6.6064E-01  3.3217E-05  1.7788E-01  8.1680E-01  3.2024E-02 -8.0313E-01
  3.9793E-01  6.6675E-01  3.2511E-05  1.7680E-01  7.3165E-01  3.1260E-02 -7.1701E-01
  3.9934E-01  6.7285E-01  3.1894E-05  1.7584E-01  6.5993E-01  3.0526E-02 -6.4433E-01
  4.0075E-01  6.7895E-01  3.1366E-05  1.7498E-01  6.0118E-01  2.9924E-02 -5.8460E-01
  4.0211E-01  6.8481E-01  3.0933E-05  1.7421E-01  5.5568E-01  2.9499E-02 -5.3812E-01
  4.0353E-01  6.9092E-01  3.0548E-05  1.7348E-01  5.1786E-01  2.9199E-02 -4.9926E-01
  4.0495E-01  6.9702E-01  3.0219E-05  1.7280E-01  4.8800E-01  2.9014E-02 -4.6835E-01
  4.0631E-01  7.0288E-01  2.9946E-05  1.7218E-01  4.6524E-01  2.8913E-02 -4.4463E-01
  4.0773E-01  7.0898E-01  2.9695E-05  1.7156E-01  4.4637E-01  2.8861E-02 -4.2479E-01
  4.0914E-01  7.1509E-01  2.9472E-05  1.7097E-01  4.3132E-01  2.8846E-02 -4.0885E-01
  4.1051E-01  7.2095E-01  2.9278E-05  1.7042E-01  4.1968E-01  2.8854E-02 -3.9640E-01
  4.1193E-01  7.2705E-01  2.9092E-05  1.6987E-01  4.0982E-01  2.8877E-02 -3.8577E-01
  4.1334E-01  7.3315E-01  2.8918E-05  1.6932E-01  4.0178E-01  2.8910E-02 -3.7702E-01
  4.1471E-01  7.3901E-01  2.8761E-05  1.6882E-01  3.9542E-01  2.8949E-02 -3.7002E-01
  4.1613E-01  7.4512E-01  2.8604E-05  1.6829E-01  3.8990E-01  2.8993E-02 -3.6388E-01
  4.1755E-01  7.5122E-01  2.8454E-05  1.6778E-01  3.8528E-01  2.9040E-02 -3.5869E-01
  4.1891E-01  7.5708E-01  2.8313E-05  1.6730E-01  3.8154E-01  2.9088E-02 -3.5442E-01
  4.2033E-01  7.6318E-01  2.8171E-05  1.6679E-01  3.7821E-01  2.9139E-02 -3.5057E-01
  4.2175E-01  7.6929E-01  2.8031E-05  1.6630E-01  3.7535E-01  2.9192E-02 -3.4721E-01
  4.2311E-01  7.7514E-01  2.7899E-05  1.6583E-01  3.7296E-01  2.9243E-02 -3.4436E-01
  4.2453E-01  7.8125E-01  2.7763E-05  1.6534E-01  3.7078E-01  2.9296E-02 -3.4172E-01
  4.2596E-01  7.8735E-01  2.7627E-05  1.6486E-01  3.6885E-01  2.9350E-02 -3.3934E-01
  4.2732E-01  7.9321E-01  2.7498E-05  1.6440E-01  3.6720E-01  2.9401E-02 -3.3727E-01
  4.2874E-01  7.9931E-01  2.7364E-05  1.6392E-01  3.6566E-01  2.9455E-02 -3.3529E-01
  4.3010E-01  8.0517E-01  2.7235E-05  1.6346E-01  3.6431E-01  2.9506E-02 -3.3354E-01
  4.3152E-01  8.1128E-01  2.7100E-05  1.6299E-01  3.6303E-01  2.9559E-02 -3.3183E-01
  4.3294E-01  8.1738E-01  2.6965E-05  1.6252E-01  3.6185E-01  2.9612E-02 -3.3024E-01
  4.3431E-01  8.2324E-01  2.6835E-05  1.6207E-01  3.6081E-01  2.9663E-02 -3.2880E-01
  4.3573E-01  8.2934E-01  2.6699E-05  1.6160E-01  3.5980E-01  2.9715E-02 -3.2739E-01
  4.3715E-01  8.3545E-01  2.6563E-05  1.6114E-01  3.5886E-01  2.9768E-02 -3.2604E-01
  4.3851E-01  8.4131E-01  2.6431E-05  1.6070E-01  3.5802E-01  2.9818E-02 -3.2481E-01
  4.3993E-01  8.4741E-01  2.6292E-05  1.6024E-01  3.5720E-01  2.9869E-02 -3.2358E-01
  4.4136E-01  8.5351E-01  2.6153E-05  1.5978E-01  3.5643E-01  2.9921E-02 -3.2241E-01
  4.4272E-01  8.5937E-01  2.6019E-05  1.5934E-01  3.5573E-01  2.9969E-02 -3.2132E-01
  4.4414E-01  8.6548E-01  2.5877E-05  1.5888E-01  3.5505E-01  3.0020E-02 -3.2024E-01
  4.4700E-01  8.7776E-01  2.5590E-05  1.5797E-01  3.5381E-01  3.0120E-02 -3.1819E-01
