x y c
0.125  0.02  0.0001373541415088952
0.12875  0.02  870.6182222366333
0.1325  0.02  450.7693023681641
0.13625  0.02  227.1473608016968
0.14  0.02  118.4655504226685
0.14375  0.02  64.63106298446655
0.1475  0.02  36.7137770652771
0.15125  0.02  21.51157093048096
0.155  0.02  12.88141345977783
0.15875  0.02  7.824471473693848
0.1625  0.02  4.792697191238403
0.16625  0.02  2.944037199020386
0.17  0.02  1.799792289733887
0.17375  0.02  1.077596426010132
0.1775  0.02  0.6049768924713135
0.18125  0.02  0.2714104652404785
0.185  0.02  3.576278686523438e-06

0.125  0.0200625  82.18643629550934
0.12875  0.02009765625  870.7281460953287
0.1325  0.0201328125  450.7722183048463
0.13625  0.02016796875  227.1388495780985
0.14  0.020203125  118.457504245403
0.14375  0.02023828125  64.62572954172948
0.1475  0.0202734375  36.71077164592542
0.15125  0.02030859375  21.51000927711246
0.155  0.02034375  12.88065284621357
0.15875  0.02037890625  7.824134093262896
0.1625  0.0204140625  4.792604081257148
0.16625  0.02044921875  2.944126997193649
0.17  0.020484375  1.800073462939066
0.17375  0.02051953125  1.078201411018485
0.1775  0.0205546875  0.6062113281957218
0.18125  0.02058984375  0.2745120112736964
0.185  0.020625  0.04354205728621596

0.125  0.020125  165.4018053710461
0.12875  0.0201953125  871.057136897448
0.1325  0.020265625  450.7809147230402
0.13625  0.0203359375  227.1133358322858
0.14  0.02040625  118.4333988393545
0.14375  0.0204765625  64.60979087018016
0.1475  0.020546875  36.70172472055085
0.15125  0.0206171875  21.50529005395289
0.155  0.0206875  12.87835779871585
0.15875  0.0207578125  7.82313750721058
0.1625  0.020828125  4.792339341577187
0.16625  0.0208984375  2.944391861383133
0.17  0.02096875  1.800922557948109
0.17375  0.0210390625  1.079977387768475
0.1775  0.021109375  0.6098612266686018
0.18125  0.0211796875  0.2835228521888133
0.185  0.02125  0.08681443334149609

0.125  0.0201875  250.747431665659
0.12875  0.02029296875  871.6026568698893
0.1325  0.0203984375  450.7952391084323
0.13625  0.02050390625  227.0707593992585
0.14  0.020609375  118.3932195359617
0.14375  0.02071484375  64.58323206942077
0.1475  0.0208203125  36.68663582718843
0.15125  0.02092578125  21.49743501918012
0.155  0.02103125  12.8745400035291
0.15875  0.02113671875  7.821476258209158
0.1625  0.0212421875  4.791899567325831
0.16625  0.02134765625  2.944825872075932
0.17  0.021453125  1.802315717612956
0.17375  0.02155859375  1.082895786132127
0.1775  0.0216640625  0.6158200017167005
0.18125  0.02176953125  0.2977294493671697
0.185  0.021875  0.129545271396637

0.125  0.02025  339.4819956421852
0.12875  0.020390625  872.3604611498894
0.1325  0.02053125  450.8148988408674
0.13625  0.020671875  227.0110646762543
0.14  0.0208125  118.3369487015274
0.14375  0.020953125  64.54605162683859
0.1475  0.02109375  36.66553099052562
0.15125  0.021234375  21.48645265125668
0.155  0.021375  12.86920117785879
0.15875  0.021515625  7.819156451127284
0.1625  0.02165625  4.79127800624572
0.16625  0.021796875  2.945418076760265
0.17  0.0219375  1.80423499019551
0.17375  0.022078125  1.08689573925356
0.1775  0.02221875  0.6239031395754898
0.18125  0.022359375  0.3161415463573273
0.185  0.0225  0.1714680492879618

0.125  0.0203125  433.1346267163754
0.12875  0.02048828125  873.3247286884736
0.1325  0.0206640625  450.8395545866341
0.13625  0.02083984375  226.9341522486012
0.14  0.021015625  118.2645462697951
0.14375  0.02119140625  64.49824881788295
0.1475  0.0213671875  36.63842130317577
0.15125  0.02154296875  21.47234530205793
0.155  0.02171875  12.86234829611952
0.15875  0.02189453125  7.81617428441437
0.1625  0.0220703125  4.790473825458193
0.16625  0.02224609375  2.946157504577994
0.17  0.022421875  1.80664291854518
0.17375  0.02259765625  1.091894947870157
0.1775  0.0227734375  0.6338740547323434
0.18125  0.02294921875  0.337701883416102
0.185  0.023125  0.2123259603977203

0.125  0.020375  533.6686039865017
0.12875  0.0205859375  874.4879633295207
0.1325  0.020796875  450.8687214302317
0.13625  0.0210078125  226.839920079089
0.14  0.02121875  118.1759896720184
0.14375  0.0214296875  64.4398405081852
0.1475  0.021640625  36.60531750183307
0.15125  0.0218515625  21.45514131273707
0.155  0.0220625  12.85398914196474
0.15875  0.0222734375  7.812537020108627
0.1625  0.022484375  4.789477404833155
0.16625  0.0226953125  2.947024322997905
0.17  0.02290625  1.809499845374964
0.17375  0.0231171875  1.09779148817488
0.1775  0.023328125  0.6454535313925889
0.18125  0.0235390625  0.3614156566200392
0.185  0.02375  0.2518587708474334

0.125  0.0204375  643.7304390966892
0.12875  0.02068359375  875.8409017270228
0.1325  0.0209296875  450.9018230506933
0.13625  0.02117578125  226.7282088559713
0.14  0.021421875  118.0712371519668
0.14375  0.02166796875  64.37082754261453
0.1475  0.0219140625  36.56624691981703
0.15125  0.02216015625  21.43484807764191
0.155  0.02240625  12.84414196725246
0.15875  0.02265234375  7.808246430093831
0.1625  0.0228984375  4.788288514535538
0.16625  0.02314453125  2.948000320263915
0.17  0.023390625  1.812751518075582
0.17375  0.02363671875  1.104467337154853
0.1775  0.0238828125  0.6583338361101109
0.18125  0.02412890625  0.3864127893233325
0.185  0.024375  0.289828047156432

0.125  0.0205  767.0405952334404
0.12875  0.02078125  877.3722563593811
0.1325  0.0210625  450.9382192835045
0.13625  0.02134375  226.5988560532782
0.14  0.021625  117.9502368463488
0.14375  0.02190625  64.29122402627084
0.1475  0.0221875  36.52122989891456
0.15125  0.02246875  21.41149754337762
0.155  0.02275  12.83281938412952
0.15875  0.02303125  7.803307676778672
0.1625  0.0233125  4.786895452502226
0.16625  0.02359375  2.949053911309325
0.17  0.023875  1.816343498172032
0.17375  0.02415625  1.111790840565758
0.1775  0.0244375  0.6721951322540747
0.18125  0.02471875  0.4119563393536494
0.185  0.025  0.3259980231537463

0.125  0.0205625  909.0176494121552
0.12875  0.02087890625  879.0683789188572
0.1325  0.0211953125  450.9771677015034
0.13625  0.02151171875  226.4516795153212
0.14  0.021828125  117.8129498176232
0.14375  0.02214453125  64.20103567774377
0.1475  0.0224609375  36.47030014272352
0.15125  0.02277734375  21.38510701121342
0.155  0.02309375  12.82002710027258
0.15875  0.02341015625  7.797725109446851
0.1625  0.0237265625  4.785294725573172
0.16625  0.02404296875  2.950172086687115
0.17  0.024359375  1.820213401610478
0.17375  0.02467578125  1.119622276843521
0.1775  0.0249921875  0.6867100925444404
0.18125  0.02530859375  0.437435112932566
0.185  0.025625  0.3601368665698347

0.125  0.020625  1077.787400782108
0.12875  0.0209765625  880.9131481659043
0.1325  0.021328125  451.0178363958059
0.13625  0.0216796875  226.2864601501944
0.14  0.02203125  117.6593089483216
0.14375  0.0223828125  64.10027810981788
0.1475  0.022734375  36.41348641461826
0.15125  0.0230859375  21.35570821347262
0.155  0.0234375  12.80579383718338
0.15875  0.0237890625  7.791504037109126
0.1625  0.024140625  4.78347881557401
0.16625  0.0244921875  2.951317361172261
0.17  0.02484375  1.824292250812805
0.17375  0.0251953125  1.127809098512185
0.1775  0.025546875  0.7015625229798936
0.18125  0.0258984375  0.4623434733569272
0.185  0.02625  0.3920380175113678

0.125  0.0206875  1285.827045202255
0.12875  0.02107421875  882.888914980184
0.1325  0.0214609375  451.0592859414126
0.13625  0.02184765625  226.1029585659255
0.14  0.022234375  117.4892428358146
0.14375  0.02262109375  63.98896257145363
0.1475  0.0230078125  36.35082906100422
0.15125  0.02339453125  21.32333481711435
0.155  0.02378125  12.79013980935255
0.15875  0.02416796875  7.784657827602549
0.1625  0.0245546875  4.781437893066234
0.16625  0.02494140625  2.952460446479375
0.17  0.025328125  1.828511373357935
0.17375  0.02571484375  1.13620425575176
0.1775  0.0261015625  0.716448084157947
0.18125  0.02648828125  0.486257943522097
0.185  0.026875  0.4215049743652344

0.125  0.02075  1552.658181130886
0.12875  0.021171875  884.9822034002098
0.1325  0.02159375  451.1004995186942
0.13625  0.022015625  225.9009173275567
0.14  0.0224375  117.3026857315105
0.14375  0.022859375  63.86711166355126
0.1475  0.02328125  36.28236876992175
0.15125  0.023703125  21.28802399740728
0.155  0.024125  12.77308188440744
0.15875  0.024546875  7.777188206258683
0.1625  0.02496875  4.779165863662089
0.16625  0.025390625  2.953573602150022
0.17  0.0258125  1.832796279703173
0.17375  0.026234375  1.144654657441211
0.1775  0.02665625  0.7310816768577703
0.18125  0.027078125  0.508827612883043
0.185  0.0275  0.4483588337898254

0.125  0.0208125  1909.272777229548
0.12875  0.02126953125  887.2020539789205
0.1325  0.0217265625  451.1402862499235
0.13625  0.02218359375  225.6800843580376
0.14  0.022640625  117.0995662417514
0.14375  0.02309765625  63.73474713526819
0.1475  0.0235546875  36.20815259963588
0.15125  0.02401171875  21.24981127975598
0.155  0.02446875  12.75464916970511
0.15875  0.02492578125  7.769105143572133
0.1625  0.0253828125  4.776651725730362
0.16625  0.02583984375  2.954618672760651
0.17  0.026296875  1.83707211169086
0.17375  0.02675390625  1.153010770028184
0.1775  0.0272109375  0.745197047530791
0.18125  0.02766796875  0.5297560313419681
0.185  0.028125  0.4724284633994102

0.125  0.020875  2405.422241270542
0.12875  0.0213671875  889.6317581752965
0.1325  0.021859375  451.1776453552155
0.13625  0.0223515625  225.4401382467701
0.14  0.02284375  116.8798126012036
0.14375  0.0233359375  63.59188969237406
0.1475  0.023828125  36.12822788286932
0.15125  0.0243203125  21.20874302605193
0.155  0.0248125  12.73486575656963
0.15875  0.0253046875  7.76041984712529
0.1625  0.025796875  4.773891553160378
0.16625  0.0262890625  2.955567736489071
0.17  0.02678125  1.841269266036432
0.17375  0.0272734375  1.16112756472559
0.1775  0.027765625  0.7585531036765838
0.18125  0.0282578125  0.5487944286210867
0.185  0.02875  0.4935722127561983

0.125  0.0209375  3121.633729577065
0.12875  0.02146484375  892.5617696410018
0.1325  0.0219921875  451.2131953827342
0.13625  0.02251953125  225.1807763019471
0.14  0.023046875  116.6433215955685
0.14375  0.02357421875  63.438563239437
0.1475  0.0241015625  36.04264774526257
0.15125  0.02462890625  21.16486255305479
0.155  0.02515625  12.71376164159053
0.15875  0.02568359375  7.751144004645191
0.1625  0.0262109375  4.770876000685525
0.16625  0.02673828125  2.956390021287231
0.17  0.027265625  1.845312661946672
0.17375  0.02779296875  1.168867304465948
0.1775  0.0283203125  0.7709338742969297
0.18125  0.02884765625  0.5657347685474636
0.185  0.029375  0.511657427996397

0.125  0.021  4189.022968530655
0.12875  0.0215625  896.8106372082453
0.1325  0.022125  451.255126523888
0.13625  0.0226875  224.9017420733115
0.14  0.02325  116.3900353240033
0.14375  0.0238125  63.27480879069371
0.1475  0.024375  35.95149403012893
0.15125  0.0249375  21.1182257877286
0.155  0.0255  12.6913675113734
0.15875  0.0260625  7.741289620955928
0.1625  0.026625  4.767596723395505
0.16625  0.0271875  2.957049253840077
0.17  0.02775  1.849128906901764
0.17375  0.0283125  1.176103377584642
0.1775  0.028875  0.7821455861783743
0.18125  0.0294375  0.5804074126607306
0.185  0.03  0.5265805274386297

