x y c
0.125  0.021  6010.953932842301
0.12875  0.0215625  893.758478723171
0.1325  0.022125  451.2413386607421
0.13625  0.0226875  224.9017472620182
0.14  0.02325  116.3900541249128
0.14375  0.0238125  63.27481101434206
0.1475  0.024375  35.95148619128781
0.15125  0.0249375  21.11822519218158
0.155  0.0255  12.69137353015358
0.15875  0.0260625  7.741282754863078
0.1625  0.026625  4.767597380082338
0.16625  0.0271875  2.957046059570734
0.17  0.02775  1.849133748150792
0.17375  0.0283125  1.176102062138437
0.1775  0.028875  0.7821489542641764
0.18125  0.0294375  0.5804075402721109
0.185  0.03  0.5265812873874876

0.1253125  0.021875  2070.235232775103
0.12904296875  0.02240234375  868.1183029407701
0.1327734375  0.0229296875  428.3787275002952
0.13650390625  0.02345703125  213.3299395049386
0.140234375  0.023984375  110.9086289284855
0.14396484375  0.02451171875  60.69753842113956
0.1476953125  0.0250390625  34.72009444213406
0.15142578125  0.02556640625  20.51606073269426
0.15515625  0.02609375  12.39102967927285
0.15888671875  0.02662109375  7.590148757273159
0.1626171875  0.0271484375  4.69231785628233
0.16634765625  0.02767578125  2.921344041707938
0.170078125  0.028203125  1.834650043313913
0.17380859375  0.02873046875  1.173397673234631
0.1775390625  0.0292578125  0.7860482682490062
0.18126953125  0.02978515625  0.5872304618005038
0.185  0.0303125  0.5328197479282186

0.125625  0.02275  1895.938255880142
0.1293359375  0.0232421875  835.4630571644357
0.133046875  0.023734375  405.6677024631815
0.1367578125  0.0242265625  201.8860269852651
0.14046875  0.02471875  105.5025639675742
0.1441796875  0.0252109375  58.16373783128902
0.147890625  0.025703125  33.51166858144439
0.1516015625  0.0261953125  19.92530446950082
0.1553125  0.0266875  12.09613930294111
0.1590234375  0.0271796875  7.441525306048192
0.162734375  0.027671875  4.618135414854176
0.1664453125  0.0281640625  2.886031573902498
0.17015625  0.02865625  1.820159860246412
0.1738671875  0.0291484375  1.170382102645055
0.177578125  0.029640625  0.7893405289758834
0.1812890625  0.0301328125  0.5932132438907239
0.185  0.030625  0.5382388532163825

0.1259375  0.023625  1784.36403220618
0.12962890625  0.02408203125  797.961075726998
0.1333203125  0.0245390625  382.9972924648608
0.13701171875  0.02499609375  190.5738135141178
0.140703125  0.025453125  100.1867127803462
0.14439453125  0.02591015625  55.68087131425492
0.1480859375  0.0263671875  32.32898155298754
0.15177734375  0.02682421875  19.34686243170744
0.15546875  0.02728125  11.80696320055224
0.15916015625  0.02773828125  7.295469558818991
0.1628515625  0.0281953125  4.545033984714629
0.16654296875  0.02865234375  2.851068847383104
0.170234375  0.029109375  1.805605848184902
0.17392578125  0.02956640625  1.166992265722789
0.1776171875  0.0300234375  0.7919698097859427
0.18130859375  0.03048046875  0.5983261973634229
0.185  0.0309375  0.5428236424956453

0.12625  0.0245  1683.393629050758
0.129921875  0.024921875  757.314620488636
0.13359375  0.02534375  360.3365933427688
0.137265625  0.025765625  179.4070399584808
0.1409375  0.0261875  94.97675745445184
0.144609375  0.026609375  53.25603089214972
0.14828125  0.02703125  31.17455694475535
0.151953125  0.027453125  18.78153740580134
0.155625  0.027875  11.5237271264995
0.159296875  0.028296875  7.152028700292318
0.16296875  0.02871875  4.472995918837778
0.166640625  0.029140625  2.816411994575464
0.1703125  0.0295625  1.790934091871522
0.173984375  0.029984375  1.16317223680119
0.17765625  0.03040625  0.7938904818512325
0.181328125  0.030828125  0.6025498310028113
0.185  0.03125  0.5465754717588425

0.1265625  0.025375  1585.836398158719
0.13021484375  0.02576171875  714.8426227585999
0.1338671875  0.0261484375  337.6974733111264
0.13751953125  0.02653515625  168.4082006667166
0.141171875  0.026921875  89.8890573509769
0.14482421875  0.02730859375  50.89588992535855
0.1484765625  0.0276953125  30.05067107086826
0.15212890625  0.02808203125  18.23004012064822
0.15578125  0.02846875  11.24663034374305
0.15943359375  0.02885546875  7.011236810892811
0.1630859375  0.0292421875  4.402002094825713
0.16673828125  0.02962890625  2.782021443999465
0.170390625  0.030015625  1.776092609044419
0.17404296875  0.03040234375  1.158868794278729
0.1776953125  0.0307890625  0.7950636180068641
0.18134765625  0.03117578125  0.6058660493317709
0.185  0.0315625  0.5494798049330711

0.126875  0.02625  1490.748127708892
0.1305078125  0.0266015625  671.4408700631271
0.134140625  0.026953125  315.111154105724
0.1377734375  0.0273046875  157.6077088625852
0.14140625  0.02765625  84.94043074076198
0.1450390625  0.0280078125  48.60665444763933
0.148671875  0.028359375  28.95934120735693
0.1523046875  0.0287109375  17.69298518507048
0.1559375  0.0290625  10.97583911038549
0.1595703125  0.0294140625  6.873119414800387
0.163203125  0.029765625  4.332028789530285
0.1668359375  0.0301171875  2.747856137540703
0.17046875  0.03046875  1.761033540595047
0.1741015625  0.0308203125  1.154035228695169
0.177734375  0.031171875  0.7954547536795866
0.1813671875  0.0315234375  0.6082583629100458
0.185  0.031875  0.5515362471342087

0.1271875  0.027125  1398.399901811441
0.13080078125  0.02744140625  627.6728662523885
0.1344140625  0.0277578125  292.6171059916696
0.13802734375  0.02807421875  147.0433808454014
0.141640625  0.028390625  80.1478355136268
0.14525390625  0.02870703125  46.39399055016104
0.1488671875  0.0290234375  27.90232448310054
0.15248046875  0.02933984375  17.17089259060421
0.15609375  0.02965625  10.71149180122705
0.15970703125  0.02997265625  6.737692637978534
0.1633203125  0.0302890625  4.263057846217729
0.16693359375  0.03060546875  2.713880974093469
0.170546875  0.030921875  1.745714134647934
0.17416015625  0.03123828125  1.148629583349114
0.1777734375  0.0315546875  0.7950321858079518
0.18138671875  0.03187109375  0.60971556647337
0.185  0.0321875  0.5527399862185121

0.1275  0.028  1309.311931122494
0.13109375  0.02828125  583.8478653852674
0.1346875  0.0285625  270.2619759530871
0.13828125  0.02884375  136.7599748233622
0.141875  0.02912500000000001  75.52796247970763
0.14546875  0.02940625  44.262957203491
0.1490625  0.0296875  26.88110924073946
0.15265625  0.02996875  16.66419049774482
0.15625  0.03025  10.45369524903172
0.15984375  0.03053125  6.604968063484008
0.1634375  0.0308125  4.195066146841401
0.16703125  0.03109375  2.680061483776309
0.170625  0.031375  1.730096652776831
0.17421875  0.03165625  1.142616687535591
0.1778125  0.0319375  0.7937737347804968
0.18140625  0.03221875  0.6102278996126308
0.185  0.0325  0.5530957281622395

0.1278125  0.028875  1224.073628474117
0.13138671875  0.02912109375000001  540.0580987809803
0.1349609375  0.0293671875  248.1072026069205
0.13853515625  0.02961328125000001  126.80843497932
0.142109375  0.029859375  71.09675109651576
0.14568359375  0.03010546875  42.21793333965042
0.1492578125  0.03035156250000001  25.89690986915794
0.15283203125  0.03059765625  16.17321095257787
0.15640625  0.03084375  10.2025291386702
0.15998046875  0.03108984375000001  6.474949853409675
0.1635546875  0.0313359375  4.128031839272316
0.16712890625  0.03158203125  2.646367564828354
0.170703125  0.03182812500000001  1.714148533294983
0.17427734375  0.03207421875  1.135969125609803
0.1778515625  0.0323203125  0.7916588638041605
0.18142578125  0.03256640625  0.6097905944958676
0.185  0.0328125  0.5525939613582761

0.128125  0.02975  1143.378169002451
0.1316796875  0.0299609375  496.1728547042372
0.135234375  0.030171875  226.2443118628958
0.1387890625  0.0303828125  117.2444124550736
0.14234375  0.03059375  66.86886098895665
0.1458984375  0.0308046875  40.26255120358967
0.149453125  0.031015625  24.95066652381145
0.1530078125  0.0312265625  15.69820093565269
0.1565625  0.0314375  9.958048746302383
0.1601171875  0.0316484375  6.347635325563182
0.163671875  0.031859375  4.061936335115503
0.1672265625  0.0320703125  2.612772781313448
0.17078125  0.03228125  1.697842087308222
0.1743359375  0.03249218750000001  1.128663256317062
0.177890625  0.032703125  0.7886750139519874
0.1814453125  0.0329140625  0.6084010074619699
0.185  0.033125  0.5512412637474216

0.1284375  0.030625  1068.183489171083
0.13197265625  0.03080078125  451.7930939551423
0.1355078125  0.0309765625  204.815011718878
0.13904296875  0.03115234375  108.1257709568518
0.142578125  0.031328125  62.85712507573619
0.14611328125  0.03150390625  38.39964402666155
0.1496484375  0.0316796875  24.04304482321088
0.15318359375  0.03185546875  15.23931717212431
0.15671875  0.03203125  9.720280427966847
0.16025390625  0.03220703125  6.223017996556311
0.1637890625  0.0323828125  3.996761227541899
0.16732421875  0.03255859375  2.579255467864804
0.170859375  0.032734375  1.681157487430187
0.17439453125  0.03291015625  1.120681191740841
0.1779296875  0.0330859375  0.7848137451050456
0.18146484375  0.03326171875  0.6060576470352605
0.185  0.0334375  0.5490422248842403

0.12875  0.0315  1000.095445124805
0.132265625  0.03164062500000001  406.2014549238804
0.13578125  0.03178125  184.0284027419441
0.139296875  0.031921875  99.50903426163174
0.1428125  0.0320625  59.07204326700248
0.146328125  0.032203125  36.63120852390583
0.14984375  0.03234375  23.17444220515794
0.153359375  0.032484375  14.79663285801267
0.156875  0.032625  9.489228843474789
0.160390625  0.032765625  6.10108548100013
0.16390625  0.03290625  3.932489839446716
0.167421875  0.033046875  2.545800368074617
0.1709375  0.0331875  1.664079568141076
0.174453125  0.033328125  1.112013321046532
0.17796875  0.03346875000000001  0.780071755509001
0.181484375  0.033609375  0.6027622097483374
0.185  0.03375  0.5459966212513144

0.1290625  0.032375  942.4020840658351
0.13255859375  0.03248046875  358.474331886903
0.1360546875  0.0325859375  164.1621363281949
0.13955078125  0.03269140625  91.44512106380191
0.143046875  0.032796875  55.52136337575914
0.14654296875  0.03290234375  34.95838501193234
0.1500390625  0.0330078125  22.34499301500878
0.15353515625  0.03311328125  14.37014041730916
0.15703125  0.03321875000000001  9.26487721987775
0.16052734375  0.03332421875  5.981823216707754
0.1640234375  0.0334296875  3.869111966667924
0.16751953125  0.03353515625  2.512395548618327
0.171015625  0.03364062500000001  1.646599462279229
0.17451171875  0.03374609375  1.102657905876311
0.1780078125  0.0338515625  0.7744524045926057
0.18150390625  0.03395703125000001  0.5985207337178013
0.185  0.0340625  0.542105287313671

0.129375  0.03325  903.6986302667347
0.1328515625  0.0333203125  308.1910173071801
0.136328125  0.033390625  145.535044342998
0.1398046875  0.0334609375  83.97507384516848
0.14328125  0.03353125  52.20979693893167
0.1467578125  0.0336015625  33.38146455484107
0.150234375  0.033671875  21.55457745230235
0.1537109375  0.03374218750000001  13.95975830688962
0.1571875  0.0338125  9.047184319097591
0.1606640625  0.0338828125  5.865211888308665
0.164140625  0.033953125  3.806616218576385
0.1676171875  0.0340234375  2.479037125520161
0.17109375  0.03409375000000001  1.628717516735491
0.1745703125  0.0341640625  1.092617342376833
0.178046875  0.034234375  0.7679608993769694
0.1815234375  0.0343046875  0.5933411800271863
0.185  0.034375  0.5373833477499217

0.1296875  0.034125  918.1080980570993
0.13314453125  0.03416015625  256.9310701738203
0.1366015625  0.0341953125  128.4519999042348
0.14005859375  0.03423046875000001  77.12662329862205
0.143515625  0.034265625  49.13889565965125
0.14697265625  0.03430078125  31.89991236934009
0.1504296875  0.0343359375  20.80283906536635
0.15388671875  0.03437109375  13.56533256362231
0.15734375  0.03440625  8.836091564212524
0.16080078125  0.03444140625  5.751231643923433
0.1642578125  0.0344765625  3.744996818559352
0.16771484375  0.03451171875  2.445726185697948
0.171171875  0.034546875  1.6104380548796
0.17462890625  0.03458203125000001  1.081902726592343
0.1780859375  0.0346171875  0.7606120720148792
0.18154296875  0.03465234375  0.5872337800171247
0.185  0.0346875  0.5318372845651856

0.13  0.035  3244.63032087384
0.1334375  0.035  206.8429772869297
0.136875  0.035  113.130708914767
0.1403125  0.035  70.91222003005346
0.14375  0.035  46.30709635573596
0.1471875  0.035  30.51241136246217
0.150625  0.035  20.08919750705068
0.1540625  0.035  13.18664161840959
0.1575  0.035  8.631523276106556
0.1609375  0.035  5.639859737153873
0.164375  0.035  3.684250212263316
0.1678125  0.035  2.412468302047654
0.17125  0.035  1.591777895136854
0.1746875  0.035  1.070531425866002
0.178125  0.035  0.7524212734218614
0.1815625  0.035  0.5802122106596599
0.185  0.035  0.5254704952378456

