x y
0.178774059948381  0.062806334668897
0.1788390428768096  0.06278482753033074
0.1789041716298813  0.0627631387878224
0.178969445263275  0.06274126841539505
0.179034862823591  0.06271921639433783
0.1791004233483776  0.06269698271323808
0.1791661258661571  0.06267456736801286
0.1792319693964548  0.0626519703619398
0.1792979529498273  0.0626291917056874
0.179364075527893  0.06260623141734477
0.1794303361233635  0.06258308952245067
0.1794967337200753  0.06255976605402204
0.1795632672930232  0.06253626105258185
0.1796299358083955  0.06251257456618627
0.179696738223608  0.06248870665045132
0.1797636734873418  0.06246465736857874
0.1798307405395803  0.06244042679138136
0.1798979383116475  0.06241601499730765
0.1799652657262484  0.06239142207246571
0.1800327216975093  0.06236664811064652
0.1801003051310198  0.06234169321334662
0.1801680149238752  0.0623165574897899
0.1802358499647214  0.06229124105694894
0.1803038091337992  0.06226574403956545
0.1803718913029903  0.06224006657017003
0.1804400953358647  0.06221420878910146
0.1805084200877292  0.06218817084452477
0.1805768644056761  0.06216195289244919
0.1806454271286335  0.06213555509674482
0.1807141070874173  0.06210897762915892
0.1807829031047829  0.0620822206693313
0.1808518139954791  0.06205528440480903
0.1809208385663023  0.06202816903106026
0.1809899756161525  0.06200087475148749
0.1810592239360893  0.06197340177743984
0.18112858230939  0.06194575032822475
0.1811980495116082  0.06191792063111872
0.1812676243106331  0.06188991292137746
0.181337305466751  0.06186172744224506
0.181407091732706  0.06183336444496246
0.1814769818537637  0.0618048241887752
0.1815469745677744  0.06177610694094012
0.1816170686052384  0.06174721297673159
0.1816872626893709  0.06171814257944661
0.1817575555361698  0.06168889604040927
0.1818279458544828  0.06165947365897443
0.1818984323460764  0.06162987574253036
0.1819690137057054  0.06160010260650081
0.1820396886211842  0.06157015457434607
0.1821104557734577  0.06154003197756319
0.1821813138366745  0.06150973515568561
0.1822522614782602  0.06147926445628151
0.1823232973589922  0.06144862023495178
0.1823944201330747  0.06141780285532678
0.1824656284482157  0.06138681268906251
0.182536920945704  0.0613556501158357
0.1826082962604875  0.06132431552333825
0.1826797530212522  0.06129280930727063
0.1827512898505027  0.06126113187133461
0.1828229053646426  0.06122928362722494
0.1828945981740567  0.0611972649946203
0.1829663668831936  0.06116507640117327
0.1830382100906492  0.06113271828249958
0.1831101263892514  0.06110019108216637
0.1831821143661448  0.06106749525167962
0.1832541726028773  0.06103463125047068
0.1833262996754871  0.06100159954588203
0.1833984941545898  0.06096840061315203
0.1834707546054677  0.06093503493539888
0.1835430795881587  0.06090150300360368
0.1836154676575464  0.06086780531659265
0.1836879173634515  0.06083394238101846
0.1837604272507227  0.06079991471134065
0.1838329958593295  0.06076572282980518
0.1839056217244557  0.06073136726642318
0.1839783033765926  0.06069684855894883
0.184051039341634  0.06066216725285623
0.1841238281409713  0.06062732390131552
0.1841966682915898  0.06059231906516813
0.1842695583061648  0.06055715331290114
0.1843424966931595  0.06052182722062076
0.1844154819569226  0.06048634137202494
0.1844885125977871  0.0604506963583752
0.1845615871121695  0.06041489277846745
0.1846347039926696  0.06037893123860217
0.1847078617281709  0.06034281235255348
0.1847810588039418  0.06030653674153753
0.1848542937017373  0.06027010503418007
0.1849275648999007  0.060233517866483
0.1850008708734668  0.06019677588179024
0.1850742100942651  0.06015987973075267
0.1851475810310232  0.06012283007129229
0.1852209821494714  0.06008562756856551
0.1852944119124472  0.06004827289492558
0.1853678687800011  0.06001076672988435
0.1854413512095014  0.05997310976007297
0.1855148576557409  0.059935302679202
0.1855883865710436  0.05989734618802055
0.1856619364053709  0.05985924099427475
0.18573550560643  0.05982098781266522
0.1858090926197805  0.059782587364804
0.1858826958889437  0.0597440403791705
0.1859563138555101  0.05970534759106669
0.1860299449592487  0.05966650974257158
0.1861035876382158  0.0596275275824949
0.1861772403288648  0.05958840186632995
0.1862509014661557  0.05954913335620578
0.1863245694836648  0.05950972282083851
0.1863982428136956  0.05947017103548207
0.1864719198873885  0.05943047878187793
0.186545599134832  0.05939064684820439
0.1866192789851738  0.05935067602902488
0.1866929578667311  0.0593105671252358
0.1867666342071024  0.05927032094401333
0.1868403064332792  0.05922993829875981
0.1869139729717567  0.0591894200090493
0.1869876322486464  0.05914876690057244
0.1870612826897874  0.05910797980508064
0.1871349227208583  0.05906705956032957
0.1872085507674892  0.05902600701002206
0.187282165255374  0.05898482300375021
0.1873557646103821  0.05894350839693703
0.1874293472586703  0.05890206405077718
0.1875029116267958  0.0588604908321773
0.1875764561418271  0.05881878961369567
0.187649979231457  0.05877696127348108
0.1877234793241142  0.05873500669521137
0.1877969548490751  0.05869292676803109
0.1878704042365761  0.05865072238648879
0.1879438259179251  0.05860839445047357
0.1880172183256131  0.05856594386515121
0.1880905798934263  0.05852337154089953
0.1881639090565565  0.05848067839324341
0.1882372042517135  0.05843786534278915
0.1883104639172353  0.05839493331515824
0.1883836864931994  0.05835188324092087
0.1884568704215333  0.05830871605552852
0.1885300141461251  0.05826543269924638
0.1886031161129334  0.0582220341170852
0.1886761747700977  0.05817852125873251
0.1887491885680477  0.05813489507848359
0.1888221559596128  0.05809115653517173
0.1888950754001311  0.05804730659209836
0.1889679453475582  0.05800334621696231
0.1890407642625758  0.05795927638178912
0.1891135306086992  0.05791509806285954
0.1891862428523857  0.05787081224063784
0.1892588994631413  0.05782641989969962
0.1893314989136278  0.05778192202865932
0.1894040396797694  0.05773731962009721
0.1894765202408586  0.05769261367048627
0.1895489390796617  0.0576478051801184
0.1896212946825241  0.05760289515303055
0.1896935855394749  0.0575578845969304
0.189765810144331  0.05751277452312169
0.1898379669948006  0.05746756594642939
0.1899100545925867  0.0574222598851244
0.1899820714434893  0.05737685736084805
0.1900540160575074  0.05733135939853639
0.1901258869489411  0.05728576702634408
0.1901976826364914  0.05724008127556816
0.1902694016433615  0.05719430318057149
0.1903410424973556  0.05714843377870602
0.1904126037309787  0.05710247411023584
0.1904840838815345  0.05705642521826
0.1905554814912231  0.05701028814863519
0.1906267951072385  0.05696406394989814
0.1906980232818648  0.05691775367318803
0.1907691645725716  0.05687135837216856
0.1908402175421097  0.05682487910294998
0.1909111807586045  0.05677831692401097
0.1909820527956503  0.05673167289612042
0.1910528322324026  0.05668494808225906
0.1911235176536708  0.056638143547541
0.1911941076500087  0.05659126035913525
0.1912646008178055  0.0565442995861871
0.1913349957593756  0.05649726229973945
0.191405291083047  0.05645014957265412
0.1914754854032502  0.05640296247953315
0.1915455773406045  0.05635570209663993
0.1916155655220053  0.05630836950182053
0.1916854485807096  0.05626096577442489
0.19175522515642  0.05621349199522804
0.1918248938953694  0.05616594924635136
0.1918944534504037  0.05611833861118386
0.1919639024810639  0.05607066117430357
0.1920332396536673  0.05602291802139883
0.1921024636413878  0.05597511023918991
0.1921715731243355  0.05592723891535036
0.1922405667896348  0.0558793051384288
0.1923094433315022  0.05583130999777058
0.192378201451323  0.05578325458343965
0.1924468398577265  0.05573513998614053
0.1925153572666611  0.0556869672971404
0.1925837524014679  0.05563873760819143
0.1926520239929534  0.0555904520114531
0.1927201707794611  0.05554211159941486
0.1927881915069426  0.05549371746481885
0.1928560849290273  0.05544527070058288
0.1929238498070907  0.05539677239972359
0.1929914849103228  0.05534822365527982
0.1930589890157946  0.05529962556023614
0.1931263609085235  0.05525097920744679
0.1931935993815385  0.05520228568955965
0.1932607032359435  0.0551535460989406
0.1933276712809799  0.05510476152759813
0.1933945023340884  0.05505593306710813
0.1934611952209693  0.05500706180853907
0.1935277487756421  0.05495814884237753
0.1935941618405037  0.05490919525845374
0.1936604332663857  0.0548602021458678
0.1937265619126112  0.05481117059291602
0.193792546647049  0.05476210168701754
0.1938583863461687  0.05471299651464151
0.1939240798950931  0.0546638561612344
0.1939896261876503  0.05461468171114781
0.1940550241264245  0.05456547424756656
0.194120272622806  0.05451623485243721
0.1941853705970394  0.05446696460639697
0.1942503169782717  0.05441766458870299
0.1943151107045983  0.05436833587716201
0.1943797507231087  0.05431897954806052
0.1944442359899305  0.05426959667609526
0.1945085654702728  0.05422018833430418
0.1945727381384681  0.05417075559399782
0.1946367529780134  0.05412129952469117
0.1947006089816097  0.05407182119403594
0.1947643051512013  0.05402232166775333
0.1948278404980128  0.05397280200956722
0.1948912140425862  0.0539232632811379
0.1949544248148158  0.05387370654199618
0.195017471853983  0.05382413284947819
0.1950803542087891  0.05377454325866038
0.1951430709373874  0.05372493882229531
0.1952056211074146  0.05367532059074775
0.1952680037960202  0.05362568961193146
0.1953302180898955  0.0535760469312463
0.1953922630853013  0.05352639359151611
0.1954541378880944  0.05347673063292682
0.195515841613753  0.05342705909296549
0.1955773733874013  0.05337738000635955
0.1956387323438325  0.05332769440501672
0.1956999176275313  0.05327800331796559
0.1957609283926947  0.05322830777129662
0.1958217638032521  0.05317860878810377
0.1958824230328844  0.05312890738842671
0.1959429052650417  0.05307920458919362
0.1960032096929601  0.05302950140416453
0.1960633355196773  0.05297979884387533
0.1961232819580474  0.05293009791558223
0.1961830482307543  0.05288039962320707
0.1962426335703244  0.05283070496728293
0.1963020372191378  0.0527810149449006
0.1963612584294389  0.05273133054965553
0.1964202964633456  0.05268165277159538
0.1964791505928577  0.05263198259716836
0.196537820099864  0.052582321009172
