x y
0.3083  0.02578210843021536
0.30972  0.04692911105932433
0.31112  0.06076782669838737
0.31253  0.0691276047495898
0.31391  0.07444632111211733
0.31532  0.07676481649046658
0.31672  0.07762875447020379
0.31813  0.07760990491428225
0.31954  0.07709782531174711
0.32091  0.07638468377938222
0.3223  0.07552702898495221
0.32376  0.07457198481826093
0.32515  0.07369233887525577
0.32654  0.07289437434124398
0.3279  0.07223149829133652
0.32932  0.07168171957695831
0.33077  0.07126388775403086
0.33212  0.07099371078582215
0.33351  0.07082092318987471
0.33493  0.07074552496618855
0.33631  0.07075494974414932
0.33771  0.07083663115314265
0.33914  0.07099056919316855
0.34052  0.0711916311229983
0.34193  0.07143981694263189
0.34336  0.07173198505941575
0.34472  0.07203671954681395
0.34611  0.0723634451827873
0.34752  0.07271216196733576
0.34894  0.07307658671515217
0.35039  0.07345043624092937
0.35176  0.07380857780343861
0.35315  0.07417300255125502
0.35455  0.07454056889172503
0.35597  0.07491127682484862
0.35731  0.0752537104240899
0.35875  0.07561185198659914
0.36012  0.0759354360299189
0.36159  0.07626216166589224
0.36298  0.07655432978267608
0.36438  0.07683393152884557
0.3658  0.07709782531174711
0.36712  0.07732087839015199
0.36855  0.07752508191263532
0.37  0.07768216154531481
0.37135  0.07778269251022969
0.37271  0.07784238277064789
0.37418  0.07786437391922303
0.37556  0.07787379869718379
0.37694  0.07788008188249097
0.37834  0.07791149780902687
0.37974  0.07804658629313123
0.38115  0.0783953030776797
0.38257  0.07919640920434509
0.38399  0.08066353297357153
0.38531  0.08275897527351592
0.38675  0.08585972722260905
0.38819  0.08966733751875988
0.38952  0.0934152575544925
0.39098  0.09695269088243461
0.39232  0.09906384114564694
0.39378  0.09960105348941081
0.39513  0.09853605357984385
0.3966  0.09620185023822664
0.39795  0.09351893011206096
0.39931  0.09091454980223503
0.40078  0.08853008097816037
0.40214  0.08688074483502572
0.4036  0.08564295732951135
0.40496  0.08489839987061057
0.40632  0.08444286893584005
0.4078  0.08416640878232415
0.40916  0.08405331144679491
0.41052  0.08402503711291261
0.412  0.08406587781740928
0.41336  0.08414441763374901
0.41472  0.08424809019131749
0.4162  0.08438317867542183
0.41756  0.0845214087521798
0.41892  0.08466592201424493
0.4204  0.08483242642488519
0.42176  0.08498950605756468
0.42313  0.08514972728289776
0.4246  0.08532565647149878
0.42596  0.08548901928948545
0.42733  0.08565238210747211
0.4288  0.08583145288872675
0.43016  0.08599795729936699
0.43153  0.08616132011735367
0.433  0.08634353249126188
0.43436  0.08651003690190213
0.43573  0.08667654131254239
0.4372  0.08685561209379701
0.43856  0.08702211650443727
0.43993  0.08718862091507752
0.4414  0.08736769169633216
0.44276  0.08753105451431882
0.44413  0.08769441733230549
0.447  0.0880305677462396
