x y
0.30831  0.02813139141656981
0.3097  0.04933557103197411
0.3111  0.06344132204659228
0.31251  0.07212154254846088
0.31393  0.07783295799268712
0.31534  0.08043419670985948
0.31674  0.08155574528719103
0.31811  0.08181335588478539
0.31951  0.08157773643576616
0.32094  0.08109707275976692
0.32233  0.08048132059966331
0.32372  0.07979645340118074
0.32512  0.07913043575861971
0.3265  0.07853039156178405
0.32793  0.07802145355190251
0.32935  0.07764446243347174
0.33073  0.07739313502118456
0.33216  0.07724548016646583
0.33354  0.07718893149870122
0.33496  0.07721720583258353
0.33634  0.07731145361219122
0.33775  0.0774716748375243
0.3391  0.07767901995266123
0.34056  0.07794919692086995
0.34197  0.07824764822296097
0.34331  0.07856180748831997
0.34476  0.07892309064348278
0.34615  0.0792843737986456
0.34756  0.07966450650972996
0.34898  0.08005406399877511
0.35034  0.08042791352455229
0.35171  0.08080804623563666
0.35319  0.08121645328060333
0.35459  0.08160286917699489
0.35592  0.0819641523321577
0.35735  0.08234742663589566
0.3587  0.08269614342044412
0.36016  0.08305428498295335
0.36154  0.08337472743361952
0.36293  0.08368260351367132
0.36433  0.08397477163045518
0.36574  0.08425123178397108
0.36716  0.08449941760360467
0.3686  0.08471618749670236
0.36994  0.08487326712938184
0.37139  0.08499893083552544
0.37275  0.0850743290592116
0.37412  0.08511202817105468
0.3756  0.08513716091228339
0.37699  0.08515286887555135
0.37838  0.08519056798739441
0.37978  0.08531309010088442
0.38119  0.08563667414420417
0.3826  0.08636866523249059
0.38391  0.08759388636739061
0.38534  0.08966419592610629
0.38678  0.09255131957475531
0.38811  0.09582485911979588
0.38956  0.09964189419390747
0.391  0.1029499912581375
0.39234  0.104944902593167
0.3938  0.105450699010395
0.39515  0.1044485309538998
0.3965  0.1024567612115239
0.39797  0.09975499152943672
0.39933  0.09734224837147974
0.4008  0.09514627510662048
0.40216  0.09364145222555097
0.40352  0.0925827355012912
0.40499  0.09185388600565837
0.40635  0.09145804533130605
0.40771  0.09123499225290119
0.40919  0.09114074447329348
0.41055  0.09113446128798632
0.41191  0.09118472677044374
0.41339  0.09127897455005145
0.41475  0.09138893029292709
0.41612  0.09151773559172427
0.41759  0.09166853203909657
0.41896  0.09181618689381529
0.42032  0.09197012493384119
0.4218  0.09213977093713505
0.42316  0.09229999216246812
0.42452  0.09246021338780119
0.426  0.09263614257640222
0.42736  0.0927995053943889
0.42873  0.09296286821237557
0.4302  0.09314193899363019
0.43156  0.09330530181161686
0.43293  0.09346552303694994
0.4344  0.09364145222555097
0.43576  0.09380167345088404
0.43713  0.09396189467621713
0.4386  0.09413154067951097
0.43996  0.09429176190484405
0.44133  0.09444884153752355
0.4428  0.09461848754081739
0.44416  0.09477242558084328
0.447  0.09509286803150944
