x y c
-0.05  0.0125  0
-0.05  0.01291666666666667  0
-0.05  0.01333333333333333  0
-0.05000000000000001  0.01375  0
-0.05000000000000001  0.01416666666666667  0
-0.05  0.01458333333333333  0
-0.05  0.015  0
-0.05  0.01541666666666667  0
-0.05  0.01583333333333333  0
-0.05  0.01625  0
-0.05  0.01666666666666667  0
-0.05  0.01708333333333333  0
-0.05  0.0175  0
-0.05  0.01791666666666667  0
-0.05  0.01833333333333333  0
-0.05  0.01875  0

-0.04616666666666667  0.0125  -3949.142466700448
-0.04616666666666667  0.01294444444444444  -3948.106429589949
-0.04616666666666667  0.01338888888888889  -3946.978972286651
-0.04616666666666668  0.01383333333333333  -3945.800116554471
-0.04616666666666668  0.01427777777777778  -3944.565305512878
-0.04616666666666668  0.01472222222222222  -3943.271116439867
-0.04616666666666667  0.01516666666666667  -3941.915279902326
-0.04616666666666667  0.01561111111111111  -3940.495920979893
-0.04616666666666667  0.01605555555555556  -3939.011084697501
-0.04616666666666667  0.0165  -3937.458700089689
-0.04616666666666667  0.01694444444444444  -3935.836626953966
-0.04616666666666667  0.01738888888888889  -3934.142653079397
-0.04616666666666667  0.01783333333333333  -3932.374879362276
-0.04616666666666667  0.01827777777777778  -3930.531752441659
-0.04616666666666667  0.01872222222222222  -3928.611155816741
-0.04616666666666667  0.01916666666666667  -3926.577376719748

-0.04233333333333333  0.0125  -7902.239800464365
-0.04233333333333333  0.01297222222222222  -7900.05299568428
-0.04233333333333333  0.01344444444444444  -7897.803268276625
-0.04233333333333333  0.01391666666666667  -7895.426158469131
-0.04233333333333333  0.01438888888888889  -7892.921482904144
-0.04233333333333333  0.01486111111111111  -7890.286893830651
-0.04233333333333333  0.01533333333333333  -7887.518116605439
-0.04233333333333333  0.01580555555555556  -7884.610091529421
-0.04233333333333333  0.01627777777777778  -7881.557648641666
-0.04233333333333333  0.01675  -7878.3555439957
-0.04233333333333333  0.01722222222222222  -7874.998393207312
-0.04233333333333333  0.01769444444444444  -7871.48067903991
-0.04233333333333333  0.01816666666666667  -7867.796207351258
-0.04233333333333333  0.01863888888888889  -7863.938036283609
-0.04233333333333333  0.01911111111111111  -7859.899713965309
-0.04233333333333333  0.01958333333333333  -7855.722981798939

-0.03850000000000001  0.0125  -11862.57395167169
-0.03850000000000001  0.013  -11859.55444706048
-0.03850000000000001  0.0135  -11856.31592031224
-0.03850000000000001  0.014  -11852.8925784918
-0.03850000000000001  0.0145  -11849.27360567878
-0.03850000000000001  0.015  -11845.44930984975
-0.03850000000000001  0.0155  -11841.41088870018
-0.03850000000000001  0.016  -11837.14961928712
-0.03850000000000001  0.0165  -11832.65639066217
-0.03850000000000001  0.017  -11827.92168676351
-0.03850000000000001  0.0175  -11822.935634687
-0.03850000000000001  0.018  -11817.68800767238
-0.03850000000000001  0.0185  -11812.1685929097
-0.03850000000000001  0.019  -11806.36724429996
-0.03850000000000001  0.0195  -11800.27301219089
-0.03850000000000001  0.02  -11793.84161175224

-0.03466666666666667  0.0125  -15833.16577632344
-0.03466666666666667  0.01302777777777778  -15829.55666020101
-0.03466666666666667  0.01355555555555556  -15825.71090291961
-0.03466666666666667  0.01408333333333334  -15821.61626747031
-0.03466666666666667  0.01461111111111111  -15817.26076559558
-0.03466666666666667  0.01513888888888889  -15812.63150015324
-0.03466666666666667  0.01566666666666667  -15807.71488750791
-0.03466666666666667  0.01619444444444445  -15802.49672671448
-0.03466666666666667  0.01672222222222222  -15796.96220208059
-0.03466666666666667  0.01725  -15791.0958562392
-0.03466666666666667  0.01777777777777778  -15784.88158679944
-0.03466666666666667  0.01830555555555555  -15778.30262889805
-0.03466666666666667  0.01883333333333333  -15771.34159687865
-0.03466666666666667  0.01936111111111111  -15763.98049466593
-0.03466666666666667  0.01988888888888889  -15756.20080620986
-0.03466666666666667  0.02041666666666667  -15747.98230262601

-0.03083333333333334  0.0125  -19815.56491603365
-0.03083333333333334  0.01305555555555556  -19811.9075668837
-0.03083333333333334  0.01361111111111111  -19808.05486690128
-0.03083333333333334  0.01416666666666667  -19803.91169253592
-0.03083333333333334  0.01472222222222222  -19799.46581382352
-0.03083333333333334  0.01527777777777778  -19794.70199086421
-0.03083333333333334  0.01583333333333333  -19789.60163151479
-0.03083333333333334  0.01638888888888889  -19784.14408259317
-0.03083333333333334  0.01694444444444445  -19778.30748092756
-0.03083333333333334  0.0175  -19772.06883386545
-0.03083333333333334  0.01805555555555556  -19765.4039066414
-0.03083333333333334  0.01861111111111111  -19758.28725319826
-0.03083333333333334  0.01916666666666667  -19750.6913631987
-0.03083333333333334  0.01972222222222222  -19742.58653613699
-0.03083333333333334  0.02027777777777778  -19733.94231014171
-0.03083333333333334  0.02083333333333334  -19724.79438997809

-0.027  0.0125  -23809.48601689416
-0.027  0.01308333333333333  -23806.84063959082
-0.027  0.01366666666666667  -23803.74705730728
-0.027  0.01425  -23800.41494922564
-0.027  0.01483333333333334  -23796.80825181611
-0.027  0.01541666666666667  -23792.89502143632
-0.027  0.016  -23788.64790378378
-0.027  0.01658333333333334  -23784.040115291
-0.027  0.01716666666666667  -23779.04280733463
-0.027  0.01775  -23773.62471576836
-0.027  0.01833333333333333  -23767.75235083352
-0.027  0.01891666666666666  -23761.38981112019
-0.027  0.0195  -23754.50108778272
-0.027  0.02008333333333333  -23747.05033696253
-0.027  0.02066666666666667  -23738.9975737272
-0.027  0.02125  -23730.10689589377

-0.02316666666666667  0.0125  -27813.51465582189
-0.02316666666666667  0.01311111111111111  -27811.98844735245
-0.02316666666666667  0.01372222222222222  -27810.77844861313
-0.02316666666666667  0.01433333333333334  -27809.36351182223
-0.02316666666666667  0.01494444444444445  -27807.75380791245
-0.02316666666666667  0.01555555555555556  -27805.94348834539
-0.02316666666666667  0.01616666666666667  -27803.90934190081
-0.02316666666666667  0.01677777777777778  -27801.61921120709
-0.02316666666666667  0.01738888888888889  -27799.03737014062
-0.02316666666666667  0.018  -27796.12490837889
-0.02316666666666667  0.01861111111111111  -27792.83895559778
-0.02316666666666667  0.01922222222222222  -27789.13274902654
-0.02316666666666667  0.01983333333333333  -27784.9502821013
-0.02316666666666667  0.02044444444444445  -27780.22541137489
-0.02316666666666667  0.02105555555555556  -27774.8909856142
-0.02316666666666667  0.02166666666666667  -27769.29811158731

-0.01933333333333333  0.0125  -31820.44810531868
-0.01933333333333333  0.01313888888888889  -31822.55055504648
-0.01933333333333333  0.01377777777777778  -31823.88852737716
-0.01933333333333333  0.01441666666666667  -31825.42801924465
-0.01933333333333333  0.01505555555555556  -31827.09432046715
-0.01933333333333333  0.01569444444444444  -31828.83372269553
-0.01933333333333333  0.01633333333333333  -31830.61536309498
-0.01933333333333333  0.01697222222222222  -31832.41404720639
-0.01933333333333333  0.01761111111111111  -31834.19893842173
-0.01933333333333333  0.01825  -31835.93192391342
-0.01933333333333333  0.01888888888888889  -31837.56827049694
-0.01933333333333333  0.01952777777777778  -31839.05563318011
-0.01933333333333333  0.02016666666666667  -31840.34370406311
-0.01933333333333333  0.02080555555555556  -31841.38522005668
-0.01933333333333333  0.02144444444444444  -31842.11774482746
-0.01933333333333333  0.02208333333333333  -31841.6463517372

-0.0155  0.0125  -35825.58933890362
-0.0155  0.01316666666666667  -35828.50705019291
-0.0155  0.01383333333333333  -35833.52723045441
-0.0155  0.0145  -35838.91387766277
-0.01550000000000001  0.01516666666666667  -35844.79813779382
-0.0155  0.01583333333333333  -35851.26002962743
-0.0155  0.0165  -35858.32294960455
-0.0155  0.01716666666666667  -35865.98273382013
-0.0155  0.01783333333333333  -35874.22623522524
-0.0155  0.0185  -35883.03250487393
-0.0155  0.01916666666666667  -35892.36978528385
-0.0155  0.01983333333333333  -35902.19557339002
-0.0155  0.0205  -35912.4372432559
-0.0155  0.02116666666666667  -35922.98835364657
-0.0155  0.02183333333333333  -35933.73920946741
-0.0155  0.0225  -35946.05782420566

-0.01166666666666667  0.0125  -39809.31437954622
-0.01166666666666667  0.01319444444444444  -39817.93599996138
-0.01166666666666667  0.01388888888888889  -39825.02794428558
-0.01166666666666667  0.01458333333333334  -39833.69788783464
-0.01166666666666667  0.01527777777777778  -39843.85046117706
-0.01166666666666667  0.01597222222222222  -39855.45936532706
-0.01166666666666667  0.01666666666666667  -39868.57380266248
-0.01166666666666667  0.01736111111111111  -39883.2654949667
-0.01166666666666667  0.01805555555555556  -39899.59346703613
-0.01166666666666667  0.01875  -39917.59850830513
-0.01166666666666667  0.01944444444444444  -39937.30503280855
-0.01166666666666667  0.02013888888888889  -39958.71765903106
-0.01166666666666667  0.02083333333333334  -39981.85157446303
-0.01166666666666667  0.02152777777777778  -40006.73604221043
-0.01166666666666667  0.02222222222222222  -40033.36034395952
-0.01166666666666667  0.02291666666666667  -40059.12739464419

-0.007833333333333336  0.0125  -43768.46320839976
-0.007833333333333336  0.01322222222222222  -43769.94342808313
-0.007833333333333336  0.01394444444444445  -43777.77688464081
-0.007833333333333336  0.01466666666666667  -43787.37579421536
-0.007833333333333336  0.01538888888888889  -43799.310007845
-0.007833333333333336  0.01611111111111111  -43814.01729338775
-0.007833333333333336  0.01683333333333333  -43831.78331276342
-0.007833333333333336  0.01755555555555556  -43852.81857506254
-0.007833333333333336  0.01827777777777778  -43877.30797917204
-0.007833333333333336  0.019  -43905.41381466218
-0.007833333333333336  0.01972222222222222  -43937.26786633356
-0.007833333333333336  0.02044444444444445  -43972.97350889276
-0.007833333333333336  0.02116666666666667  -44012.55361798753
-0.007833333333333336  0.02188888888888889  -44055.94290029724
-0.007833333333333336  0.02261111111111111  -44103.07211649883
-0.007833333333333336  0.02333333333333333  -44157.99882515972

-0.003999999999999998  0.0125  -47666.93114590207
-0.003999999999999998  0.01325  -47667.99179444253
-0.003999999999999998  0.014  -47665.62553187051
-0.003999999999999998  0.01475  -47667.60807049532
-0.003999999999999998  0.0155  -47674.16882750227
-0.003999999999999998  0.01625  -47685.68663970648
-0.003999999999999998  0.017  -47702.6912593185
-0.003999999999999998  0.01775  -47725.72765122785
-0.003999999999999998  0.0185  -47755.26502733094
-0.003999999999999998  0.01925  -47791.67997876963
-0.003999999999999998  0.02  -47835.26280524311
-0.003999999999999998  0.02075  -47886.21641529389
-0.003999999999999998  0.0215  -47944.74185388198
-0.003999999999999998  0.02225000000000001  -48011.06458675185
-0.003999999999999998  0.023  -48085.33246877146
-0.003999999999999998  0.02375  -48161.58785938832

-0.0001666666666666657  0.0125  -51524.43074331519
-0.0001666666666666657  0.01327777777777778  -51485.57151832141
-0.0001666666666666657  0.01405555555555556  -51456.22536676073
-0.0001666666666666657  0.01483333333333334  -51431.4807553527
-0.0001666666666666657  0.01561111111111111  -51413.71699243843
-0.0001666666666666657  0.01638888888888889  -51405.03106786767
-0.0001666666666666657  0.01716666666666667  -51407.10514833868
-0.0001666666666666657  0.01794444444444444  -51421.23817189215
-0.0001666666666666657  0.01872222222222222  -51448.37871492885
-0.0001666666666666657  0.0195  -51489.12044384154
-0.0001666666666666657  0.02027777777777778  -51543.70091028817
-0.0001666666666666657  0.02105555555555555  -51612.02700739959
-0.0001666666666666657  0.02183333333333333  -51693.64488537267
-0.0001666666666666657  0.02261111111111111  -51787.80059722299
-0.0001666666666666657  0.02338888888888889  -51893.67162696178
-0.0001666666666666657  0.02416666666666667  -52016.22799311334

0.003666666666666667  0.0125  -55359.80762606027
0.003666666666666668  0.01330555555555556  -55228.49977783157
0.003666666666666667  0.01411111111111111  -55109.90598084302
0.003666666666666668  0.01491666666666667  -54998.49972097998
0.003666666666666667  0.01572222222222222  -54903.96947396072
0.003666666666666668  0.01652777777777778  -54832.86861463358
0.003666666666666668  0.01733333333333333  -54789.02770076421
0.003666666666666667  0.01813888888888889  -54774.52205382899
0.003666666666666667  0.01894444444444444  -54790.38771007225
0.003666666666666668  0.01975  -54836.9557098196
0.003666666666666667  0.02055555555555556  -54913.91050098022
0.003666666666666667  0.02136111111111111  -55020.17454279159
0.003666666666666667  0.02216666666666667  -55153.34206780011
0.003666666666666667  0.02297222222222222  -55309.04382464898
0.003666666666666667  0.02377777777777778  -55480.4660085795
0.003666666666666667  0.02458333333333334  -55673.40960216529

0.0075  0.0125  -59999.99999999995
0.0075  0.01333333333333333  -58884.07375237395
0.0075  0.01416666666666667  -58351.94004342341
0.0075  0.015  -57990.74314105537
0.007500000000000001  0.01583333333333333  -57735.84376568261
0.0075  0.01666666666666667  -57560.96243404518
0.0075  0.0175  -57453.37811312223
0.0075  0.01833333333333333  -57405.88591913848
0.0075  0.01916666666666667  -57415.18901889383
0.0075  0.02  -57480.99966517097
0.0075  0.02083333333333334  -57605.20700690105
0.0075  0.02166666666666667  -57794.33705475383
0.0075  0.0225  -58058.52736529705
0.0075  0.02333333333333333  -58422.24038982073
0.0075  0.02416666666666667  -58943.41480760612
0.0075  0.025  -60000.00000000005

