x y c
-0.05  0.025  0
-0.05  0.02616666666666667  0
-0.05000000000000001  0.02733333333333334  0
-0.05  0.0285  0
-0.05  0.02966666666666666  0
-0.05  0.03083333333333333  0
-0.05  0.032  0
-0.05  0.03316666666666667  0
-0.05  0.03433333333333333  0
-0.05  0.0355  0
-0.05  0.03666666666666667  0
-0.05  0.03783333333333334  0
-0.05  0.03900000000000001  0
-0.05000000000000001  0.04016666666666667  0
-0.05  0.04133333333333334  0
-0.05  0.0425  0

-0.04616666666666667  0.02566666666666667  -3886.318375229371
-0.04634372306434465  0.02673770097838615  -3698.131050096381
-0.04650095714989989  0.0278209361915377  -3529.989730992616
-0.04663807951420143  0.0289153138493411  -3382.08654943272
-0.0467548407318941  0.03001974396342101  -3254.550969785195
-0.04685103258484472  0.03113310855460013  -3147.447046639971
-0.04692648908056817  0.03225426537431925  -3060.769987344654
-0.04698108725612379  0.03338205178106299  -2994.442583078147
-0.04701474775998517  0.03451528874439612  -2948.31250599368
-0.04702743520651231  0.03565278494777214  -2922.150917453585
-0.04701915829986211  0.03679334096018544  -2915.652192576506
-0.04698996972642683  0.03793575344602295  -2928.434464256623
-0.04693996581715584  0.03907881938213959  -2960.040967772697
-0.04686928598335643  0.0402213402512417  -3009.942379366978
-0.04677811193175224  0.04136212618110788  -3077.540304716539
-0.04666666666666667  0.0425  -3162.171912978298

-0.04233333333333333  0.02633333333333333  -7771.286141899931
-0.04266959036604286  0.02731152398836688  -7413.397821420245
-0.04297004623886468  0.02831297996637645  -7091.631789283466
-0.04323361418321325  0.0293358834635047  -6806.902156584754
-0.04345934661736865  0.03037829775301843  -6559.940314249351
-0.04364644429989682  0.03143817876827266  -6351.280295734149
-0.04379426408360623  0.03251338804613715  -6181.247492651609
-0.04390232512700591  0.0336017068654056  -6049.950632086776
-0.04397031344797485  0.03470085138773669  -5957.276354032924
-0.04399808473556219  0.03580848858609201  -5902.886381716437
-0.04398566536958513  0.03692225272823379  -5886.218014751432
-0.04393325163292828  0.0380397621712325  -5906.488682412949
-0.04384120713706852  0.03915863621749834  -5962.704771557108
-0.04371005851622743  0.04027651178374118  -6053.674475564822
-0.04354048947860078  0.04139105964138658  -6178.024248205493
-0.04333333333333333  0.0425  -6334.218435936432

-0.03850000000000001  0.027  -11665.00580287811
-0.03897747078455134  0.02788815617490698  -11155.3002780348
-0.03940682991048647  0.02880952560486955  -10694.1251069158
-0.03978579126180547  0.02976180924473155  -10283.52663529201
-0.04011233740649469  0.03074245644809445  -9925.220470154858
-0.04038474834979035  0.03174868551421178  -9620.558474449292
-0.04060162633862868  0.03277750854304515  -9370.500027897233
-0.04076191603992992  0.03382576016798718  -9175.589055276223
-0.04086491953396612  0.03489012960636136  -9035.938874503141
-0.04091030570765018  0.03596719535626737  -8951.226255616484
-0.04089811379491481  0.03705346178049779  -8920.695095284653
-0.04082875098494033  0.03814539675869943  -8943.169593563651
-0.04070298419560734  0.03923946956068419  -9017.07669572854
-0.04052192628078834  0.04033218809798899  -9140.477363883039
-0.04028701709795374  0.04142013474673175  -9311.10578281478
-0.04000000000000001  0.0425  -9526.41506791832

-0.03466666666666667  0.02766666666666667  -15579.11508699692
-0.03526723191236347  0.02846761821730148  -14934.89603465703
-0.03581086276855465  0.02931063517440935  -14348.2196293726
-0.03629377717063733  0.0301931941689981  -13822.57399813647
-0.03671259565938161  0.03111235250759794  -13360.96905182786
-0.03706440447159579  0.03206477542228044  -12965.86705288706
-0.03734681101091028  0.03304677286626914  -12639.12334679871
-0.03755798970753355  0.03405434512494573  -12381.94055355603
-0.03769671658406962  0.03508323612592162  -12194.83827608145
-0.03776239125212962  0.03612899298864582  -12077.63982838833
-0.03775504554870627  0.0371870300775165  -12029.47722025167
-0.03767533855254722  0.03825269563190949  -12048.81495489599
-0.03752453826534621  0.03932133895475561  -12133.49204519751
-0.03730449076572641  0.0403883761534333  -12280.78045702168
-0.03701757811315524  0.04144935253984045  -12487.45724685814
-0.03666666666666667  0.04250000000000001  -12749.88699945051

-0.03083333333333334  0.02833333333333334  -19527.11288013443
-0.03153874003918089  0.0290499309983143  -18765.14190912521
-0.0321816911914611  0.02981637188862371  -18066.60296868854
-0.032756716824368  0.03063014386901812  -17436.63583659712
-0.0332588652697153  0.03148812259743192  -16879.7698471697
-0.03368381650954091  0.03238660044322525  -16399.80726352122
-0.03402798384838715  0.03332133275979177  -15999.72242513835
-0.03428859941346873  0.0342876006252651  -15681.58061127753
-0.03446377958758386  0.0352802882785842  -15446.48137661327
-0.03455256736095221  0.03629397266432713  -15294.53082115895
-0.03455494969513249  0.03732302182824419  -15224.84554086506
-0.03447184924099704  0.03836169843469507  -15235.58870407164
-0.03430509104400725  0.03940426444697383  -15324.03648984534
-0.03405734610018277  0.04044508303804658  -15486.67116767504
-0.03373205469953763  0.04147871407366912  -15719.29544496863
-0.03333333333333334  0.04250000000000001  -16017.16154221273

-0.027  0.029  -23524.87880375877
-0.0277918601358508  0.02963511560668702  -22661.50660220719
-0.02851885314144028  0.03032680013395907  -21864.57107088032
-0.02917373293359683  0.03107276672047733  -21140.96410033174
-0.02974984991739376  0.03186990775880871  -20496.88607916822
-0.03024132985651072  0.03271431809224044  -19937.66332073872
-0.03064323773471756  0.03360134599551079  -19467.58257825913
-0.03095171806803251  0.03452567129218703  -19089.75632596645
-0.03116410405660546  0.03548140824076534  -18806.02860786265
-0.03127898955493991  0.03646222918651139  -18616.92697917332
-0.03129625996778435  0.03746150359297177  -18521.6629678768
-0.03121708065545217  0.03847244608007154  -18518.18090649173
-0.0310438440190838  0.03948826660516873  -18603.25212789803
-0.03078007888307298  0.04050231597130622  -18772.60845295476
-0.03043032787026701  0.04150822041155999  -19021.10615318467
-0.03  0.0425  -19342.90969799199

-0.02316666666666667  0.02966666666666667  -27591.47956610258
-0.02402645583806509  0.03022319333968464  -26642.69822237259
-0.02482187796847589  0.03084198549700671  -25760.68874489338
-0.02554392527943618  0.03152117393164882  -24954.14919537248
-0.02618421144625567  0.03225785358475505  -24231.03106294291
-0.02673522875371013  0.0330480917060344  -23598.28662695605
-0.02719058903489205  0.03388697667555936  -23061.64268143159
-0.0275452340169761  0.03476870778223276  -22625.40904484302
-0.02779560188156945  0.03568672328574175  -22292.33402844584
-0.02793973934941938  0.03663386116215957  -22063.52014014059
-0.0279773522135064  0.03760254439195405  -21938.4093462611
-0.02790979159625997  0.03858498080143747  -21914.84014197992
-0.02773997780755364  0.03957336653474619  -21989.17138022718
-0.02747226800763551  0.04056008230725866  -22156.46194247704
-0.02711227746197917  0.0415378726273696  -22410.69144403848
-0.02666666666666667  0.0425  -22745.00531158907

-0.01933333333333333  0.03033333333333334  -31749.83952279355
-0.0202423894298171  0.03081418570567933  -30731.78586469528
-0.02109028620869895  0.03136199479259652  -29778.31483227016
-0.0218663699594566  0.03197547963654496  -28899.82770298797
-0.0225605681626371  0.03265211040523119  -28106.04107280915
-0.02316373343923033  0.03338809071428032  -27405.63676556557
-0.02366797371867889  0.03417839555300562  -26805.92771111206
-0.02406694658528231  0.03501686710313341  -26312.57489908895
-0.02435609692471302  0.03589636605223515  -25929.37927138667
-0.02453282050498871  0.03680897119469801  -25658.16112670587
-0.02459654169320335  0.03774621582011491  -25498.73230028697
-0.02454870048078809  0.03869934620627376  -25448.96092307622
-0.02439265146953503  0.03965958589636686  -25504.92249533544
-0.02413348448105165  0.04061838953766934  -25661.12420407262
-0.02377778212020163  0.04156767180559895  -25910.78329195674
-0.02333333333333333  0.0425  -26246.13651949493

-0.0155  0.031  -36027.8156759171
-0.01643952182661176  0.03140811442677263  -34956.94963444047
-0.01732358937709636  0.03188689609268382  -33946.08393663848
-0.0181401186036779  0.03243580099176981  -33007.28162509711
-0.01887749305021131  0.03305283348135852  -32151.95711165635
-0.01952499713556221  0.0337344909263987  -31390.46744250479
-0.02007324324598662  0.0344757803722484  -30731.72304366832
-0.020514561336151  0.03527031295207887  -30182.83301945601
-0.02084332033192265  0.03611047483016197  -29748.81478383556
-0.02105615504802079  0.03698766608855793  -29432.40163758125
-0.02115208023019239  0.0378925921682314  -29233.9720135689
-0.02113248368760856  0.03881558733248484  -29151.60723247697
-0.02100100179467849  0.0397469469243269  -29181.26805741667
-0.0207632912389747  0.04067724529526181  -29317.06792459553
-0.02042671928455864  0.04159761904152577  -29551.61346957548
-0.02  0.0425  -29876.38056460644

-0.01166666666666667  0.03166666666666667  -40457.01703620638
-0.01261771255842489  0.0320050014414569  -39352.55183679937
-0.01352128975434145  0.03241675875605522  -38300.73118937414
-0.01436419755920829  0.0329022582772443  -37315.04490182921
-0.01513351189626645  0.03346018320928286  -36408.59462169441
-0.01581710286534338  0.03408747483469168  -35593.54176283059
-0.01640416019690791  0.03477931623053482  -34880.56031774639
-0.01688568502372938  0.03552921607581654  -34278.35894386052
-0.01725490554174096  0.03632919386484162  -33793.31143218512
-0.01750757904423356  0.03717005706640705  -33429.21679567288
-0.01764215319595993  0.03804175055102752  -33187.20135523251
-0.01765977381853669  0.03893375070753503  -33065.76726604187
-0.01756414256002202  0.03983547244567405  -33060.98041550109
-0.01736124295479987  0.04073665735704846  -33166.77689446855
-0.01705896517375495  0.0416277154413387  -33375.35524135689
-0.01666666666666667  0.0425  -33677.61494520322

-0.007833333333333336  0.03233333333333334  -45065.82786393276
-0.008776819752407183  0.03260486890731655  -43952.7153016482
-0.009682880167551098  0.03295165345888074  -42881.65025767568
-0.01053760704205955  0.0333749750009867  -41867.58523959351
-0.0113271013242526  0.03387432533423573  -40925.146211491
-0.01203806008380338  0.03444723193492735  -40068.12030043461
-0.01265839362776829  0.03508919596214511  -39308.90503344185
-0.01317782021625592  0.0357937546542646  -38657.95075778867
-0.01358838296846178  0.03655267368106938  -38123.26401030996
-0.01388483810726434  0.03735626000000144  -37710.04341609383
-0.01406487632240293  0.03819377104264166  -37420.49653405087
-0.01412915787373037  0.03905388441054313  -37253.85350838747
-0.01408116375796953  0.03992518590009302  -37206.56396706169
-0.0139268858435002  0.04079663364775635  -37272.64242829573
-0.01367439477033471  0.0416579621222735  -37444.11557478406
-0.01333333333333334  0.0425  -37711.52150141449

-0.003999999999999998  0.033  -49846.11480696503
-0.00491670011532847  0.03320773920376992  -48771.00776450802
-0.005807843764766811  0.03349165222614064  -47720.11533027311
-0.006659320254585654  0.03385407800813945  -46710.23812663427
-0.007456686727081622  0.0342954311753938  -45758.17054146906
-0.008185801115476898  0.03481395906555728  -44880.00283206512
-0.008833514132925435  0.03540562054691999  -44090.39972777935
-0.009388359564232399  0.03606411470945071  -43401.94231417924
-0.009841174334211453  0.03678107142858422  -42824.58046079718
-0.01018558262265892  0.03754639565566466  -42365.22931303833
-0.01041829232878878  0.03834873681996776  -42027.54175472566
-0.01053917533473348  0.03917603813750925  -41811.87952869123
-0.01055113079297987  0.04001611136059696  -41715.48479193718
-0.01045975745984703  0.04085718224335097  -41732.82807237078
-0.01027288180521144  0.04168836021275129  -41856.08675638543
-0.009999999999999998  0.0425  -42075.69642032692

-0.0001666666666666657  0.03366666666666667  -54615.96152153349
-0.001037208915757704  0.03381363493485234  -53685.22066620409
-0.001895653782948984  0.03403682846395616  -52746.75296680461
-0.002728282466908751  0.03433969759444491  -51820.34909660216
-0.003520640095289886  0.03472367786217762  -50925.64204418936
-0.004258177381783051  0.03518786076684331  -50081.62080520928
-0.004926988590335344  0.03572879954494938  -49306.00218246511
-0.005514579685979567  0.03634049054174866  -48614.4992252712
-0.006010586622679759  0.03701455125059763  -48020.10381356649
-0.006407362666013914  0.03774058995548692  -47532.50764067474
-0.006700367350746861  0.03850673431440951  -47157.74698045825
-0.006888316149999556  0.03930026326985999  -46898.10742732384
-0.00697308364547689  0.04010827355506316  -46752.28175107256
-0.006959386490826412  0.04091831137466138  -46715.74183232851
-0.00685429874196519  0.04171891085251893  -46781.26559083004
-0.006666666666666665  0.0425  -46939.55225660167

0.003666666666666667  0.03433333333333333  -58576.62879434208
0.002861800034026077  0.03442257893204134  -58043.61389978245
0.002054226690734401  0.03458725699285472  -57453.84884916301
0.001256589939393865  0.03483196762438334  -56825.8119707606
0.0004827222662299193  0.03515924858267373  -56180.12469253274
-0.0002529554050089009  0.03556914966126996  -55538.300784455
-0.0009361745670042557  0.03605895155939819  -54921.47440529033
-0.001553634640443543  0.03662308519556263  -54349.23666460994
-0.002093805624703715  0.0372532846771995  -53838.63085771906
-0.002547622592175516  0.03793897425543132  -53403.34516939182
-0.002908987157602375  0.03866785337262902  -53053.15620726051
-0.003175018617058638  0.03942661294651038  -52793.67081599536
-0.003346036001409243  0.04020169788865362  -52626.38121975399
-0.003425292542055974  0.04098002943111016  -52549.00627898769
-0.003418516760902531  0.04174961519279139  -52556.05652640574
-0.003333333333333333  0.0425  -52639.54124459112

0.0075  0.035  -60000.00000000005
0.006780474396396431  0.03503459425712446  -60000.00000000001
0.006042344964551727  0.03514301408200119  -60000
0.005296410467163092  0.03533102565419765  -60000.00000000001
0.004555142139655121  0.03560233284491301  -60000.00000000003
0.003832187426918489  0.03595804685672955  -60000
0.003141685641638108  0.03639630472961685  -60000
0.002497451045622782  0.03691211095680486  -60000.00000000002
0.001912110956804942  0.0374974510456227  -59999.99999999999
0.001396304729616938  0.03814168564163803  -60000.00000000004
0.0009580468567296224  0.03883218742691841  -60000
0.000602332844913074  0.03955514213965505  -60000.00000000002
0.0003310256541976931  0.04029641046716305  -59999.99999999999
0.0001430140820012242  0.0410423449645517  -60000.00000000001
3.459425712447158e-05  0.04178047439639642  -59999.99999999998
0  0.0425  -59999.99999999996

