# nurbs mesh v.2.1
#
# 31-Jan-2019
#
2 2 2 1 0 
PATCH 1 
1 1 
2 2 
0.000000000000000   0.000000000000000   1.000000000000000   1.000000000000000   
0.000000000000000   0.000000000000000   1.000000000000000   1.000000000000000   
0.000000000000000   0.000000000000000   1.000000000000000   1.000000000000000   
0.000000000000000   1.000000000000000   0.000000000000000   1.000000000000000   
1.000000000000000   1.000000000000000   1.000000000000000   1.000000000000000   
PATCH 2 
1 1 
2 2 
0.000000000000000   0.000000000000000   1.000000000000000   1.000000000000000   
0.000000000000000   0.000000000000000   1.000000000000000   1.000000000000000   
1.000000000000000   1.000000000000000   2.000000000000000   2.000000000000000   
0.000000000000000   1.000000000000000   0.000000000000000   1.000000000000000   
1.000000000000000   1.000000000000000   1.000000000000000   1.000000000000000   
INTERFACE 1 
1 4 
2 3 
1 
BOUNDARY 1 
1 
1 3 
BOUNDARY 2 
1 
2 4 
BOUNDARY 3 
4 
1 1 
1 2 
2 1 
2 2 
