  3.0787E-01  5.7399E-02  5.9775E-02  4.1592E-01  8.1349E-01  1.8110E-02 -6.8989E-01
  3.0884E-01  8.3522E-02  5.9605E-02  4.1488E-01  1.6458E+00  4.8239E-02 -1.4447E+00
  3.0981E-01  1.0330E-01  5.9346E-02  4.1317E-01  2.3416E+00  8.2254E-02 -2.0744E+00
  3.1076E-01  1.1965E-01  5.9022E-02  4.1095E-01  2.8972E+00  1.1626E-01 -2.5763E+00
  3.1173E-01  1.3430E-01  5.8635E-02  4.0824E-01  3.3440E+00  1.4957E-01 -2.9788E+00
  3.1269E-01  1.4724E-01  5.8213E-02  4.0525E-01  3.6795E+00  1.7992E-01 -3.2798E+00
  3.1367E-01  1.5945E-01  5.7746E-02  4.0191E-01  3.9348E+00  2.0827E-01 -3.5072E+00
  3.1462E-01  1.7044E-01  5.7271E-02  3.9850E-01  4.1092E+00  2.3275E-01 -3.6608E+00
  3.1559E-01  1.8093E-01  5.6770E-02  3.9489E-01  4.2257E+00  2.5463E-01 -3.7614E+00
  3.1654E-01  1.9070E-01  5.6267E-02  3.9127E-01  4.2909E+00  2.7328E-01 -3.8152E+00
  3.1752E-01  2.0022E-01  5.5745E-02  3.8752E-01  4.3166E+00  2.8963E-01 -3.8328E+00
  3.1847E-01  2.0901E-01  5.5241E-02  3.8388E-01  4.3101E+00  3.0297E-01 -3.8212E+00
  3.1943E-01  2.1756E-01  5.4731E-02  3.8022E-01  4.2788E+00  3.1430E-01 -3.7872E+00
  3.2041E-01  2.2586E-01  5.4221E-02  3.7656E-01  4.2279E+00  3.2374E-01 -3.7352E+00
  3.2136E-01  2.3367E-01  5.3731E-02  3.7305E-01  4.1639E+00  3.3122E-01 -3.6717E+00
  3.2234E-01  2.4148E-01  5.3232E-02  3.6948E-01  4.0866E+00  3.3739E-01 -3.5959E+00
  3.2328E-01  2.4881E-01  5.2759E-02  3.6611E-01  4.0038E+00  3.4202E-01 -3.5155E+00
  3.2426E-01  2.5613E-01  5.2283E-02  3.6272E-01  3.9129E+00  3.4561E-01 -3.4277E+00
  3.2523E-01  2.6321E-01  5.1820E-02  3.5944E-01  3.8186E+00  3.4815E-01 -3.3370E+00
  3.2619E-01  2.7005E-01  5.1374E-02  3.5628E-01  3.7230E+00  3.4980E-01 -3.2453E+00
  3.2714E-01  2.7664E-01  5.0944E-02  3.5325E-01  3.6277E+00  3.5071E-01 -3.1539E+00
  3.2810E-01  2.8323E-01  5.0516E-02  3.5024E-01  3.5302E+00  3.5102E-01 -3.0606E+00
  3.2909E-01  2.8982E-01  5.0090E-02  3.4726E-01  3.4315E+00  3.5080E-01 -2.9662E+00
  3.3002E-01  2.9592E-01  4.9700E-02  3.4454E-01  3.3397E+00  3.5018E-01 -2.8785E+00
  3.3101E-01  3.0227E-01  4.9297E-02  3.4174E-01  3.2446E+00  3.4918E-01 -2.7875E+00
  3.3198E-01  3.0838E-01  4.8914E-02  3.3908E-01  3.1539E+00  3.4791E-01 -2.7007E+00
  3.3292E-01  3.1424E-01  4.8550E-02  3.3657E-01  3.0679E+00  3.4646E-01 -2.6183E+00
  3.3388E-01  3.2009E-01  4.8191E-02  3.3410E-01  2.9833E+00  3.4482E-01 -2.5372E+00
  3.3485E-01  3.2595E-01  4.7836E-02  3.3167E-01  2.9004E+00  3.4302E-01 -2.4576E+00
  3.3584E-01  3.3181E-01  4.7486E-02  3.2929E-01  2.8193E+00  3.4110E-01 -2.3798E+00
  3.3680E-01  3.3743E-01  4.7156E-02  3.2704E-01  2.7436E+00  3.3917E-01 -2.3069E+00
  3.3777E-01  3.4304E-01  4.6830E-02  3.2484E-01  2.6699E+00  3.3718E-01 -2.2358E+00
  3.3871E-01  3.4841E-01  4.6523E-02  3.2277E-01  2.6014E+00  3.3523E-01 -2.1696E+00
  3.3970E-01  3.5403E-01  4.6207E-02  3.2065E-01  2.5319E+00  3.3317E-01 -2.1024E+00
  3.4066E-01  3.5940E-01  4.5909E-02  3.1866E-01  2.4677E+00  3.3120E-01 -2.0401E+00
  3.4163E-01  3.6477E-01  4.5615E-02  3.1671E-01  2.4056E+00  3.2924E-01 -1.9797E+00
  3.4256E-01  3.6990E-01  4.5340E-02  3.1489E-01  2.3483E+00  3.2739E-01 -1.9239E+00
  3.4355E-01  3.7527E-01  4.5055E-02  3.1301E-01  2.2905E+00  3.2549E-01 -1.8674E+00
  3.4450E-01  3.8040E-01  4.4787E-02  3.1126E-01  2.2374E+00  3.2371E-01 -1.8153E+00
  3.4546E-01  3.8552E-01  4.4523E-02  3.0954E-01  2.1862E+00  3.2199E-01 -1.7650E+00
  3.4643E-01  3.9065E-01  4.4263E-02  3.0785E-01  2.1371E+00  3.2031E-01 -1.7166E+00
  3.4741E-01  3.9578E-01  4.4007E-02  3.0620E-01  2.0899E+00  3.1870E-01 -1.6699E+00
  3.4835E-01  4.0066E-01  4.3767E-02  3.0465E-01  2.0467E+00  3.1722E-01 -1.6272E+00
  3.4929E-01  4.0554E-01  4.3529E-02  3.0314E-01  2.0053E+00  3.1581E-01 -1.5859E+00
  3.5029E-01  4.1067E-01  4.3284E-02  3.0157E-01  1.9636E+00  3.1439E-01 -1.5444E+00
  3.5125E-01  4.1555E-01  4.3053E-02  3.0011E-01  1.9256E+00  3.1311E-01 -1.5063E+00
  3.5221E-01  4.2044E-01  4.2825E-02  2.9868E-01  1.8893E+00  3.1189E-01 -1.4698E+00
  3.5318E-01  4.2532E-01  4.2600E-02  2.9727E-01  1.8545E+00  3.1075E-01 -1.4347E+00
  3.5416E-01  4.3020E-01  4.2378E-02  2.9589E-01  1.8213E+00  3.0967E-01 -1.4011E+00
  3.5509E-01  4.3484E-01  4.2169E-02  2.9459E-01  1.7911E+00  3.0871E-01 -1.3705E+00
  3.5608E-01  4.3972E-01  4.1952E-02  2.9326E-01  1.7608E+00  3.0777E-01 -1.3397E+00
  3.5702E-01  4.4436E-01  4.1748E-02  2.9200E-01  1.7334E+00  3.0695E-01 -1.3117E+00
  3.5797E-01  4.4900E-01  4.1546E-02  2.9077E-01  1.7073E+00  3.0619E-01 -1.2849E+00
  3.5897E-01  4.5388E-01  4.1336E-02  2.8950E-01  1.6811E+00  3.0545E-01 -1.2580E+00
  3.5993E-01  4.5852E-01  4.1138E-02  2.8830E-01  1.6575E+00  3.0482E-01 -1.2337E+00
  3.6089E-01  4.6316E-01  4.0942E-02  2.8713E-01  1.6350E+00  3.0425E-01 -1.2104E+00
  3.6186E-01  4.6780E-01  4.0748E-02  2.8597E-01  1.6135E+00  3.0373E-01 -1.1883E+00
  3.6278E-01  4.7219E-01  4.0566E-02  2.8488E-01  1.5942E+00  3.0329E-01 -1.1682E+00
  3.6376E-01  4.7683E-01  4.0375E-02  2.8375E-01  1.5747E+00  3.0287E-01 -1.1480E+00
  3.6474E-01  4.8147E-01  4.0185E-02  2.8263E-01  1.5562E+00  3.0250E-01 -1.1287E+00
  3.6567E-01  4.8587E-01  4.0007E-02  2.8159E-01  1.5396E+00  3.0220E-01 -1.1113E+00
  3.6666E-01  4.9050E-01  3.9820E-02  2.8050E-01  1.5229E+00  3.0193E-01 -1.0938E+00
  3.6760E-01  4.9490E-01  3.9644E-02  2.7948E-01  1.5078E+00  3.0171E-01 -1.0781E+00
  3.6860E-01  4.9954E-01  3.9459E-02  2.7841E-01  1.4927E+00  3.0153E-01 -1.0623E+00
  3.6954E-01  5.0393E-01  3.9285E-02  2.7741E-01  1.4791E+00  3.0139E-01 -1.0481E+00
  3.7050E-01  5.0833E-01  3.9112E-02  2.7642E-01  1.4660E+00  3.0127E-01 -1.0344E+00
  3.7145E-01  5.1272E-01  3.8940E-02  2.7543E-01  1.4534E+00  3.0118E-01 -1.0213E+00
  3.7241E-01  5.1712E-01  3.8768E-02  2.7446E-01  1.4412E+00  3.0110E-01 -1.0084E+00
  3.7343E-01  5.2175E-01  3.8588E-02  2.7344E-01  1.4286E+00  3.0103E-01 -9.9514E-01
  3.7434E-01  5.2591E-01  3.8428E-02  2.7254E-01  1.4173E+00  3.0096E-01 -9.8330E-01
  3.7531E-01  5.3030E-01  3.8259E-02  2.7159E-01  1.4054E+00  3.0087E-01 -9.7068E-01
  3.7628E-01  5.3469E-01  3.8091E-02  2.7066E-01  1.3934E+00  3.0077E-01 -9.5781E-01
  3.7726E-01  5.3909E-01  3.7923E-02  2.6973E-01  1.3811E+00  3.0064E-01 -9.4451E-01
  3.7823E-01  5.4348E-01  3.7757E-02  2.6881E-01  1.3683E+00  3.0047E-01 -9.3054E-01
  3.7916E-01  5.4763E-01  3.7601E-02  2.6795E-01  1.3556E+00  3.0027E-01 -9.1645E-01
  3.8015E-01  5.5203E-01  3.7437E-02  2.6706E-01  1.3412E+00  2.9999E-01 -9.0017E-01
  3.8113E-01  5.5642E-01  3.7275E-02  2.6618E-01  1.3254E+00  2.9963E-01 -8.8200E-01
  3.8207E-01  5.6057E-01  3.7123E-02  2.6536E-01  1.3090E+00  2.9919E-01 -8.6255E-01
  3.8301E-01  5.6472E-01  3.6974E-02  2.6456E-01  1.2906E+00  2.9865E-01 -8.4034E-01
  3.8401E-01  5.6912E-01  3.6818E-02  2.6374E-01  1.2687E+00  2.9795E-01 -8.1324E-01
  3.8495E-01  5.7327E-01  3.6673E-02  2.6298E-01  1.2456E+00  2.9716E-01 -7.8379E-01
  3.8595E-01  5.7766E-01  3.6524E-02  2.6221E-01  1.2186E+00  2.9620E-01 -7.4809E-01
  3.8690E-01  5.8181E-01  3.6388E-02  2.6152E-01  1.1906E+00  2.9519E-01 -7.0982E-01
  3.8785E-01  5.8596E-01  3.6256E-02  2.6087E-01  1.1605E+00  2.9409E-01 -6.6698E-01
  3.8880E-01  5.9011E-01  3.6128E-02  2.6025E-01  1.1287E+00  2.9294E-01 -6.1964E-01
  3.8976E-01  5.9426E-01  3.6007E-02  2.5969E-01  1.0962E+00  2.9177E-01 -5.6821E-01
  3.9077E-01  5.9866E-01  3.5885E-02  2.5914E-01  1.0619E+00  2.9056E-01 -5.1019E-01
  3.9173E-01  6.0281E-01  3.5777E-02  2.5868E-01  1.0311E+00  2.8950E-01 -4.5330E-01
  3.9269E-01  6.0696E-01  3.5675E-02  2.5827E-01  1.0028E+00  2.8854E-01 -3.9588E-01
  3.9365E-01  6.1111E-01  3.5580E-02  2.5792E-01  9.7815E-01  2.8774E-01 -3.3950E-01
  3.9461E-01  6.1526E-01  3.5491E-02  2.5762E-01  9.5767E-01  2.8711E-01 -2.8562E-01
  3.9557E-01  6.1941E-01  3.5408E-02  2.5737E-01  9.4150E-01  2.8667E-01 -2.3547E-01
  3.9653E-01  6.2356E-01  3.5331E-02  2.5716E-01  9.2938E-01  2.8639E-01 -1.8991E-01
  3.9750E-01  6.2771E-01  3.5258E-02  2.5700E-01  9.2078E-01  2.8626E-01 -1.4943E-01
  3.9846E-01  6.3186E-01  3.5190E-02  2.5687E-01  9.1502E-01  2.8625E-01 -1.1413E-01
  3.9943E-01  6.3601E-01  3.5125E-02  2.5678E-01  9.1141E-01  2.8632E-01 -8.3786E-02
  4.0039E-01  6.4016E-01  3.5063E-02  2.5671E-01  9.0933E-01  2.8646E-01 -5.7991E-02
  4.0136E-01  6.4431E-01  3.5004E-02  2.5666E-01  9.0830E-01  2.8662E-01 -3.6197E-02
  4.0232E-01  6.4846E-01  3.4947E-02  2.5664E-01  9.0794E-01  2.8679E-01 -1.7824E-02
  4.0329E-01  6.5261E-01  3.4891E-02  2.5663E-01  9.0799E-01  2.8697E-01 -2.3114E-03
  4.0426E-01  6.5676E-01  3.4837E-02  2.5663E-01  9.0827E-01  2.8713E-01  1.0848E-02
  4.0517E-01  6.6067E-01  3.4787E-02  2.5665E-01  9.0865E-01  2.8727E-01  2.1478E-02
  4.0613E-01  6.6482E-01  3.4735E-02  2.5667E-01  9.0911E-01  2.8741E-01  3.1256E-02
  4.0710E-01  6.6897E-01  3.4683E-02  2.5671E-01  9.0957E-01  2.8753E-01  3.9768E-02
  4.0806E-01  6.7312E-01  3.4632E-02  2.5675E-01  9.1001E-01  2.8763E-01  4.7257E-02
  4.0903E-01  6.7727E-01  3.4581E-02  2.5680E-01  9.1042E-01  2.8772E-01  5.3916E-02
  4.1000E-01  6.8142E-01  3.4530E-02  2.5685E-01  9.1079E-01  2.8780E-01  5.9901E-02
  4.1096E-01  6.8557E-01  3.4480E-02  2.5691E-01  9.1112E-01  2.8786E-01  6.5333E-02
  4.1193E-01  6.8972E-01  3.4430E-02  2.5698E-01  9.1141E-01  2.8791E-01  7.0311E-02
  4.1290E-01  6.9387E-01  3.4381E-02  2.5705E-01  9.1165E-01  2.8796E-01  7.4914E-02
  4.1386E-01  6.9802E-01  3.4331E-02  2.5712E-01  9.1186E-01  2.8799E-01  7.9205E-02
  4.1483E-01  7.0218E-01  3.4281E-02  2.5720E-01  9.1203E-01  2.8801E-01  8.3239E-02
  4.1579E-01  7.0633E-01  3.4232E-02  2.5728E-01  9.1216E-01  2.8803E-01  8.7059E-02
  4.1676E-01  7.1048E-01  3.4182E-02  2.5737E-01  9.1227E-01  2.8804E-01  9.0702E-02
  4.1773E-01  7.1463E-01  3.4133E-02  2.5746E-01  9.1235E-01  2.8805E-01  9.4201E-02
  4.1869E-01  7.1878E-01  3.4083E-02  2.5755E-01  9.1240E-01  2.8805E-01  9.7583E-02
  4.1966E-01  7.2293E-01  3.4034E-02  2.5765E-01  9.1244E-01  2.8804E-01  1.0087E-01
  4.2063E-01  7.2708E-01  3.3984E-02  2.5775E-01  9.1245E-01  2.8804E-01  1.0408E-01
  4.2159E-01  7.3123E-01  3.3935E-02  2.5785E-01  9.1245E-01  2.8803E-01  1.0724E-01
  4.2256E-01  7.3538E-01  3.3885E-02  2.5796E-01  9.1244E-01  2.8802E-01  1.1035E-01
  4.2347E-01  7.3928E-01  3.3838E-02  2.5806E-01  9.1242E-01  2.8800E-01  1.1325E-01
  4.2443E-01  7.4343E-01  3.3789E-02  2.5817E-01  9.1240E-01  2.8799E-01  1.1630E-01
  4.2540E-01  7.4759E-01  3.3739E-02  2.5828E-01  9.1237E-01  2.8798E-01  1.1935E-01
  4.2637E-01  7.5174E-01  3.3689E-02  2.5840E-01  9.1233E-01  2.8796E-01  1.2238E-01
  4.2733E-01  7.5589E-01  3.3639E-02  2.5852E-01  9.1230E-01  2.8794E-01  1.2541E-01
  4.2830E-01  7.6004E-01  3.3589E-02  2.5864E-01  9.1226E-01  2.8793E-01  1.2843E-01
  4.2927E-01  7.6419E-01  3.3539E-02  2.5877E-01  9.1222E-01  2.8791E-01  1.3146E-01
  4.3023E-01  7.6834E-01  3.3489E-02  2.5889E-01  9.1219E-01  2.8790E-01  1.3450E-01
  4.3120E-01  7.7249E-01  3.3439E-02  2.5903E-01  9.1215E-01  2.8788E-01  1.3753E-01
  4.3216E-01  7.7664E-01  3.3389E-02  2.5916E-01  9.1212E-01  2.8787E-01  1.4058E-01
  4.3313E-01  7.8079E-01  3.3339E-02  2.5930E-01  9.1209E-01  2.8786E-01  1.4362E-01
  4.3410E-01  7.8494E-01  3.3289E-02  2.5944E-01  9.1207E-01  2.8784E-01  1.4668E-01
  4.3506E-01  7.8909E-01  3.3239E-02  2.5958E-01  9.1204E-01  2.8783E-01  1.4974E-01
  4.3603E-01  7.9324E-01  3.3189E-02  2.5973E-01  9.1202E-01  2.8782E-01  1.5280E-01
  4.3700E-01  7.9739E-01  3.3138E-02  2.5988E-01  9.1201E-01  2.8781E-01  1.5587E-01
  4.3796E-01  8.0154E-01  3.3088E-02  2.6003E-01  9.1199E-01  2.8780E-01  1.5894E-01
  4.3893E-01  8.0569E-01  3.3038E-02  2.6018E-01  9.1198E-01  2.8779E-01  1.6202E-01
  4.3989E-01  8.0984E-01  3.2987E-02  2.6034E-01  9.1198E-01  2.8778E-01  1.6510E-01
  4.4086E-01  8.1399E-01  3.2937E-02  2.6050E-01  9.1197E-01  2.8777E-01  1.6818E-01
  4.4183E-01  8.1814E-01  3.2886E-02  2.6067E-01  9.1197E-01  2.8776E-01  1.7126E-01
  4.4274E-01  8.2205E-01  3.2839E-02  2.6082E-01  9.1198E-01  2.8776E-01  1.7417E-01
  4.4370E-01  8.2620E-01  3.2788E-02  2.6099E-01  9.1198E-01  2.8775E-01  1.7725E-01
  4.4467E-01  8.3035E-01  3.2738E-02  2.6117E-01  9.1199E-01  2.8774E-01  1.8034E-01
  4.4563E-01  8.3450E-01  3.2687E-02  2.6134E-01  9.1201E-01  2.8774E-01  1.8343E-01
  4.4660E-01  8.3865E-01  3.2637E-02  2.6152E-01  9.1202E-01  2.8773E-01  1.8652E-01
  4.4757E-01  8.4280E-01  3.2586E-02  2.6170E-01  9.1204E-01  2.8773E-01  1.8960E-01
  4.4853E-01  8.4695E-01  3.2536E-02  2.6189E-01  9.1206E-01  2.8772E-01  1.9268E-01
  4.4950E-01  8.5110E-01  3.2485E-02  2.6207E-01  9.1207E-01  2.8772E-01  1.9576E-01
  4.5047E-01  8.5525E-01  3.2434E-02  2.6227E-01  9.1209E-01  2.8771E-01  1.9883E-01
  4.5143E-01  8.5940E-01  3.2383E-02  2.6246E-01  9.1211E-01  2.8771E-01  2.0189E-01
  4.5240E-01  8.6355E-01  3.2333E-02  2.6266E-01  9.1213E-01  2.8771E-01  2.0494E-01
  4.5336E-01  8.6770E-01  3.2282E-02  2.6285E-01  9.1215E-01  2.8770E-01  2.0799E-01
  4.5433E-01  8.7185E-01  3.2231E-02  2.6306E-01  9.1217E-01  2.8770E-01  2.1103E-01
  4.5530E-01  8.7600E-01  3.2180E-02  2.6326E-01  9.1219E-01  2.8769E-01  2.1407E-01
  4.5626E-01  8.8015E-01  3.2129E-02  2.6347E-01  9.1221E-01  2.8769E-01  2.1710E-01
  4.5723E-01  8.8430E-01  3.2079E-02  2.6368E-01  9.1223E-01  2.8768E-01  2.2012E-01
  4.5820E-01  8.8845E-01  3.2028E-02  2.6390E-01  9.1225E-01  2.8768E-01  2.2313E-01
  4.5916E-01  8.9261E-01  3.1977E-02  2.6411E-01  9.1228E-01  2.8767E-01  2.2614E-01
  4.6013E-01  8.9676E-01  3.1926E-02  2.6433E-01  9.1230E-01  2.8767E-01  2.2914E-01
  4.6104E-01  9.0066E-01  3.1878E-02  2.6454E-01  9.1232E-01  2.8767E-01  2.3195E-01
  4.6200E-01  9.0481E-01  3.1827E-02  2.6477E-01  9.1235E-01  2.8766E-01  2.3494E-01
  4.6297E-01  9.0896E-01  3.1776E-02  2.6500E-01  9.1237E-01  2.8766E-01  2.3792E-01
  4.6394E-01  9.1311E-01  3.1725E-02  2.6523E-01  9.1240E-01  2.8765E-01  2.4088E-01
  4.6490E-01  9.1726E-01  3.1674E-02  2.6546E-01  9.1242E-01  2.8765E-01  2.4385E-01
  4.6587E-01  9.2141E-01  3.1622E-02  2.6570E-01  9.1245E-01  2.8764E-01  2.4680E-01
  4.6683E-01  9.2556E-01  3.1571E-02  2.6594E-01  9.1248E-01  2.8764E-01  2.4975E-01
  4.6780E-01  9.2971E-01  3.1520E-02  2.6618E-01  9.1250E-01  2.8764E-01  2.5269E-01
  4.6877E-01  9.3386E-01  3.1469E-02  2.6643E-01  9.1253E-01  2.8763E-01  2.5562E-01
  4.6973E-01  9.3802E-01  3.1418E-02  2.6668E-01  9.1256E-01  2.8763E-01  2.5854E-01
  4.7070E-01  9.4217E-01  3.1366E-02  2.6693E-01  9.1259E-01  2.8762E-01  2.6146E-01
  4.7167E-01  9.4632E-01  3.1315E-02  2.6718E-01  9.1262E-01  2.8762E-01  2.6436E-01
  4.7263E-01  9.5047E-01  3.1264E-02  2.6744E-01  9.1265E-01  2.8761E-01  2.6726E-01
  4.7360E-01  9.5462E-01  3.1212E-02  2.6770E-01  9.1268E-01  2.8761E-01  2.7016E-01
  4.7456E-01  9.5877E-01  3.1161E-02  2.6796E-01  9.1271E-01  2.8761E-01  2.7304E-01
  4.7553E-01  9.6292E-01  3.1110E-02  2.6823E-01  9.1274E-01  2.8760E-01  2.7591E-01
  4.7650E-01  9.6707E-01  3.1058E-02  2.6849E-01  9.1277E-01  2.8760E-01  2.7878E-01
  4.7746E-01  9.7122E-01  3.1007E-02  2.6876E-01  9.1280E-01  2.8759E-01  2.8164E-01
  4.7843E-01  9.7537E-01  3.0955E-02  2.6904E-01  9.1283E-01  2.8759E-01  2.8449E-01
  4.7940E-01  9.7952E-01  3.0904E-02  2.6931E-01  9.1286E-01  2.8758E-01  2.8733E-01
  4.8030E-01  9.8343E-01  3.0855E-02  2.6958E-01  9.1290E-01  2.8758E-01  2.8999E-01
  4.8127E-01  9.8758E-01  3.0804E-02  2.6986E-01  9.1293E-01  2.8758E-01  2.9282E-01
  4.8224E-01  9.9173E-01  3.0752E-02  2.7014E-01  9.1296E-01  2.8757E-01  2.9564E-01
  4.8320E-01  9.9588E-01  3.0700E-02  2.7043E-01  9.1300E-01  2.8757E-01  2.9844E-01
  4.8417E-01  1.0000E+00  3.0649E-02  2.7072E-01  9.1303E-01  2.8756E-01  3.0124E-01
  4.8514E-01  1.0042E+00  3.0597E-02  2.7101E-01  9.1307E-01  2.8756E-01  3.0403E-01
  4.8610E-01  1.0083E+00  3.0545E-02  2.7131E-01  9.1310E-01  2.8755E-01  3.0681E-01
  4.8707E-01  1.0125E+00  3.0494E-02  2.7160E-01  9.1314E-01  2.8755E-01  3.0959E-01
  4.8803E-01  1.0166E+00  3.0442E-02  2.7190E-01  9.1317E-01  2.8755E-01  3.1235E-01
  4.8900E-01  1.0208E+00  3.0390E-02  2.7221E-01  9.1321E-01  2.8754E-01  3.1510E-01
  4.8997E-01  1.0249E+00  3.0338E-02  2.7251E-01  9.1325E-01  2.8754E-01  3.1785E-01
  4.9093E-01  1.0291E+00  3.0287E-02  2.7282E-01  9.1329E-01  2.8753E-01  3.2059E-01
  4.9190E-01  1.0332E+00  3.0235E-02  2.7313E-01  9.1332E-01  2.8753E-01  3.2332E-01
  4.9286E-01  1.0374E+00  3.0183E-02  2.7345E-01  9.1336E-01  2.8752E-01  3.2603E-01
  4.9383E-01  1.0415E+00  3.0131E-02  2.7376E-01  9.1340E-01  2.8752E-01  3.2874E-01
  4.9480E-01  1.0457E+00  3.0079E-02  2.7408E-01  9.1344E-01  2.8751E-01  3.3145E-01
  4.9576E-01  1.0498E+00  3.0027E-02  2.7440E-01  9.1348E-01  2.8751E-01  3.3414E-01
  4.9673E-01  1.0540E+00  2.9975E-02  2.7473E-01  9.1352E-01  2.8751E-01  3.3682E-01
  4.9770E-01  1.0581E+00  2.9923E-02  2.7505E-01  9.1356E-01  2.8750E-01  3.3949E-01
  4.9866E-01  1.0623E+00  2.9871E-02  2.7538E-01  9.1360E-01  2.8750E-01  3.4216E-01
  4.9957E-01  1.0662E+00  2.9822E-02  2.7570E-01  9.1364E-01  2.8749E-01  3.4466E-01
  5.0054E-01  1.0703E+00  2.9770E-02  2.7603E-01  9.1368E-01  2.8749E-01  3.4730E-01
  5.0150E-01  1.0745E+00  2.9718E-02  2.7637E-01  9.1372E-01  2.8748E-01  3.4994E-01
  5.0247E-01  1.0786E+00  2.9666E-02  2.7671E-01  9.1377E-01  2.8748E-01  3.5257E-01
  5.0344E-01  1.0828E+00  2.9613E-02  2.7705E-01  9.1381E-01  2.8747E-01  3.5519E-01
  5.0440E-01  1.0869E+00  2.9561E-02  2.7739E-01  9.1385E-01  2.8747E-01  3.5780E-01
  5.0537E-01  1.0911E+00  2.9509E-02  2.7774E-01  9.1390E-01  2.8747E-01  3.6040E-01
  5.0633E-01  1.0952E+00  2.9457E-02  2.7809E-01  9.1394E-01  2.8746E-01  3.6299E-01
  5.0730E-01  1.0994E+00  2.9405E-02  2.7844E-01  9.1398E-01  2.8746E-01  3.6557E-01
  5.0827E-01  1.1035E+00  2.9352E-02  2.7880E-01  9.1403E-01  2.8745E-01  3.6814E-01
  5.0923E-01  1.1077E+00  2.9300E-02  2.7915E-01  9.1407E-01  2.8745E-01  3.7070E-01
  5.1020E-01  1.1118E+00  2.9248E-02  2.7951E-01  9.1412E-01  2.8744E-01  3.7326E-01
  5.1117E-01  1.1160E+00  2.9195E-02  2.7987E-01  9.1416E-01  2.8744E-01  3.7580E-01
  5.1213E-01  1.1201E+00  2.9143E-02  2.8024E-01  9.1421E-01  2.8743E-01  3.7834E-01
  5.1310E-01  1.1243E+00  2.9090E-02  2.8060E-01  9.1426E-01  2.8743E-01  3.8086E-01
  5.1406E-01  1.1284E+00  2.9038E-02  2.8097E-01  9.1430E-01  2.8742E-01  3.8337E-01
  5.1503E-01  1.1326E+00  2.8985E-02  2.8135E-01  9.1435E-01  2.8742E-01  3.8588E-01
  5.1600E-01  1.1367E+00  2.8933E-02  2.8172E-01  9.1440E-01  2.8741E-01  3.8838E-01
  5.1696E-01  1.1409E+00  2.8880E-02  2.8210E-01  9.1444E-01  2.8741E-01  3.9086E-01
  5.1793E-01  1.1450E+00  2.8828E-02  2.8248E-01  9.1449E-01  2.8740E-01  3.9334E-01
  5.1884E-01  1.1490E+00  2.8778E-02  2.8283E-01  9.1454E-01  2.8740E-01  3.9566E-01
  5.1980E-01  1.1531E+00  2.8726E-02  2.8322E-01  9.1459E-01  2.8739E-01  3.9812E-01
  5.2077E-01  1.1573E+00  2.8673E-02  2.8360E-01  9.1463E-01  2.8739E-01  4.0057E-01
  5.2174E-01  1.1614E+00  2.8620E-02  2.8399E-01  9.1468E-01  2.8738E-01  4.0301E-01
  5.2270E-01  1.1656E+00  2.8568E-02  2.8438E-01  9.1473E-01  2.8738E-01  4.0544E-01
  5.2367E-01  1.1697E+00  2.8515E-02  2.8477E-01  9.1478E-01  2.8737E-01  4.0786E-01
  5.2464E-01  1.1739E+00  2.8462E-02  2.8517E-01  9.1483E-01  2.8737E-01  4.1027E-01
  5.2560E-01  1.1780E+00  2.8409E-02  2.8557E-01  9.1488E-01  2.8736E-01  4.1267E-01
  5.2657E-01  1.1822E+00  2.8356E-02  2.8597E-01  9.1493E-01  2.8736E-01  4.1506E-01
  5.2753E-01  1.1863E+00  2.8304E-02  2.8637E-01  9.1498E-01  2.8735E-01  4.1744E-01
  5.2850E-01  1.1905E+00  2.8251E-02  2.8677E-01  9.1504E-01  2.8735E-01  4.1982E-01
  5.2947E-01  1.1946E+00  2.8198E-02  2.8718E-01  9.1509E-01  2.8734E-01  4.2218E-01
  5.3043E-01  1.1988E+00  2.8145E-02  2.8759E-01  9.1514E-01  2.8734E-01  4.2453E-01
  5.3140E-01  1.2029E+00  2.8092E-02  2.8800E-01  9.1519E-01  2.8733E-01  4.2687E-01
  5.3237E-01  1.2071E+00  2.8039E-02  2.8841E-01  9.1524E-01  2.8733E-01  4.2921E-01
  5.3333E-01  1.2112E+00  2.7986E-02  2.8883E-01  9.1530E-01  2.8732E-01  4.3153E-01
  5.3430E-01  1.2154E+00  2.7933E-02  2.8925E-01  9.1535E-01  2.8732E-01  4.3385E-01
  5.3526E-01  1.2195E+00  2.7880E-02  2.8967E-01  9.1540E-01  2.8731E-01  4.3615E-01
  5.3623E-01  1.2237E+00  2.7827E-02  2.9009E-01  9.1546E-01  2.8731E-01  4.3845E-01
  5.3720E-01  1.2278E+00  2.7774E-02  2.9052E-01  9.1551E-01  2.8730E-01  4.4073E-01
  5.3811E-01  1.2317E+00  2.7724E-02  2.9092E-01  9.1556E-01  2.8730E-01  4.4287E-01
  5.3907E-01  1.2359E+00  2.7671E-02  2.9135E-01  9.1562E-01  2.8729E-01  4.4514E-01
  5.4004E-01  1.2400E+00  2.7618E-02  2.9178E-01  9.1567E-01  2.8729E-01  4.4740E-01
  5.4100E-01  1.2442E+00  2.7564E-02  2.9221E-01  9.1573E-01  2.8728E-01  4.4965E-01
  5.4197E-01  1.2483E+00  2.7511E-02  2.9265E-01  9.1578E-01  2.8728E-01  4.5189E-01
  5.4294E-01  1.2525E+00  2.7458E-02  2.9308E-01  9.1584E-01  2.8727E-01  4.5412E-01
  5.4390E-01  1.2566E+00  2.7405E-02  2.9352E-01  9.1589E-01  2.8726E-01  4.5633E-01
  5.4487E-01  1.2608E+00  2.7351E-02  2.9397E-01  9.1595E-01  2.8726E-01  4.5854E-01
  5.4584E-01  1.2649E+00  2.7298E-02  2.9441E-01  9.1600E-01  2.8725E-01  4.6074E-01
  5.4680E-01  1.2691E+00  2.7245E-02  2.9486E-01  9.1606E-01  2.8725E-01  4.6294E-01
  5.4777E-01  1.2732E+00  2.7191E-02  2.9531E-01  9.1612E-01  2.8724E-01  4.6512E-01
  5.4873E-01  1.2774E+00  2.7138E-02  2.9576E-01  9.1617E-01  2.8724E-01  4.6729E-01
  5.4970E-01  1.2815E+00  2.7085E-02  2.9621E-01  9.1623E-01  2.8723E-01  4.6945E-01
  5.5067E-01  1.2857E+00  2.7031E-02  2.9666E-01  9.1629E-01  2.8723E-01  4.7160E-01
  5.5163E-01  1.2898E+00  2.6978E-02  2.9712E-01  9.1635E-01  2.8722E-01  4.7375E-01
  5.5260E-01  1.2940E+00  2.6924E-02  2.9758E-01  9.1641E-01  2.8721E-01  4.7588E-01
  5.5356E-01  1.2981E+00  2.6871E-02  2.9804E-01  9.1646E-01  2.8721E-01  4.7801E-01
  5.5453E-01  1.3023E+00  2.6817E-02  2.9850E-01  9.1652E-01  2.8720E-01  4.8012E-01
  5.5550E-01  1.3064E+00  2.6763E-02  2.9897E-01  9.1658E-01  2.8720E-01  4.8223E-01
  5.5646E-01  1.3106E+00  2.6710E-02  2.9943E-01  9.1664E-01  2.8719E-01  4.8432E-01
  5.5737E-01  1.3145E+00  2.6659E-02  2.9988E-01  9.1670E-01  2.8718E-01  4.8629E-01
  5.5834E-01  1.3186E+00  2.6606E-02  3.0035E-01  9.1676E-01  2.8718E-01  4.8837E-01
  5.5931E-01  1.3228E+00  2.6552E-02  3.0082E-01  9.1682E-01  2.8717E-01  4.9044E-01
  5.6027E-01  1.3269E+00  2.6498E-02  3.0129E-01  9.1688E-01  2.8717E-01  4.9250E-01
  5.6124E-01  1.3311E+00  2.6445E-02  3.0177E-01  9.1694E-01  2.8716E-01  4.9455E-01
  5.6220E-01  1.3352E+00  2.6391E-02  3.0225E-01  9.1700E-01  2.8715E-01  4.9659E-01
  5.6317E-01  1.3394E+00  2.6337E-02  3.0273E-01  9.1706E-01  2.8715E-01  4.9862E-01
  5.6414E-01  1.3435E+00  2.6283E-02  3.0321E-01  9.1712E-01  2.8714E-01  5.0065E-01
  5.6510E-01  1.3477E+00  2.6230E-02  3.0370E-01  9.1718E-01  2.8714E-01  5.0266E-01
  5.6607E-01  1.3518E+00  2.6176E-02  3.0418E-01  9.1724E-01  2.8713E-01  5.0466E-01
  5.6703E-01  1.3560E+00  2.6122E-02  3.0467E-01  9.1730E-01  2.8712E-01  5.0666E-01
  5.6800E-01  1.3601E+00  2.6068E-02  3.0516E-01  9.1736E-01  2.8712E-01  5.0865E-01
  5.6897E-01  1.3643E+00  2.6014E-02  3.0566E-01  9.1743E-01  2.8711E-01  5.1063E-01
  5.6993E-01  1.3684E+00  2.5960E-02  3.0615E-01  9.1749E-01  2.8710E-01  5.1259E-01
  5.7090E-01  1.3726E+00  2.5906E-02  3.0665E-01  9.1755E-01  2.8710E-01  5.1455E-01
  5.7187E-01  1.3767E+00  2.5852E-02  3.0714E-01  9.1761E-01  2.8709E-01  5.1650E-01
  5.7283E-01  1.3809E+00  2.5798E-02  3.0764E-01  9.1767E-01  2.8709E-01  5.1844E-01
  5.7380E-01  1.3850E+00  2.5744E-02  3.0815E-01  9.1774E-01  2.8708E-01  5.2038E-01
  5.7476E-01  1.3892E+00  2.5690E-02  3.0865E-01  9.1780E-01  2.8707E-01  5.2230E-01
  5.7573E-01  1.3933E+00  2.5636E-02  3.0916E-01  9.1786E-01  2.8707E-01  5.2422E-01
  5.7664E-01  1.3972E+00  2.5585E-02  3.0963E-01  9.1792E-01  2.8706E-01  5.2601E-01
  5.7761E-01  1.4014E+00  2.5531E-02  3.1014E-01  9.1799E-01  2.8705E-01  5.2791E-01
  5.7857E-01  1.4055E+00  2.5477E-02  3.1065E-01  9.1805E-01  2.8705E-01  5.2980E-01
  5.7954E-01  1.4097E+00  2.5422E-02  3.1117E-01  9.1812E-01  2.8704E-01  5.3168E-01
  5.8050E-01  1.4138E+00  2.5368E-02  3.1168E-01  9.1818E-01  2.8703E-01  5.3355E-01
  5.8147E-01  1.4180E+00  2.5314E-02  3.1220E-01  9.1824E-01  2.8702E-01  5.3541E-01
  5.8244E-01  1.4221E+00  2.5260E-02  3.1272E-01  9.1831E-01  2.8702E-01  5.3726E-01
  5.8340E-01  1.4263E+00  2.5205E-02  3.1324E-01  9.1837E-01  2.8701E-01  5.3911E-01
  5.8437E-01  1.4304E+00  2.5151E-02  3.1376E-01  9.1844E-01  2.8700E-01  5.4094E-01
  5.8534E-01  1.4346E+00  2.5097E-02  3.1428E-01  9.1850E-01  2.8700E-01  5.4277E-01
  5.8630E-01  1.4387E+00  2.5042E-02  3.1481E-01  9.1857E-01  2.8699E-01  5.4459E-01
  5.8727E-01  1.4429E+00  2.4988E-02  3.1533E-01  9.1863E-01  2.8698E-01  5.4640E-01
  5.8823E-01  1.4470E+00  2.4934E-02  3.1586E-01  9.1870E-01  2.8698E-01  5.4820E-01
  5.8920E-01  1.4512E+00  2.4879E-02  3.1639E-01  9.1876E-01  2.8697E-01  5.5000E-01
  5.9017E-01  1.4554E+00  2.4825E-02  3.1692E-01  9.1883E-01  2.8696E-01  5.5178E-01
  5.9113E-01  1.4595E+00  2.4770E-02  3.1746E-01  9.1890E-01  2.8695E-01  5.5356E-01
  5.9210E-01  1.4637E+00  2.4716E-02  3.1799E-01  9.1896E-01  2.8695E-01  5.5533E-01
  5.9307E-01  1.4678E+00  2.4661E-02  3.1853E-01  9.1903E-01  2.8694E-01  5.5708E-01
  5.9403E-01  1.4720E+00  2.4607E-02  3.1907E-01  9.1910E-01  2.8693E-01  5.5884E-01
  5.9600E-01  1.4804E+00  2.4496E-02  3.2017E-01  9.1923E-01  2.8692E-01  5.6238E-01
